timestamp,PID,CPU,RAM
2021-07-29 09:43:06.837700,224137,0.0,0.0
2021-07-29 09:43:06.837700,224201,0.0,5.6
2021-07-29 09:43:06.994782,224137,0.0,0.0
2021-07-29 09:43:06.994782,224201,0.0,5.6
2021-07-29 09:43:07.151957,224137,0.0,0.0
2021-07-29 09:43:07.151957,224201,0.0,5.6
2021-07-29 09:43:07.308933,224137,0.0,0.0
2021-07-29 09:43:07.308933,224201,0.0,5.6
2021-07-29 09:43:07.465901,224137,0.0,0.0
2021-07-29 09:43:07.465901,224201,0.0,5.6
2021-07-29 09:43:07.622847,224137,0.0,0.0
2021-07-29 09:43:07.622847,224201,0.0,5.6
2021-07-29 09:43:07.779827,224137,0.0,0.0
2021-07-29 09:43:07.779827,224201,0.0,5.6
2021-07-29 09:43:07.936834,224137,0.0,0.0
2021-07-29 09:43:07.936834,224201,0.0,5.6
2021-07-29 09:43:08.093930,224137,0.0,0.0
2021-07-29 09:43:08.093930,224201,0.0,5.6
2021-07-29 09:43:08.250982,224137,0.0,0.0
2021-07-29 09:43:08.250982,224201,0.0,5.6
2021-07-29 09:43:08.407653,224137,0.0,0.0
2021-07-29 09:43:08.407653,224201,0.0,5.6
2021-07-29 09:43:08.564571,224137,0.0,0.0
2021-07-29 09:43:08.564571,224201,0.0,5.6
2021-07-29 09:43:08.721554,224137,0.0,0.0
2021-07-29 09:43:08.721554,224201,0.0,5.6
2021-07-29 09:43:08.878425,224137,0.0,0.0
2021-07-29 09:43:08.878425,224201,0.0,5.6
2021-07-29 09:43:09.035344,224137,0.0,0.0
2021-07-29 09:43:09.035344,224201,0.0,5.6
2021-07-29 09:43:09.192437,224137,0.0,0.0
2021-07-29 09:43:09.192437,224201,0.0,5.6
2021-07-29 09:43:09.349319,224137,0.0,0.0
2021-07-29 09:43:09.349319,224201,0.0,5.6
2021-07-29 09:43:09.506400,224201,20.0,5.6
2021-07-29 09:43:09.506400,224137,0.0,0.0
2021-07-29 09:43:09.662676,224137,0.0,0.0
2021-07-29 09:43:09.662676,224201,0.0,5.6
2021-07-29 09:43:09.819118,224137,0.0,0.0
2021-07-29 09:43:09.819118,224201,0.0,5.6
2021-07-29 09:43:09.977751,224137,0.0,0.0
2021-07-29 09:43:09.977751,224201,0.0,5.6
2021-07-29 09:43:10.135078,224137,0.0,0.0
2021-07-29 09:43:10.135078,224201,0.0,5.6
2021-07-29 09:43:10.292286,224137,0.0,0.0
2021-07-29 09:43:10.292286,224201,0.0,5.6
2021-07-29 09:43:10.449671,224137,0.0,0.0
2021-07-29 09:43:10.449671,224201,0.0,5.6
2021-07-29 09:43:10.606295,224137,0.0,0.0
2021-07-29 09:43:10.606295,224201,0.0,5.6
2021-07-29 09:43:10.762561,224137,0.0,0.0
2021-07-29 09:43:10.762561,224201,0.0,5.6
2021-07-29 09:43:10.919301,224137,0.0,0.0
2021-07-29 09:43:10.919301,224201,0.0,5.6
2021-07-29 09:43:11.074827,224137,0.0,0.0
2021-07-29 09:43:11.074827,224201,0.0,5.6
2021-07-29 09:43:11.231431,224137,0.0,0.0
2021-07-29 09:43:11.231431,224201,0.0,5.6
2021-07-29 09:43:11.386837,224137,0.0,0.0
2021-07-29 09:43:11.386837,224201,0.0,5.6
2021-07-29 09:43:11.542774,224137,0.0,0.0
2021-07-29 09:43:11.542774,224201,0.0,5.6
2021-07-29 09:43:11.700579,224137,0.0,0.0
2021-07-29 09:43:11.700579,224201,0.0,5.6
2021-07-29 09:43:11.856798,224137,0.0,0.0
2021-07-29 09:43:11.856798,224201,0.0,5.6
2021-07-29 09:43:12.013732,224137,0.0,0.0
2021-07-29 09:43:12.013732,224201,0.0,5.6
2021-07-29 09:43:12.170245,224137,0.0,0.0
2021-07-29 09:43:12.170245,224201,0.0,5.6
2021-07-29 09:43:12.327612,224137,0.0,0.0
2021-07-29 09:43:12.327612,224201,0.0,5.6
2021-07-29 09:43:12.484564,224201,6.7,5.6
2021-07-29 09:43:12.484564,224137,0.0,0.0
2021-07-29 09:43:12.641650,224137,0.0,0.0
2021-07-29 09:43:12.641650,224201,0.0,5.6
2021-07-29 09:43:12.798763,224137,0.0,0.0
2021-07-29 09:43:12.798763,224201,0.0,5.6
2021-07-29 09:43:12.955275,224137,0.0,0.0
2021-07-29 09:43:12.955275,224201,0.0,5.6
2021-07-29 09:43:13.112672,224201,6.7,5.6
2021-07-29 09:43:13.112672,224137,0.0,0.0
2021-07-29 09:43:13.269534,224137,0.0,0.0
2021-07-29 09:43:13.269534,224201,0.0,5.6
2021-07-29 09:43:13.426873,224137,0.0,0.0
2021-07-29 09:43:13.426873,224201,0.0,5.6
2021-07-29 09:43:13.584031,224137,0.0,0.0
2021-07-29 09:43:13.584031,224201,0.0,5.6
2021-07-29 09:43:13.741193,224137,0.0,0.0
2021-07-29 09:43:13.741193,224201,0.0,5.6
2021-07-29 09:43:13.898013,224137,0.0,0.0
2021-07-29 09:43:13.898013,224201,0.0,5.6
2021-07-29 09:43:14.054035,224137,0.0,0.0
2021-07-29 09:43:14.054035,224201,0.0,5.6
2021-07-29 09:43:14.211187,224137,0.0,0.0
2021-07-29 09:43:14.211187,224201,0.0,5.6
2021-07-29 09:43:14.367982,224137,0.0,0.0
2021-07-29 09:43:14.367982,224201,0.0,5.6
2021-07-29 09:43:14.524774,224137,0.0,0.0
2021-07-29 09:43:14.524774,224201,0.0,5.6
2021-07-29 09:43:14.682097,224137,0.0,0.0
2021-07-29 09:43:14.682097,224201,0.0,5.6
2021-07-29 09:43:14.839112,224137,0.0,0.0
2021-07-29 09:43:14.839112,224201,0.0,5.6
2021-07-29 09:43:14.996124,224137,0.0,0.0
2021-07-29 09:43:14.996124,224201,0.0,5.6
2021-07-29 09:43:15.153208,224137,0.0,0.0
2021-07-29 09:43:15.153208,224201,0.0,5.6
2021-07-29 09:43:15.310198,224137,0.0,0.0
2021-07-29 09:43:15.310198,224201,0.0,5.6
2021-07-29 09:43:15.467137,224137,0.0,0.0
2021-07-29 09:43:15.467137,224201,0.0,5.6
2021-07-29 09:43:15.624071,224137,0.0,0.0
2021-07-29 09:43:15.624071,224201,0.0,5.6
2021-07-29 09:43:15.781011,224137,0.0,0.0
2021-07-29 09:43:15.781011,224201,0.0,5.6
2021-07-29 09:43:15.937971,224137,0.0,0.0
2021-07-29 09:43:15.937971,224201,0.0,5.6
2021-07-29 09:43:16.095081,224137,0.0,0.0
2021-07-29 09:43:16.095081,224201,0.0,5.6
2021-07-29 09:43:16.252120,224137,0.0,0.0
2021-07-29 09:43:16.252120,224201,0.0,5.6
2021-07-29 09:43:16.409018,224137,0.0,0.0
2021-07-29 09:43:16.409018,224201,0.0,5.6
2021-07-29 09:43:16.566017,224137,0.0,0.0
2021-07-29 09:43:16.566017,224201,0.0,5.6
2021-07-29 09:43:16.723068,224137,0.0,0.0
2021-07-29 09:43:16.723068,224201,0.0,5.6
2021-07-29 09:43:16.880286,224137,0.0,0.0
2021-07-29 09:43:16.880286,224201,0.0,5.6
2021-07-29 09:43:17.037620,224137,0.0,0.0
2021-07-29 09:43:17.037620,224201,0.0,5.6
2021-07-29 09:43:17.194700,224137,0.0,0.0
2021-07-29 09:43:17.194700,224201,0.0,5.6
2021-07-29 09:43:17.351675,224137,0.0,0.0
2021-07-29 09:43:17.351675,224201,0.0,5.6
2021-07-29 09:43:17.508814,224137,0.0,0.0
2021-07-29 09:43:17.508814,224201,0.0,5.6
2021-07-29 09:43:17.665757,224137,0.0,0.0
2021-07-29 09:43:17.665757,224201,0.0,5.6
2021-07-29 09:43:17.822753,224137,0.0,0.0
2021-07-29 09:43:17.822753,224201,0.0,5.6
2021-07-29 09:43:17.979764,224137,0.0,0.0
2021-07-29 09:43:17.979764,224201,0.0,5.6
2021-07-29 09:43:18.137045,224137,0.0,0.0
2021-07-29 09:43:18.137045,224201,0.0,5.6
2021-07-29 09:43:18.294002,224137,0.0,0.0
2021-07-29 09:43:18.294002,224201,0.0,5.6
2021-07-29 09:43:18.450925,224137,0.0,0.0
2021-07-29 09:43:18.450925,224201,0.0,5.6
2021-07-29 09:43:18.607831,224137,0.0,0.0
2021-07-29 09:43:18.607831,224201,0.0,5.6
2021-07-29 09:43:18.764758,224137,0.0,0.0
2021-07-29 09:43:18.764758,224201,0.0,5.6
2021-07-29 09:43:18.921570,224137,0.0,0.0
2021-07-29 09:43:18.921570,224201,0.0,5.6
2021-07-29 09:43:19.078549,224137,0.0,0.0
2021-07-29 09:43:19.078549,224201,0.0,5.6
2021-07-29 09:43:19.235595,224137,0.0,0.0
2021-07-29 09:43:19.235595,224201,0.0,5.6
2021-07-29 09:43:19.392541,224137,0.0,0.0
2021-07-29 09:43:19.392541,224201,0.0,5.6
2021-07-29 09:43:19.549559,224137,0.0,0.0
2021-07-29 09:43:19.549559,224201,0.0,5.6
2021-07-29 09:43:19.706602,224137,0.0,0.0
2021-07-29 09:43:19.706602,224201,0.0,5.6
2021-07-29 09:43:19.863576,224137,0.0,0.0
2021-07-29 09:43:19.863576,224201,0.0,5.6
2021-07-29 09:43:20.020816,224137,0.0,0.0
2021-07-29 09:43:20.020816,224201,0.0,5.6
2021-07-29 09:43:20.178065,224137,0.0,0.0
2021-07-29 09:43:20.178065,224201,0.0,5.6
2021-07-29 09:43:20.335038,224137,0.0,0.0
2021-07-29 09:43:20.335038,224201,0.0,5.6
2021-07-29 09:43:20.491934,224137,0.0,0.0
2021-07-29 09:43:20.491934,224201,0.0,5.6
2021-07-29 09:43:20.648775,224137,0.0,0.0
2021-07-29 09:43:20.648775,224201,0.0,5.6
2021-07-29 09:43:20.805743,224137,0.0,0.0
2021-07-29 09:43:20.805743,224201,0.0,5.6
2021-07-29 09:43:20.962743,224137,0.0,0.0
2021-07-29 09:43:20.962743,224201,0.0,5.6
2021-07-29 09:43:21.119740,224137,0.0,0.0
2021-07-29 09:43:21.119740,224201,0.0,5.6
2021-07-29 09:43:21.276790,224137,0.0,0.0
2021-07-29 09:43:21.276790,224201,0.0,5.6
2021-07-29 09:43:21.433769,224137,0.0,0.0
2021-07-29 09:43:21.433769,224201,0.0,5.6
2021-07-29 09:43:21.590769,224137,0.0,0.0
2021-07-29 09:43:21.590769,224201,0.0,5.6
2021-07-29 09:43:21.747713,224137,0.0,0.0
2021-07-29 09:43:21.747713,224201,0.0,5.6
2021-07-29 09:43:21.904639,224137,0.0,0.0
2021-07-29 09:43:21.904639,224201,0.0,5.6
2021-07-29 09:43:22.061821,224137,0.0,0.0
2021-07-29 09:43:22.061821,224201,0.0,5.6
2021-07-29 09:43:22.218447,224137,0.0,0.0
2021-07-29 09:43:22.218447,224201,0.0,5.6
2021-07-29 09:43:22.375445,224137,0.0,0.0
2021-07-29 09:43:22.375445,224201,0.0,5.6
2021-07-29 09:43:22.532425,224137,0.0,0.0
2021-07-29 09:43:22.532425,224201,0.0,5.6
2021-07-29 09:43:22.689385,224137,0.0,0.0
2021-07-29 09:43:22.689385,224201,0.0,5.6
2021-07-29 09:43:22.846348,224137,0.0,0.0
2021-07-29 09:43:22.846348,224201,0.0,5.6
2021-07-29 09:43:23.003333,224137,0.0,0.0
2021-07-29 09:43:23.003333,224201,0.0,5.6
2021-07-29 09:43:23.160383,224137,0.0,0.0
2021-07-29 09:43:23.160383,224201,0.0,5.6
2021-07-29 09:43:23.317503,224137,0.0,0.0
2021-07-29 09:43:23.317503,224201,0.0,5.6
2021-07-29 09:43:23.474568,224137,0.0,0.0
2021-07-29 09:43:23.474568,224201,0.0,5.6
2021-07-29 09:43:23.631504,224137,0.0,0.0
2021-07-29 09:43:23.631504,224201,0.0,5.6
2021-07-29 09:43:23.788471,224137,0.0,0.0
2021-07-29 09:43:23.788471,224201,0.0,5.6
2021-07-29 09:43:23.945410,224137,0.0,0.0
2021-07-29 09:43:23.945410,224201,0.0,5.6
2021-07-29 09:43:24.102514,224137,0.0,0.0
2021-07-29 09:43:24.102514,224201,0.0,5.6
2021-07-29 09:43:24.259552,224137,0.0,0.0
2021-07-29 09:43:24.259552,224201,0.0,5.6
2021-07-29 09:43:24.416458,224137,0.0,0.0
2021-07-29 09:43:24.416458,224201,0.0,5.6
2021-07-29 09:43:24.573601,224137,0.0,0.0
2021-07-29 09:43:24.573601,224201,0.0,5.6
2021-07-29 09:43:24.730367,224137,0.0,0.0
2021-07-29 09:43:24.730367,224201,0.0,5.6
2021-07-29 09:43:24.887258,224137,0.0,0.0
2021-07-29 09:43:24.887258,224201,0.0,5.6
2021-07-29 09:43:25.044276,224137,0.0,0.0
2021-07-29 09:43:25.044276,224201,0.0,5.6
2021-07-29 09:43:25.201267,224137,0.0,0.0
2021-07-29 09:43:25.201267,224201,0.0,5.6
2021-07-29 09:43:25.358202,224137,0.0,0.0
2021-07-29 09:43:25.358202,224201,0.0,5.6
2021-07-29 09:43:25.515096,224137,0.0,0.0
2021-07-29 09:43:25.515096,224201,0.0,5.6
2021-07-29 09:43:25.672036,224137,0.0,0.0
2021-07-29 09:43:25.672036,224201,0.0,5.6
2021-07-29 09:43:25.828906,224137,0.0,0.0
2021-07-29 09:43:25.828906,224201,0.0,5.6
2021-07-29 09:43:25.985464,224137,0.0,0.0
2021-07-29 09:43:25.985464,224201,0.0,5.6
2021-07-29 09:43:26.142418,224137,0.0,0.0
2021-07-29 09:43:26.142418,224201,0.0,5.6
2021-07-29 09:43:26.299322,224137,0.0,0.0
2021-07-29 09:43:26.299322,224201,0.0,5.6
2021-07-29 09:43:26.456319,224137,0.0,0.0
2021-07-29 09:43:26.456319,224201,0.0,5.6
2021-07-29 09:43:26.613198,224137,0.0,0.0
2021-07-29 09:43:26.613198,224201,0.0,5.6
2021-07-29 09:43:26.770035,224137,0.0,0.0
2021-07-29 09:43:26.770035,224201,0.0,5.6
2021-07-29 09:43:26.926871,224137,0.0,0.0
2021-07-29 09:43:26.926871,224201,0.0,5.6
2021-07-29 09:43:27.083762,224137,0.0,0.0
2021-07-29 09:43:27.083762,224201,0.0,5.6
2021-07-29 09:43:27.240930,224137,0.0,0.0
2021-07-29 09:43:27.240930,224201,0.0,5.6
2021-07-29 09:43:27.397716,224137,0.0,0.0
2021-07-29 09:43:27.397716,224201,0.0,5.6
2021-07-29 09:43:27.554732,224137,0.0,0.0
2021-07-29 09:43:27.554732,224201,0.0,5.6
2021-07-29 09:43:27.711641,224137,0.0,0.0
2021-07-29 09:43:27.711641,224201,0.0,5.6
2021-07-29 09:43:27.868561,224137,0.0,0.0
2021-07-29 09:43:27.868561,224201,0.0,5.6
2021-07-29 09:43:28.025355,224137,0.0,0.0
2021-07-29 09:43:28.025355,224201,0.0,5.6
2021-07-29 09:43:28.182428,224137,0.0,0.0
2021-07-29 09:43:28.182428,224201,0.0,5.6
2021-07-29 09:43:28.339418,224137,0.0,0.0
2021-07-29 09:43:28.339418,224201,0.0,5.6
2021-07-29 09:43:28.496371,224137,0.0,0.0
2021-07-29 09:43:28.496371,224201,0.0,5.6
2021-07-29 09:43:28.653227,224137,0.0,0.0
2021-07-29 09:43:28.653227,224201,0.0,5.6
2021-07-29 09:43:28.810160,224137,0.0,0.0
2021-07-29 09:43:28.810160,224201,0.0,5.6
2021-07-29 09:43:28.967098,224137,0.0,0.0
2021-07-29 09:43:28.967098,224201,0.0,5.6
2021-07-29 09:43:29.123854,224137,0.0,0.0
2021-07-29 09:43:29.123854,224201,0.0,5.6
2021-07-29 09:43:29.280847,224137,0.0,0.0
2021-07-29 09:43:29.280847,224201,0.0,5.6
2021-07-29 09:43:29.437799,224137,0.0,0.0
2021-07-29 09:43:29.437799,224201,0.0,5.6
2021-07-29 09:43:29.594746,224137,0.0,0.0
2021-07-29 09:43:29.594746,224201,0.0,5.6
2021-07-29 09:43:29.751637,224137,0.0,0.0
2021-07-29 09:43:29.751637,224201,0.0,5.6
2021-07-29 09:43:29.908620,224137,0.0,0.0
2021-07-29 09:43:29.908620,224201,0.0,5.6
2021-07-29 09:43:30.064716,224137,0.0,0.0
2021-07-29 09:43:30.064716,224201,0.0,5.6
2021-07-29 09:43:30.221819,224137,0.0,0.0
2021-07-29 09:43:30.221819,224201,0.0,5.6
2021-07-29 09:43:30.378509,224137,0.0,0.0
2021-07-29 09:43:30.378509,224201,0.0,5.6
2021-07-29 09:43:30.535484,224137,0.0,0.0
2021-07-29 09:43:30.535484,224201,0.0,5.6
2021-07-29 09:43:30.692422,224137,0.0,0.0
2021-07-29 09:43:30.692422,224201,0.0,5.6
2021-07-29 09:43:30.849374,224137,0.0,0.0
2021-07-29 09:43:30.849374,224201,0.0,5.6
2021-07-29 09:43:31.006374,224137,0.0,0.0
2021-07-29 09:43:31.006374,224201,0.0,5.6
2021-07-29 09:43:31.163348,224137,0.0,0.0
2021-07-29 09:43:31.163348,224201,0.0,5.6
2021-07-29 09:43:31.320342,224137,0.0,0.0
2021-07-29 09:43:31.320342,224201,0.0,5.6
2021-07-29 09:43:31.477513,224137,0.0,0.0
2021-07-29 09:43:31.477513,224201,0.0,5.6
2021-07-29 09:43:31.634518,224137,0.0,0.0
2021-07-29 09:43:31.634518,224201,0.0,5.6
2021-07-29 09:43:31.791399,224137,0.0,0.0
2021-07-29 09:43:31.791399,224201,0.0,5.6
2021-07-29 09:43:31.948337,224137,0.0,0.0
2021-07-29 09:43:31.948337,224201,0.0,5.6
2021-07-29 09:43:32.105320,224137,0.0,0.0
2021-07-29 09:43:32.105320,224201,0.0,5.6
2021-07-29 09:43:32.262355,224137,0.0,0.0
2021-07-29 09:43:32.262355,224201,0.0,5.6
2021-07-29 09:43:32.419292,224137,0.0,0.0
2021-07-29 09:43:32.419292,224201,0.0,5.6
2021-07-29 09:43:32.576219,224137,0.0,0.0
2021-07-29 09:43:32.576219,224201,0.0,5.6
2021-07-29 09:43:32.733071,224137,0.0,0.0
2021-07-29 09:43:32.733071,224201,0.0,5.6
2021-07-29 09:43:32.889969,224137,0.0,0.0
2021-07-29 09:43:32.889969,224201,0.0,5.6
2021-07-29 09:43:33.046734,224137,0.0,0.0
2021-07-29 09:43:33.046734,224201,0.0,5.6
2021-07-29 09:43:33.203725,224137,0.0,0.0
2021-07-29 09:43:33.203725,224201,0.0,5.6
2021-07-29 09:43:33.360795,224137,0.0,0.0
2021-07-29 09:43:33.360795,224201,0.0,5.6
2021-07-29 09:43:33.517761,224137,0.0,0.0
2021-07-29 09:43:33.517761,224201,0.0,5.6
2021-07-29 09:43:33.674770,224137,0.0,0.0
2021-07-29 09:43:33.674770,224201,0.0,5.6
2021-07-29 09:43:33.831683,224137,0.0,0.0
2021-07-29 09:43:33.831683,224201,0.0,5.6
2021-07-29 09:43:33.988663,224137,0.0,0.0
2021-07-29 09:43:33.988663,224201,0.0,5.6
2021-07-29 09:43:34.145674,224137,0.0,0.0
2021-07-29 09:43:34.145674,224201,0.0,5.6
2021-07-29 09:43:34.302653,224137,0.0,0.0
2021-07-29 09:43:34.302653,224201,0.0,5.6
2021-07-29 09:43:34.459567,224137,0.0,0.0
2021-07-29 09:43:34.459567,224201,0.0,5.6
2021-07-29 09:43:34.616946,224137,0.0,0.0
2021-07-29 09:43:34.616946,224201,0.0,5.6
2021-07-29 09:43:34.773942,224137,0.0,0.0
2021-07-29 09:43:34.773942,224201,0.0,5.6
2021-07-29 09:43:34.930871,224137,0.0,0.0
2021-07-29 09:43:34.930871,224201,0.0,5.6
2021-07-29 09:43:35.087820,224137,0.0,0.0
2021-07-29 09:43:35.087820,224201,0.0,5.6
2021-07-29 09:43:35.244817,224137,0.0,0.0
2021-07-29 09:43:35.244817,224201,0.0,5.6
2021-07-29 09:43:35.401799,224137,0.0,0.0
2021-07-29 09:43:35.401799,224201,0.0,5.6
2021-07-29 09:43:35.558750,224137,0.0,0.0
2021-07-29 09:43:35.558750,224201,0.0,5.6
2021-07-29 09:43:35.715660,224137,0.0,0.0
2021-07-29 09:43:35.715660,224201,0.0,5.6
2021-07-29 09:43:35.872562,224137,0.0,0.0
2021-07-29 09:43:35.872562,224201,0.0,5.6
2021-07-29 09:43:36.029877,224137,0.0,0.0
2021-07-29 09:43:36.029877,224201,0.0,5.6
2021-07-29 09:43:36.186982,224137,0.0,0.0
2021-07-29 09:43:36.186982,224201,0.0,5.6
2021-07-29 09:43:36.343923,224137,0.0,0.0
2021-07-29 09:43:36.343923,224201,0.0,5.6
2021-07-29 09:43:36.500853,224137,0.0,0.0
2021-07-29 09:43:36.500853,224201,0.0,5.6
2021-07-29 09:43:36.657783,224137,0.0,0.0
2021-07-29 09:43:36.657783,224201,0.0,5.6
2021-07-29 09:43:36.814845,224137,0.0,0.0
2021-07-29 09:43:36.814845,224201,0.0,5.6
2021-07-29 09:43:36.971943,224137,0.0,0.0
2021-07-29 09:43:36.971943,224201,0.0,5.6
2021-07-29 09:43:37.128942,224137,0.0,0.0
2021-07-29 09:43:37.128942,224201,0.0,5.6
2021-07-29 09:43:37.285962,224137,0.0,0.0
2021-07-29 09:43:37.285962,224201,0.0,5.6
2021-07-29 09:43:37.442968,224137,0.0,0.0
2021-07-29 09:43:37.442968,224201,0.0,5.6
2021-07-29 09:43:37.600090,224137,0.0,0.0
2021-07-29 09:43:37.600090,224201,0.0,5.6
2021-07-29 09:43:37.757032,224137,0.0,0.0
2021-07-29 09:43:37.757032,224201,0.0,5.6
2021-07-29 09:43:37.913895,224137,0.0,0.0
2021-07-29 09:43:37.913895,224201,0.0,5.6
2021-07-29 09:43:38.070461,224137,0.0,0.0
2021-07-29 09:43:38.070461,224201,0.0,5.6
2021-07-29 09:43:38.227512,224137,0.0,0.0
2021-07-29 09:43:38.227512,224201,0.0,5.6
2021-07-29 09:43:38.384502,224137,0.0,0.0
2021-07-29 09:43:38.384502,224201,0.0,5.6
2021-07-29 09:43:38.541545,224137,0.0,0.0
2021-07-29 09:43:38.541545,224201,0.0,5.6
2021-07-29 09:43:38.698500,224137,0.0,0.0
2021-07-29 09:43:38.698500,224201,0.0,5.6
2021-07-29 09:43:38.855521,224137,0.0,0.0
2021-07-29 09:43:38.855521,224201,0.0,5.6
2021-07-29 09:43:39.012532,224137,0.0,0.0
2021-07-29 09:43:39.012532,224201,0.0,5.6
2021-07-29 09:43:39.169596,224137,0.0,0.0
2021-07-29 09:43:39.169596,224201,0.0,5.6
2021-07-29 09:43:39.326702,224137,0.0,0.0
2021-07-29 09:43:39.326702,224201,0.0,5.6
2021-07-29 09:43:39.483611,224137,0.0,0.0
2021-07-29 09:43:39.483611,224201,0.0,5.6
2021-07-29 09:43:39.640550,224137,0.0,0.0
2021-07-29 09:43:39.640550,224201,0.0,5.6
2021-07-29 09:43:39.797428,224137,0.0,0.0
2021-07-29 09:43:39.797428,224201,0.0,5.6
2021-07-29 09:43:39.954650,224137,0.0,0.0
2021-07-29 09:43:39.954650,224201,0.0,5.6
2021-07-29 09:43:40.111663,224137,0.0,0.0
2021-07-29 09:43:40.111663,224201,0.0,5.6
2021-07-29 09:43:40.268660,224137,0.0,0.0
2021-07-29 09:43:40.268660,224201,0.0,5.6
2021-07-29 09:43:40.425560,224137,0.0,0.0
2021-07-29 09:43:40.425560,224201,0.0,5.6
2021-07-29 09:43:40.582625,224137,0.0,0.0
2021-07-29 09:43:40.582625,224201,0.0,5.6
2021-07-29 09:43:40.738461,224137,0.0,0.0
2021-07-29 09:43:40.738461,224201,0.0,5.6
2021-07-29 09:43:40.895379,224137,0.0,0.0
2021-07-29 09:43:40.895379,224201,0.0,5.6
2021-07-29 09:43:41.052386,224137,0.0,0.0
2021-07-29 09:43:41.052386,224201,0.0,5.6
2021-07-29 09:43:41.209416,224137,0.0,0.0
2021-07-29 09:43:41.209416,224201,0.0,5.6
2021-07-29 09:43:41.366351,224137,0.0,0.0
2021-07-29 09:43:41.366351,224201,0.0,5.6
2021-07-29 09:43:41.523354,224137,0.0,0.0
2021-07-29 09:43:41.523354,224201,0.0,5.6
2021-07-29 09:43:41.680194,224137,0.0,0.0
2021-07-29 09:43:41.680194,224201,0.0,5.6
2021-07-29 09:43:41.837066,224137,0.0,0.0
2021-07-29 09:43:41.837066,224201,0.0,5.6
2021-07-29 09:43:41.994405,224137,0.0,0.0
2021-07-29 09:43:41.994405,224201,0.0,5.6
2021-07-29 09:43:42.151395,224137,0.0,0.0
2021-07-29 09:43:42.151395,224201,0.0,5.6
2021-07-29 09:43:42.308360,224137,0.0,0.0
2021-07-29 09:43:42.308360,224201,0.0,5.6
2021-07-29 09:43:42.465356,224137,0.0,0.0
2021-07-29 09:43:42.465356,224201,0.0,5.6
2021-07-29 09:43:42.622417,224137,0.0,0.0
2021-07-29 09:43:42.622417,224201,0.0,5.6
2021-07-29 09:43:42.779379,224137,0.0,0.0
2021-07-29 09:43:42.779379,224201,0.0,5.6
2021-07-29 09:43:42.936392,224137,0.0,0.0
2021-07-29 09:43:42.936392,224201,0.0,5.6
2021-07-29 09:43:43.093338,224137,0.0,0.0
2021-07-29 09:43:43.093338,224201,0.0,5.6
2021-07-29 09:43:43.250206,224137,0.0,0.0
2021-07-29 09:43:43.250206,224201,0.0,5.6
2021-07-29 09:43:43.407580,224137,0.0,0.0
2021-07-29 09:43:43.407580,224201,0.0,5.6
2021-07-29 09:43:43.564524,224137,0.0,0.0
2021-07-29 09:43:43.564524,224201,0.0,5.6
2021-07-29 09:43:43.721362,224137,0.0,0.0
2021-07-29 09:43:43.721362,224201,0.0,5.6
2021-07-29 09:43:43.878205,224137,0.0,0.0
2021-07-29 09:43:43.878205,224201,0.0,5.6
2021-07-29 09:43:44.035539,224137,0.0,0.0
2021-07-29 09:43:44.035539,224201,0.0,5.6
2021-07-29 09:43:44.192520,224137,0.0,0.0
2021-07-29 09:43:44.192520,224201,0.0,5.6
2021-07-29 09:43:44.349522,224137,0.0,0.0
2021-07-29 09:43:44.349522,224201,0.0,5.6
2021-07-29 09:43:44.506097,224137,0.0,0.0
2021-07-29 09:43:44.506097,224201,0.0,5.6
2021-07-29 09:43:44.663006,224137,0.0,0.0
2021-07-29 09:43:44.663006,224201,0.0,5.6
2021-07-29 09:43:44.824733,224137,0.0,0.0
2021-07-29 09:43:44.824733,224201,0.0,5.6
2021-07-29 09:43:44.981563,224137,0.0,0.0
2021-07-29 09:43:44.981563,224201,0.0,5.6
2021-07-29 09:43:45.138687,224137,0.0,0.0
2021-07-29 09:43:45.138687,224201,0.0,5.6
2021-07-29 09:43:45.295549,224137,0.0,0.0
2021-07-29 09:43:45.295549,224201,0.0,5.6
2021-07-29 09:43:45.452048,224137,0.0,0.0
2021-07-29 09:43:45.452048,224201,0.0,5.6
2021-07-29 09:43:45.609007,224137,0.0,0.0
2021-07-29 09:43:45.609007,224201,0.0,5.6
2021-07-29 09:43:45.766056,224137,0.0,0.0
2021-07-29 09:43:45.766056,224201,0.0,5.6
2021-07-29 09:43:45.923126,224137,0.0,0.0
2021-07-29 09:43:45.923126,224201,0.0,5.6
2021-07-29 09:43:46.080190,224137,0.0,0.0
2021-07-29 09:43:46.080190,224201,0.0,5.6
2021-07-29 09:43:46.237102,224137,0.0,0.0
2021-07-29 09:43:46.237102,224201,0.0,5.6
2021-07-29 09:43:46.393694,224137,0.0,0.0
2021-07-29 09:43:46.393694,224201,0.0,5.6
2021-07-29 09:43:46.550242,224137,0.0,0.0
2021-07-29 09:43:46.550242,224201,0.0,5.6
2021-07-29 09:43:46.707338,224137,0.0,0.0
2021-07-29 09:43:46.707338,224201,0.0,5.6
2021-07-29 09:43:46.864289,224137,0.0,0.0
2021-07-29 09:43:46.864289,224201,0.0,5.6
2021-07-29 09:43:47.021249,224137,0.0,0.0
2021-07-29 09:43:47.021249,224201,0.0,5.6
2021-07-29 09:43:47.178343,224137,0.0,0.0
2021-07-29 09:43:47.178343,224201,0.0,5.6
2021-07-29 09:43:47.335377,224137,0.0,0.0
2021-07-29 09:43:47.335377,224201,0.0,5.6
2021-07-29 09:43:47.492345,224137,0.0,0.0
2021-07-29 09:43:47.492345,224201,0.0,5.6
2021-07-29 09:43:47.649248,224137,0.0,0.0
2021-07-29 09:43:47.649248,224201,0.0,5.6
2021-07-29 09:43:47.806239,224137,0.0,0.0
2021-07-29 09:43:47.806239,224201,0.0,5.6
2021-07-29 09:43:47.963215,224137,0.0,0.0
2021-07-29 09:43:47.963215,224201,0.0,5.6
2021-07-29 09:43:48.120334,224137,0.0,0.0
2021-07-29 09:43:48.120334,224201,0.0,5.6
2021-07-29 09:43:48.277631,224137,0.0,0.0
2021-07-29 09:43:48.277631,224201,0.0,5.6
2021-07-29 09:43:48.434809,224137,0.0,0.0
2021-07-29 09:43:48.434809,224201,0.0,5.6
2021-07-29 09:43:48.591930,224137,0.0,0.0
2021-07-29 09:43:48.591930,224201,0.0,5.6
2021-07-29 09:43:48.748373,224137,0.0,0.0
2021-07-29 09:43:48.748373,224201,0.0,5.6
2021-07-29 09:43:48.905407,224137,0.0,0.0
2021-07-29 09:43:48.905407,224201,0.0,5.6
2021-07-29 09:43:49.062487,224137,0.0,0.0
2021-07-29 09:43:49.062487,224201,0.0,5.6
2021-07-29 09:43:49.219568,224137,0.0,0.0
2021-07-29 09:43:49.219568,224201,0.0,5.6
2021-07-29 09:43:49.376537,224137,0.0,0.0
2021-07-29 09:43:49.376537,224201,0.0,5.6
2021-07-29 09:43:49.533292,224137,0.0,0.0
2021-07-29 09:43:49.533292,224201,0.0,5.6
2021-07-29 09:43:49.690279,224137,0.0,0.0
2021-07-29 09:43:49.690279,224201,0.0,5.6
2021-07-29 09:43:49.847273,224137,0.0,0.0
2021-07-29 09:43:49.847273,224201,0.0,5.6
2021-07-29 09:43:50.004564,224137,0.0,0.0
2021-07-29 09:43:50.004564,224201,0.0,5.6
2021-07-29 09:43:50.161645,224137,0.0,0.0
2021-07-29 09:43:50.161645,224201,0.0,5.6
2021-07-29 09:43:50.318550,224137,0.0,0.0
2021-07-29 09:43:50.318550,224201,0.0,5.6
2021-07-29 09:43:50.475528,224137,0.0,0.0
2021-07-29 09:43:50.475528,224201,0.0,5.6
2021-07-29 09:43:50.632523,224137,0.0,0.0
2021-07-29 09:43:50.632523,224201,0.0,5.6
2021-07-29 09:43:50.789391,224137,0.0,0.0
2021-07-29 09:43:50.789391,224201,0.0,5.6
2021-07-29 09:43:50.946461,224137,0.0,0.0
2021-07-29 09:43:50.946461,224201,0.0,5.6
2021-07-29 09:43:51.103421,224137,0.0,0.0
2021-07-29 09:43:51.103421,224201,0.0,5.6
2021-07-29 09:43:51.260442,224137,0.0,0.0
2021-07-29 09:43:51.260442,224201,0.0,5.6
2021-07-29 09:43:51.417398,224137,0.0,0.0
2021-07-29 09:43:51.417398,224201,0.0,5.6
2021-07-29 09:43:51.574342,224137,0.0,0.0
2021-07-29 09:43:51.574342,224201,0.0,5.6
2021-07-29 09:43:51.731273,224137,0.0,0.0
2021-07-29 09:43:51.731273,224201,0.0,5.6
2021-07-29 09:43:51.888189,224137,0.0,0.0
2021-07-29 09:43:51.888189,224201,0.0,5.6
2021-07-29 09:43:52.045301,224137,0.0,0.0
2021-07-29 09:43:52.045301,224201,0.0,5.6
2021-07-29 09:43:52.202459,224137,0.0,0.0
2021-07-29 09:43:52.202459,224201,0.0,5.6
2021-07-29 09:43:52.359581,224137,0.0,0.0
2021-07-29 09:43:52.359581,224201,0.0,5.6
2021-07-29 09:43:52.516588,224201,6.7,5.6
2021-07-29 09:43:52.516588,224137,0.0,0.0
2021-07-29 09:43:52.673562,224137,0.0,0.0
2021-07-29 09:43:52.673562,224201,0.0,5.6
2021-07-29 09:43:52.830531,224137,0.0,0.0
2021-07-29 09:43:52.830531,224201,0.0,5.6
2021-07-29 09:43:52.987756,224137,0.0,0.0
2021-07-29 09:43:52.987756,224201,0.0,5.6
2021-07-29 09:43:53.144732,224137,0.0,0.0
2021-07-29 09:43:53.144732,224201,0.0,5.6
2021-07-29 09:43:53.301776,224137,0.0,0.0
2021-07-29 09:43:53.301776,224201,0.0,5.6
2021-07-29 09:43:53.458814,224137,0.0,0.0
2021-07-29 09:43:53.458814,224201,0.0,5.6
2021-07-29 09:43:53.615891,224137,0.0,0.0
2021-07-29 09:43:53.615891,224201,0.0,5.6
2021-07-29 09:43:53.772853,224137,0.0,0.0
2021-07-29 09:43:53.772853,224201,0.0,5.6
2021-07-29 09:43:53.929663,224137,0.0,0.0
2021-07-29 09:43:53.929663,224201,0.0,5.6
2021-07-29 09:43:54.086653,224137,0.0,0.0
2021-07-29 09:43:54.086653,224201,0.0,5.6
2021-07-29 09:43:54.243653,224137,0.0,0.0
2021-07-29 09:43:54.243653,224201,0.0,5.6
2021-07-29 09:43:54.400580,224137,0.0,0.0
2021-07-29 09:43:54.400580,224201,0.0,5.6
2021-07-29 09:43:54.557582,224137,0.0,0.0
2021-07-29 09:43:54.557582,224201,0.0,5.6
2021-07-29 09:43:54.714744,224137,0.0,0.0
2021-07-29 09:43:54.714744,224201,0.0,5.6
2021-07-29 09:43:54.871713,224137,0.0,0.0
2021-07-29 09:43:54.871713,224201,0.0,5.6
2021-07-29 09:43:55.028732,224137,0.0,0.0
2021-07-29 09:43:55.028732,224201,0.0,5.6
2021-07-29 09:43:55.185751,224137,0.0,0.0
2021-07-29 09:43:55.185751,224201,0.0,5.6
2021-07-29 09:43:55.342718,224137,0.0,0.0
2021-07-29 09:43:55.342718,224201,0.0,5.6
2021-07-29 09:43:55.499688,224137,0.0,0.0
2021-07-29 09:43:55.499688,224201,0.0,5.6
2021-07-29 09:43:55.656591,224137,0.0,0.0
2021-07-29 09:43:55.656591,224201,0.0,5.6
2021-07-29 09:43:55.813623,224137,0.0,0.0
2021-07-29 09:43:55.813623,224201,0.0,5.6
2021-07-29 09:43:55.970723,224137,0.0,0.0
2021-07-29 09:43:55.970723,224201,0.0,5.6
2021-07-29 09:43:56.127767,224137,0.0,0.0
2021-07-29 09:43:56.127767,224201,0.0,5.6
2021-07-29 09:43:56.284712,224137,0.0,0.0
2021-07-29 09:43:56.284712,224201,0.0,5.6
2021-07-29 09:43:56.441746,224137,0.0,0.0
2021-07-29 09:43:56.441746,224201,0.0,5.6
2021-07-29 09:43:56.598710,224137,0.0,0.0
2021-07-29 09:43:56.598710,224201,0.0,5.6
2021-07-29 09:43:56.755632,224137,0.0,0.0
2021-07-29 09:43:56.755632,224201,0.0,5.6
2021-07-29 09:43:56.912740,224137,0.0,0.0
2021-07-29 09:43:56.912740,224201,0.0,5.6
2021-07-29 09:43:57.069854,224137,0.0,0.0
2021-07-29 09:43:57.069854,224201,0.0,5.6
2021-07-29 09:43:57.226963,224137,0.0,0.0
2021-07-29 09:43:57.226963,224201,0.0,5.6
2021-07-29 09:43:57.383935,224137,0.0,0.0
2021-07-29 09:43:57.383935,224201,0.0,5.6
2021-07-29 09:43:57.540926,224137,0.0,0.0
2021-07-29 09:43:57.540926,224201,0.0,5.6
2021-07-29 09:43:57.697854,224137,0.0,0.0
2021-07-29 09:43:57.697854,224201,0.0,5.6
2021-07-29 09:43:57.854850,224137,0.0,0.0
2021-07-29 09:43:57.854850,224201,0.0,5.6
2021-07-29 09:43:58.011816,224137,0.0,0.0
2021-07-29 09:43:58.011816,224201,0.0,5.6
2021-07-29 09:43:58.168766,224137,0.0,0.0
2021-07-29 09:43:58.168766,224201,0.0,5.6
2021-07-29 09:43:58.325747,224137,0.0,0.0
2021-07-29 09:43:58.325747,224201,0.0,5.6
2021-07-29 09:43:58.482669,224137,0.0,0.0
2021-07-29 09:43:58.482669,224201,0.0,5.6
2021-07-29 09:43:58.639739,224137,0.0,0.0
2021-07-29 09:43:58.639739,224201,0.0,5.6
2021-07-29 09:43:58.796735,224137,0.0,0.0
2021-07-29 09:43:58.796735,224201,0.0,5.6
2021-07-29 09:43:58.953700,224137,0.0,0.0
2021-07-29 09:43:58.953700,224201,0.0,5.6
2021-07-29 09:43:59.110801,224137,0.0,0.0
2021-07-29 09:43:59.110801,224201,0.0,5.6
2021-07-29 09:43:59.267801,224137,0.0,0.0
2021-07-29 09:43:59.267801,224201,0.0,5.6
2021-07-29 09:43:59.424600,224137,0.0,0.0
2021-07-29 09:43:59.424600,224201,0.0,5.6
2021-07-29 09:43:59.581367,224137,0.0,0.0
2021-07-29 09:43:59.581367,224201,0.0,5.6
2021-07-29 09:43:59.738042,224137,0.0,0.0
2021-07-29 09:43:59.738042,224201,0.0,5.6
2021-07-29 09:43:59.895175,224137,0.0,0.0
2021-07-29 09:43:59.895175,224201,0.0,5.6
2021-07-29 09:44:00.052491,224137,0.0,0.0
2021-07-29 09:44:00.052491,224201,0.0,5.6
2021-07-29 09:44:00.209574,224137,0.0,0.0
2021-07-29 09:44:00.209574,224201,0.0,5.6
2021-07-29 09:44:00.366604,224137,0.0,0.0
2021-07-29 09:44:00.366604,224201,0.0,5.6
2021-07-29 09:44:00.523599,224137,0.0,0.0
2021-07-29 09:44:00.523599,224201,0.0,5.6
2021-07-29 09:44:00.680812,224137,0.0,0.0
2021-07-29 09:44:00.680812,224201,0.0,5.6
2021-07-29 09:44:00.837811,224137,0.0,0.0
2021-07-29 09:44:00.837811,224201,0.0,5.6
2021-07-29 09:44:00.994840,224137,0.0,0.0
2021-07-29 09:44:00.994840,224201,0.0,5.6
2021-07-29 09:44:01.151909,224137,0.0,0.0
2021-07-29 09:44:01.151909,224201,0.0,5.6
2021-07-29 09:44:01.309031,224137,0.0,0.0
2021-07-29 09:44:01.309031,224201,0.0,5.6
2021-07-29 09:44:01.466013,224137,0.0,0.0
2021-07-29 09:44:01.466013,224201,0.0,5.6
2021-07-29 09:44:01.622908,224137,0.0,0.0
2021-07-29 09:44:01.622908,224201,0.0,5.6
2021-07-29 09:44:01.779857,224137,0.0,0.0
2021-07-29 09:44:01.779857,224201,0.0,5.6
2021-07-29 09:44:01.936735,224137,0.0,0.0
2021-07-29 09:44:01.936735,224201,0.0,5.6
2021-07-29 09:44:02.093720,224137,0.0,0.0
2021-07-29 09:44:02.093720,224201,0.0,5.6
2021-07-29 09:44:02.250753,224137,0.0,0.0
2021-07-29 09:44:02.250753,224201,0.0,5.6
2021-07-29 09:44:02.407855,224137,0.0,0.0
2021-07-29 09:44:02.407855,224201,0.0,5.6
2021-07-29 09:44:02.564810,224137,0.0,0.0
2021-07-29 09:44:02.564810,224201,0.0,5.6
2021-07-29 09:44:02.721898,224137,0.0,0.0
2021-07-29 09:44:02.721898,224201,0.0,5.6
2021-07-29 09:44:02.878855,224137,0.0,0.0
2021-07-29 09:44:02.878855,224201,0.0,5.6
2021-07-29 09:44:03.035919,224137,0.0,0.0
2021-07-29 09:44:03.035919,224201,0.0,5.6
2021-07-29 09:44:03.192856,224137,0.0,0.0
2021-07-29 09:44:03.192856,224201,0.0,5.6
2021-07-29 09:44:03.349949,224137,0.0,0.0
2021-07-29 09:44:03.349949,224201,0.0,5.6
2021-07-29 09:44:03.507057,224137,0.0,0.0
2021-07-29 09:44:03.507057,224201,0.0,5.6
2021-07-29 09:44:03.664055,224137,0.0,0.0
2021-07-29 09:44:03.664055,224201,0.0,5.6
2021-07-29 09:44:03.821020,224137,0.0,0.0
2021-07-29 09:44:03.821020,224201,0.0,5.6
2021-07-29 09:44:03.978138,224137,0.0,0.0
2021-07-29 09:44:03.978138,224201,0.0,5.6
2021-07-29 09:44:04.135112,224137,0.0,0.0
2021-07-29 09:44:04.135112,224201,0.0,5.6
2021-07-29 09:44:04.292120,224137,0.0,0.0
2021-07-29 09:44:04.292120,224201,0.0,5.6
2021-07-29 09:44:04.449056,224137,0.0,0.0
2021-07-29 09:44:04.449056,224201,0.0,5.6
2021-07-29 09:44:04.605951,224137,0.0,0.0
2021-07-29 09:44:04.605951,224201,0.0,5.6
2021-07-29 09:44:04.762939,224137,0.0,0.0
2021-07-29 09:44:04.762939,224201,0.0,5.6
2021-07-29 09:44:04.919829,224137,0.0,0.0
2021-07-29 09:44:04.919829,224201,0.0,5.6
2021-07-29 09:44:05.076884,224137,0.0,0.0
2021-07-29 09:44:05.076884,224201,0.0,5.6
2021-07-29 09:44:05.233790,224137,0.0,0.0
2021-07-29 09:44:05.233790,224201,0.0,5.6
2021-07-29 09:44:05.390682,224137,0.0,0.0
2021-07-29 09:44:05.390682,224201,0.0,5.6
2021-07-29 09:44:05.547615,224137,0.0,0.0
2021-07-29 09:44:05.547615,224201,0.0,5.6
2021-07-29 09:44:05.704547,224137,0.0,0.0
2021-07-29 09:44:05.704547,224201,0.0,5.6
2021-07-29 09:44:05.861523,224137,0.0,0.0
2021-07-29 09:44:05.861523,224201,0.0,5.6
2021-07-29 09:44:06.018653,224137,0.0,0.0
2021-07-29 09:44:06.018653,224201,0.0,5.6
2021-07-29 09:44:06.175649,224137,0.0,0.0
2021-07-29 09:44:06.175649,224201,0.0,5.6
2021-07-29 09:44:06.332708,224137,0.0,0.0
2021-07-29 09:44:06.332708,224201,0.0,5.6
2021-07-29 09:44:06.490053,224137,0.0,0.0
2021-07-29 09:44:06.490053,224201,0.0,5.6
2021-07-29 09:44:06.646982,224137,0.0,0.0
2021-07-29 09:44:06.646982,224201,0.0,5.6
2021-07-29 09:44:06.803953,224137,0.0,0.0
2021-07-29 09:44:06.803953,224201,0.0,5.6
2021-07-29 09:44:06.960731,224137,0.0,0.0
2021-07-29 09:44:06.960731,224201,0.0,5.6
2021-07-29 09:44:07.117554,224137,0.0,0.0
2021-07-29 09:44:07.117554,224201,0.0,5.6
2021-07-29 09:44:07.273883,224137,0.0,0.0
2021-07-29 09:44:07.273883,224201,0.0,5.6
2021-07-29 09:44:07.430834,224137,0.0,0.0
2021-07-29 09:44:07.430834,224201,0.0,5.6
2021-07-29 09:44:07.587769,224137,0.0,0.0
2021-07-29 09:44:07.587769,224201,0.0,5.6
2021-07-29 09:44:07.744706,224137,0.0,0.0
2021-07-29 09:44:07.744706,224201,0.0,5.6
2021-07-29 09:44:07.901585,224137,0.0,0.0
2021-07-29 09:44:07.901585,224201,0.0,5.6
2021-07-29 09:44:08.058678,224137,0.0,0.0
2021-07-29 09:44:08.058678,224201,0.0,5.6
2021-07-29 09:44:08.215721,224137,0.0,0.0
2021-07-29 09:44:08.215721,224201,0.0,5.6
2021-07-29 09:44:08.372808,224137,0.0,0.0
2021-07-29 09:44:08.372808,224201,0.0,5.6
2021-07-29 09:44:08.529721,224137,0.0,0.0
2021-07-29 09:44:08.529721,224201,0.0,5.6
2021-07-29 09:44:08.687032,224137,0.0,0.0
2021-07-29 09:44:08.687032,224201,0.0,5.6
2021-07-29 09:44:08.844022,224137,0.0,0.0
2021-07-29 09:44:08.844022,224201,0.0,5.6
2021-07-29 09:44:09.001027,224137,0.0,0.0
2021-07-29 09:44:09.001027,224201,0.0,5.6
2021-07-29 09:44:09.158085,224137,0.0,0.0
2021-07-29 09:44:09.158085,224201,0.0,5.6
2021-07-29 09:44:09.315091,224137,0.0,0.0
2021-07-29 09:44:09.315091,224201,0.0,5.6
2021-07-29 09:44:09.472016,224137,0.0,0.0
2021-07-29 09:44:09.472016,224201,0.0,5.6
2021-07-29 09:44:09.628989,224137,0.0,0.0
2021-07-29 09:44:09.628989,224201,0.0,5.6
2021-07-29 09:44:09.785726,224137,0.0,0.0
2021-07-29 09:44:09.785726,224201,0.0,5.6
2021-07-29 09:44:09.942529,224137,0.0,0.0
2021-07-29 09:44:09.942529,224201,0.0,5.6
2021-07-29 09:44:10.099610,224137,0.0,0.0
2021-07-29 09:44:10.099610,224201,0.0,5.6
2021-07-29 09:44:10.256625,224137,0.0,0.0
2021-07-29 09:44:10.256625,224201,0.0,5.6
2021-07-29 09:44:10.413472,224137,0.0,0.0
2021-07-29 09:44:10.413472,224201,0.0,5.6
2021-07-29 09:44:10.570408,224137,0.0,0.0
2021-07-29 09:44:10.570408,224201,0.0,5.6
2021-07-29 09:44:10.727362,224137,0.0,0.0
2021-07-29 09:44:10.727362,224201,0.0,5.6
2021-07-29 09:44:10.884502,224137,0.0,0.0
2021-07-29 09:44:10.884502,224201,0.0,5.6
2021-07-29 09:44:11.041393,224137,0.0,0.0
2021-07-29 09:44:11.041393,224201,0.0,5.6
2021-07-29 09:44:11.198466,224137,0.0,0.0
2021-07-29 09:44:11.198466,224201,0.0,5.6
2021-07-29 09:44:11.355481,224137,0.0,0.0
2021-07-29 09:44:11.355481,224201,0.0,5.6
2021-07-29 09:44:11.512447,224137,0.0,0.0
2021-07-29 09:44:11.512447,224201,0.0,5.6
2021-07-29 09:44:11.669416,224137,0.0,0.0
2021-07-29 09:44:11.669416,224201,0.0,5.6
2021-07-29 09:44:11.826382,224137,0.0,0.0
2021-07-29 09:44:11.826382,224201,0.0,5.6
2021-07-29 09:44:11.983303,224137,0.0,0.0
2021-07-29 09:44:11.983303,224201,0.0,5.6
2021-07-29 09:44:12.140321,224137,0.0,0.0
2021-07-29 09:44:12.140321,224201,0.0,5.6
2021-07-29 09:44:12.297190,224137,0.0,0.0
2021-07-29 09:44:12.297190,224201,0.0,5.6
2021-07-29 09:44:12.454061,224137,0.0,0.0
2021-07-29 09:44:12.454061,224201,0.0,5.6
2021-07-29 09:44:12.611011,224137,0.0,0.0
2021-07-29 09:44:12.611011,224201,0.0,5.6
2021-07-29 09:44:12.767966,224137,0.0,0.0
2021-07-29 09:44:12.767966,224201,0.0,5.6
2021-07-29 09:44:12.924989,224137,0.0,0.0
2021-07-29 09:44:12.924989,224201,0.0,5.6
2021-07-29 09:44:13.082038,224137,0.0,0.0
2021-07-29 09:44:13.082038,224201,0.0,5.6
2021-07-29 09:44:13.239007,224137,0.0,0.0
2021-07-29 09:44:13.239007,224201,0.0,5.6
2021-07-29 09:44:13.395924,224137,0.0,0.0
2021-07-29 09:44:13.395924,224201,0.0,5.6
2021-07-29 09:44:13.552831,224137,0.0,0.0
2021-07-29 09:44:13.552831,224201,0.0,5.6
2021-07-29 09:44:13.709687,224137,0.0,0.0
2021-07-29 09:44:13.709687,224201,0.0,5.6
2021-07-29 09:44:13.866702,224137,0.0,0.0
2021-07-29 09:44:13.866702,224201,0.0,5.6
2021-07-29 09:44:14.023658,224137,0.0,0.0
2021-07-29 09:44:14.023658,224201,0.0,5.6
2021-07-29 09:44:14.180142,224137,0.0,0.0
2021-07-29 09:44:14.180142,224201,0.0,5.6
2021-07-29 09:44:14.337033,224137,0.0,0.0
2021-07-29 09:44:14.337033,224201,0.0,5.6
2021-07-29 09:44:14.493262,224137,0.0,0.0
2021-07-29 09:44:14.493262,224201,0.0,5.6
2021-07-29 09:44:14.650245,224137,0.0,0.0
2021-07-29 09:44:14.650245,224201,0.0,5.6
2021-07-29 09:44:14.807138,224137,0.0,0.0
2021-07-29 09:44:14.807138,224201,0.0,5.6
2021-07-29 09:44:14.964107,224137,0.0,0.0
2021-07-29 09:44:14.964107,224201,0.0,5.6
2021-07-29 09:44:15.121746,224137,0.0,0.0
2021-07-29 09:44:15.121746,224201,0.0,5.6
2021-07-29 09:44:15.278999,224137,0.0,0.0
2021-07-29 09:44:15.278999,224201,0.0,5.6
2021-07-29 09:44:15.435948,224137,0.0,0.0
2021-07-29 09:44:15.435948,224201,0.0,5.6
2021-07-29 09:44:15.593124,224137,0.0,0.0
2021-07-29 09:44:15.593124,224201,0.0,5.6
2021-07-29 09:44:15.749821,224137,0.0,0.0
2021-07-29 09:44:15.749821,224201,0.0,5.6
2021-07-29 09:44:15.906823,224137,0.0,0.0
2021-07-29 09:44:15.906823,224201,0.0,5.6
2021-07-29 09:44:16.063876,224137,0.0,0.0
2021-07-29 09:44:16.063876,224201,0.0,5.6
2021-07-29 09:44:16.220930,224137,0.0,0.0
2021-07-29 09:44:16.220930,224201,0.0,5.6
2021-07-29 09:44:16.377818,224137,0.0,0.0
2021-07-29 09:44:16.377818,224201,0.0,5.6
2021-07-29 09:44:16.534836,224137,0.0,0.0
2021-07-29 09:44:16.534836,224201,0.0,5.6
2021-07-29 09:44:16.691796,224137,0.0,0.0
2021-07-29 09:44:16.691796,224201,0.0,5.6
2021-07-29 09:44:16.848815,224137,0.0,0.0
2021-07-29 09:44:16.848815,224201,0.0,5.6
2021-07-29 09:44:17.006006,224137,0.0,0.0
2021-07-29 09:44:17.006006,224201,0.0,5.6
2021-07-29 09:44:17.163105,224137,0.0,0.0
2021-07-29 09:44:17.163105,224201,0.0,5.6
2021-07-29 09:44:17.320013,224137,0.0,0.0
2021-07-29 09:44:17.320013,224201,0.0,5.6
2021-07-29 09:44:17.476570,224137,0.0,0.0
2021-07-29 09:44:17.476570,224201,0.0,5.6
2021-07-29 09:44:17.633545,224137,0.0,0.0
2021-07-29 09:44:17.633545,224201,0.0,5.6
2021-07-29 09:44:17.790542,224137,0.0,0.0
2021-07-29 09:44:17.790542,224201,0.0,5.6
2021-07-29 09:44:17.947904,224137,0.0,0.0
2021-07-29 09:44:17.947904,224201,0.0,5.6
2021-07-29 09:44:18.104886,224137,0.0,0.0
2021-07-29 09:44:18.104886,224201,0.0,5.6
2021-07-29 09:44:18.261923,224137,0.0,0.0
2021-07-29 09:44:18.261923,224201,0.0,5.6
2021-07-29 09:44:18.418937,224137,0.0,0.0
2021-07-29 09:44:18.418937,224201,0.0,5.6
2021-07-29 09:44:18.575779,224137,0.0,0.0
2021-07-29 09:44:18.575779,224201,0.0,5.6
2021-07-29 09:44:18.732806,224137,0.0,0.0
2021-07-29 09:44:18.732806,224201,0.0,5.6
2021-07-29 09:44:18.889327,224137,0.0,0.0
2021-07-29 09:44:18.889327,224201,0.0,5.6
2021-07-29 09:44:19.046400,224137,0.0,0.0
2021-07-29 09:44:19.046400,224201,0.0,5.6
2021-07-29 09:44:19.203470,224137,0.0,0.0
2021-07-29 09:44:19.203470,224201,0.0,5.6
2021-07-29 09:44:19.360253,224137,0.0,0.0
2021-07-29 09:44:19.360253,224201,0.0,5.6
2021-07-29 09:44:19.516772,224137,0.0,0.0
2021-07-29 09:44:19.516772,224201,0.0,5.6
2021-07-29 09:44:19.673659,224137,0.0,0.0
2021-07-29 09:44:19.673659,224201,0.0,5.6
2021-07-29 09:44:19.830697,224137,0.0,0.0
2021-07-29 09:44:19.830697,224201,0.0,5.6
2021-07-29 09:44:19.987861,224137,0.0,0.0
2021-07-29 09:44:19.987861,224201,0.0,5.6
2021-07-29 09:44:20.144943,224137,0.0,0.0
2021-07-29 09:44:20.144943,224201,0.0,5.6
2021-07-29 09:44:20.302025,224137,0.0,0.0
2021-07-29 09:44:20.302025,224201,0.0,5.6
2021-07-29 09:44:20.459056,224137,0.0,0.0
2021-07-29 09:44:20.459056,224201,0.0,5.6
2021-07-29 09:44:20.616003,224137,0.0,0.0
2021-07-29 09:44:20.616003,224201,0.0,5.6
2021-07-29 09:44:20.773031,224137,0.0,0.0
2021-07-29 09:44:20.773031,224201,0.0,5.6
2021-07-29 09:44:20.929772,224137,0.0,0.0
2021-07-29 09:44:20.929772,224201,0.0,5.6
2021-07-29 09:44:21.086906,224137,0.0,0.0
2021-07-29 09:44:21.086906,224201,0.0,5.6
2021-07-29 09:44:21.243980,224137,0.0,0.0
2021-07-29 09:44:21.243980,224201,0.0,5.6
2021-07-29 09:44:21.400979,224137,0.0,0.0
2021-07-29 09:44:21.400979,224201,0.0,5.6
2021-07-29 09:44:21.557978,224137,0.0,0.0
2021-07-29 09:44:21.557978,224201,0.0,5.6
2021-07-29 09:44:21.715179,224137,0.0,0.0
2021-07-29 09:44:21.715179,224201,0.0,5.6
2021-07-29 09:44:21.872154,224137,0.0,0.0
2021-07-29 09:44:21.872154,224201,0.0,5.6
2021-07-29 09:44:22.029130,224137,0.0,0.0
2021-07-29 09:44:22.029130,224201,0.0,5.6
2021-07-29 09:44:22.186141,224137,0.0,0.0
2021-07-29 09:44:22.186141,224201,0.0,5.6
2021-07-29 09:44:22.343124,224137,0.0,0.0
2021-07-29 09:44:22.343124,224201,0.0,5.6
2021-07-29 09:44:22.500239,224137,0.0,0.0
2021-07-29 09:44:22.500239,224201,0.0,5.6
2021-07-29 09:44:22.657273,224137,0.0,0.0
2021-07-29 09:44:22.657273,224201,0.0,5.6
2021-07-29 09:44:22.814197,224137,0.0,0.0
2021-07-29 09:44:22.814197,224201,0.0,5.6
2021-07-29 09:44:22.971245,224137,0.0,0.0
2021-07-29 09:44:22.971245,224201,0.0,5.6
2021-07-29 09:44:23.128395,224137,0.0,0.0
2021-07-29 09:44:23.128395,224201,0.0,5.6
2021-07-29 09:44:23.285778,224137,0.0,0.0
2021-07-29 09:44:23.285778,224201,0.0,5.6
2021-07-29 09:44:23.442765,224137,0.0,0.0
2021-07-29 09:44:23.442765,224201,0.0,5.6
2021-07-29 09:44:23.599724,224137,0.0,0.0
2021-07-29 09:44:23.599724,224201,0.0,5.6
2021-07-29 09:44:23.756709,224137,0.0,0.0
2021-07-29 09:44:23.756709,224201,0.0,5.6
2021-07-29 09:44:23.913697,224137,0.0,0.0
2021-07-29 09:44:23.913697,224201,0.0,5.6
2021-07-29 09:44:24.070695,224137,0.0,0.0
2021-07-29 09:44:24.070695,224201,0.0,5.6
2021-07-29 09:44:24.227681,224137,0.0,0.0
2021-07-29 09:44:24.227681,224201,0.0,5.6
2021-07-29 09:44:24.384672,224137,0.0,0.0
2021-07-29 09:44:24.384672,224201,0.0,5.6
2021-07-29 09:44:24.541698,224137,0.0,0.0
2021-07-29 09:44:24.541698,224201,0.0,5.6
2021-07-29 09:44:24.698719,224137,0.0,0.0
2021-07-29 09:44:24.698719,224201,0.0,5.6
2021-07-29 09:44:24.855681,224137,0.0,0.0
2021-07-29 09:44:24.855681,224201,0.0,5.6
2021-07-29 09:44:25.012717,224137,0.0,0.0
2021-07-29 09:44:25.012717,224201,0.0,5.6
2021-07-29 09:44:25.169764,224137,0.0,0.0
2021-07-29 09:44:25.169764,224201,0.0,5.6
2021-07-29 09:44:25.326683,224137,0.0,0.0
2021-07-29 09:44:25.326683,224201,0.0,5.6
2021-07-29 09:44:25.483599,224137,0.0,0.0
2021-07-29 09:44:25.483599,224201,0.0,5.6
2021-07-29 09:44:25.640543,224137,0.0,0.0
2021-07-29 09:44:25.640543,224201,0.0,5.6
2021-07-29 09:44:25.797569,224137,0.0,0.0
2021-07-29 09:44:25.797569,224201,0.0,5.6
2021-07-29 09:44:25.954664,224137,0.0,0.0
2021-07-29 09:44:25.954664,224201,0.0,5.6
2021-07-29 09:44:26.111783,224137,0.0,0.0
2021-07-29 09:44:26.111783,224201,0.0,5.6
2021-07-29 09:44:26.268807,224137,0.0,0.0
2021-07-29 09:44:26.268807,224201,0.0,5.6
2021-07-29 09:44:26.425837,224137,0.0,0.0
2021-07-29 09:44:26.425837,224201,0.0,5.6
2021-07-29 09:44:26.582910,224137,0.0,0.0
2021-07-29 09:44:26.582910,224201,0.0,5.6
2021-07-29 09:44:26.739941,224137,0.0,0.0
2021-07-29 09:44:26.739941,224201,0.0,5.6
2021-07-29 09:44:26.896870,224137,0.0,0.0
2021-07-29 09:44:26.896870,224201,0.0,5.6
2021-07-29 09:44:27.053868,224137,0.0,0.0
2021-07-29 09:44:27.053868,224201,0.0,5.6
2021-07-29 09:44:27.210872,224137,0.0,0.0
2021-07-29 09:44:27.210872,224201,0.0,5.6
2021-07-29 09:44:27.367840,224137,0.0,0.0
2021-07-29 09:44:27.367840,224201,0.0,5.6
2021-07-29 09:44:27.524776,224137,0.0,0.0
2021-07-29 09:44:27.524776,224201,0.0,5.6
2021-07-29 09:44:27.681702,224137,0.0,0.0
2021-07-29 09:44:27.681702,224201,0.0,5.6
2021-07-29 09:44:27.838649,224137,0.0,0.0
2021-07-29 09:44:27.838649,224201,0.0,5.6
2021-07-29 09:44:27.995531,224137,0.0,0.0
2021-07-29 09:44:27.995531,224201,0.0,5.6
2021-07-29 09:44:28.152758,224137,0.0,0.0
2021-07-29 09:44:28.152758,224201,0.0,5.6
2021-07-29 09:44:28.309708,224137,0.0,0.0
2021-07-29 09:44:28.309708,224201,0.0,5.6
2021-07-29 09:44:28.466699,224137,0.0,0.0
2021-07-29 09:44:28.466699,224201,0.0,5.6
2021-07-29 09:44:28.623594,224137,0.0,0.0
2021-07-29 09:44:28.623594,224201,0.0,5.6
2021-07-29 09:44:28.780450,224137,0.0,0.0
2021-07-29 09:44:28.780450,224201,0.0,5.6
2021-07-29 09:44:28.937346,224137,0.0,0.0
2021-07-29 09:44:28.937346,224201,0.0,5.6
2021-07-29 09:44:29.093288,224137,0.0,0.0
2021-07-29 09:44:29.093288,224201,0.0,5.6
2021-07-29 09:44:29.250403,224137,0.0,0.0
2021-07-29 09:44:29.250403,224201,0.0,5.6
2021-07-29 09:44:29.407530,224137,0.0,0.0
2021-07-29 09:44:29.407530,224201,0.0,5.6
2021-07-29 09:44:29.564441,224137,0.0,0.0
2021-07-29 09:44:29.564441,224201,0.0,5.6
2021-07-29 09:44:29.721523,224137,0.0,0.0
2021-07-29 09:44:29.721523,224201,0.0,5.6
2021-07-29 09:44:29.878651,224137,0.0,0.0
2021-07-29 09:44:29.878651,224201,0.0,5.6
2021-07-29 09:44:30.035716,224137,0.0,0.0
2021-07-29 09:44:30.035716,224201,0.0,5.6
2021-07-29 09:44:30.192625,224137,0.0,0.0
2021-07-29 09:44:30.192625,224201,0.0,5.6
2021-07-29 09:44:30.349987,224137,0.0,0.0
2021-07-29 09:44:30.349987,224201,0.0,5.6
2021-07-29 09:44:30.506931,224137,0.0,0.0
2021-07-29 09:44:30.506931,224201,0.0,5.6
2021-07-29 09:44:30.664014,224137,0.0,0.0
2021-07-29 09:44:30.664014,224201,0.0,5.6
2021-07-29 09:44:30.821015,224137,0.0,0.0
2021-07-29 09:44:30.821015,224201,0.0,5.6
2021-07-29 09:44:30.978050,224137,0.0,0.0
2021-07-29 09:44:30.978050,224201,0.0,5.6
2021-07-29 09:44:31.134960,224137,0.0,0.0
2021-07-29 09:44:31.134960,224201,0.0,5.6
2021-07-29 09:44:31.291607,224137,0.0,0.0
2021-07-29 09:44:31.291607,224201,0.0,5.6
2021-07-29 09:44:31.448601,224137,0.0,0.0
2021-07-29 09:44:31.448601,224201,0.0,5.6
2021-07-29 09:44:31.605481,224137,0.0,0.0
2021-07-29 09:44:31.605481,224201,0.0,5.6
2021-07-29 09:44:31.762538,224137,0.0,0.0
2021-07-29 09:44:31.762538,224201,0.0,5.6
2021-07-29 09:44:31.919643,224137,0.0,0.0
2021-07-29 09:44:31.919643,224201,0.0,5.6
2021-07-29 09:44:32.076746,224137,0.0,0.0
2021-07-29 09:44:32.076746,224201,0.0,5.6
2021-07-29 09:44:32.233548,224137,0.0,0.0
2021-07-29 09:44:32.233548,224201,0.0,5.6
2021-07-29 09:44:32.390147,224137,0.0,0.0
2021-07-29 09:44:32.390147,224201,0.0,5.6
2021-07-29 09:44:32.547092,224137,0.0,0.0
2021-07-29 09:44:32.547092,224201,0.0,5.6
2021-07-29 09:44:32.703871,224137,0.0,0.0
2021-07-29 09:44:32.703871,224201,0.0,5.6
2021-07-29 09:44:32.860681,224137,0.0,0.0
2021-07-29 09:44:32.860681,224201,0.0,5.6
2021-07-29 09:44:33.018082,224137,0.0,0.0
2021-07-29 09:44:33.018082,224201,0.0,5.6
2021-07-29 09:44:33.175159,224137,0.0,0.0
2021-07-29 09:44:33.175159,224201,0.0,5.6
2021-07-29 09:44:33.332124,224137,0.0,0.0
2021-07-29 09:44:33.332124,224201,0.0,5.6
2021-07-29 09:44:33.489190,224137,0.0,0.0
2021-07-29 09:44:33.489190,224201,0.0,5.6
2021-07-29 09:44:33.646522,224137,0.0,0.0
2021-07-29 09:44:33.646522,224201,0.0,5.6
2021-07-29 09:44:33.803373,224137,0.0,0.0
2021-07-29 09:44:33.803373,224201,0.0,5.6
2021-07-29 09:44:33.959592,224137,0.0,0.0
2021-07-29 09:44:33.959592,224201,0.0,5.6
2021-07-29 09:44:34.116522,224137,0.0,0.0
2021-07-29 09:44:34.116522,224201,0.0,5.6
2021-07-29 09:44:34.273464,224137,0.0,0.0
2021-07-29 09:44:34.273464,224201,0.0,5.6
2021-07-29 09:44:34.430447,224137,0.0,0.0
2021-07-29 09:44:34.430447,224201,0.0,5.6
2021-07-29 09:44:34.587428,224137,0.0,0.0
2021-07-29 09:44:34.587428,224201,0.0,5.6
2021-07-29 09:44:34.744379,224137,0.0,0.0
2021-07-29 09:44:34.744379,224201,0.0,5.6
2021-07-29 09:44:34.901358,224137,0.0,0.0
2021-07-29 09:44:34.901358,224201,0.0,5.6
2021-07-29 09:44:35.058478,224137,0.0,0.0
2021-07-29 09:44:35.058478,224201,0.0,5.6
2021-07-29 09:44:35.215479,224137,0.0,0.0
2021-07-29 09:44:35.215479,224201,0.0,5.6
2021-07-29 09:44:35.372434,224137,0.0,0.0
2021-07-29 09:44:35.372434,224201,0.0,5.6
2021-07-29 09:44:35.529351,224137,0.0,0.0
2021-07-29 09:44:35.529351,224201,0.0,5.6
2021-07-29 09:44:35.686372,224137,0.0,0.0
2021-07-29 09:44:35.686372,224201,0.0,5.6
2021-07-29 09:44:35.843360,224137,0.0,0.0
2021-07-29 09:44:35.843360,224201,0.0,5.6
2021-07-29 09:44:36.000360,224137,0.0,0.0
2021-07-29 09:44:36.000360,224201,0.0,5.6
2021-07-29 09:44:36.157380,224137,0.0,0.0
2021-07-29 09:44:36.157380,224201,0.0,5.6
2021-07-29 09:44:36.314326,224137,0.0,0.0
2021-07-29 09:44:36.314326,224201,0.0,5.6
2021-07-29 09:44:36.471229,224137,0.0,0.0
2021-07-29 09:44:36.471229,224201,0.0,5.6
2021-07-29 09:44:36.628161,224137,0.0,0.0
2021-07-29 09:44:36.628161,224201,0.0,5.6
2021-07-29 09:44:36.785307,224137,0.0,0.0
2021-07-29 09:44:36.785307,224201,0.0,5.6
2021-07-29 09:44:36.942194,224137,0.0,0.0
2021-07-29 09:44:36.942194,224201,0.0,5.6
2021-07-29 09:44:37.099324,224137,0.0,0.0
2021-07-29 09:44:37.099324,224201,0.0,5.6
2021-07-29 09:44:37.256434,224137,0.0,0.0
2021-07-29 09:44:37.256434,224201,0.0,5.6
2021-07-29 09:44:37.413545,224137,0.0,0.0
2021-07-29 09:44:37.413545,224201,0.0,5.6
2021-07-29 09:44:37.570549,224137,0.0,0.0
2021-07-29 09:44:37.570549,224201,0.0,5.6
2021-07-29 09:44:37.727493,224137,0.0,0.0
2021-07-29 09:44:37.727493,224201,0.0,5.6
2021-07-29 09:44:37.884403,224137,0.0,0.0
2021-07-29 09:44:37.884403,224201,0.0,5.6
2021-07-29 09:44:38.041408,224137,0.0,0.0
2021-07-29 09:44:38.041408,224201,0.0,5.6
2021-07-29 09:44:38.198596,224137,0.0,0.0
2021-07-29 09:44:38.198596,224201,0.0,5.6
2021-07-29 09:44:38.355933,224201,6.7,5.6
2021-07-29 09:44:38.355933,224137,0.0,0.0
2021-07-29 09:44:38.512995,224137,0.0,0.0
2021-07-29 09:44:38.512995,224201,0.0,5.6
2021-07-29 09:44:38.669998,224137,0.0,0.0
2021-07-29 09:44:38.669998,224201,0.0,5.6
2021-07-29 09:44:38.826979,224137,0.0,0.0
2021-07-29 09:44:38.826979,224201,0.0,5.6
2021-07-29 09:44:38.983936,224137,0.0,0.0
2021-07-29 09:44:38.983936,224201,0.0,5.6
2021-07-29 09:44:39.141064,224137,0.0,0.0
2021-07-29 09:44:39.141064,224201,0.0,5.6
2021-07-29 09:44:39.297753,224137,0.0,0.0
2021-07-29 09:44:39.297753,224201,0.0,5.6
2021-07-29 09:44:39.454592,224137,0.0,0.0
2021-07-29 09:44:39.454592,224201,0.0,5.6
2021-07-29 09:44:39.611524,224137,0.0,0.0
2021-07-29 09:44:39.611524,224201,0.0,5.6
2021-07-29 09:44:39.768432,224137,0.0,0.0
2021-07-29 09:44:39.768432,224201,0.0,5.6
2021-07-29 09:44:39.925607,224137,0.0,0.0
2021-07-29 09:44:39.925607,224201,0.0,5.6
2021-07-29 09:44:40.082799,224137,0.0,0.0
2021-07-29 09:44:40.082799,224201,0.0,5.6
2021-07-29 09:44:40.239559,224137,0.0,0.0
2021-07-29 09:44:40.239559,224201,0.0,5.6
2021-07-29 09:44:40.396594,224137,0.0,0.0
2021-07-29 09:44:40.396594,224201,0.0,5.6
2021-07-29 09:44:40.553579,224137,0.0,0.0
2021-07-29 09:44:40.553579,224201,0.0,5.6
2021-07-29 09:44:40.710612,224137,0.0,0.0
2021-07-29 09:44:40.710612,224201,0.0,5.6
2021-07-29 09:44:40.867660,224137,0.0,0.0
2021-07-29 09:44:40.867660,224201,0.0,5.6
2021-07-29 09:44:41.024645,224137,0.0,0.0
2021-07-29 09:44:41.024645,224201,0.0,5.6
2021-07-29 09:44:41.181815,224137,0.0,0.0
2021-07-29 09:44:41.181815,224201,0.0,5.6
2021-07-29 09:44:41.338917,224137,0.0,0.0
2021-07-29 09:44:41.338917,224201,0.0,5.6
2021-07-29 09:44:41.495919,224137,0.0,0.0
2021-07-29 09:44:41.495919,224201,0.0,5.6
2021-07-29 09:44:41.652791,224137,0.0,0.0
2021-07-29 09:44:41.652791,224201,0.0,5.6
2021-07-29 09:44:41.809817,224137,0.0,0.0
2021-07-29 09:44:41.809817,224201,0.0,5.6
2021-07-29 09:44:41.966802,224137,0.0,0.0
2021-07-29 09:44:41.966802,224201,0.0,5.6
2021-07-29 09:44:42.123854,224137,0.0,0.0
2021-07-29 09:44:42.123854,224201,0.0,5.6
2021-07-29 09:44:42.280981,224137,0.0,0.0
2021-07-29 09:44:42.280981,224201,0.0,5.6
2021-07-29 09:44:42.437985,224137,0.0,0.0
2021-07-29 09:44:42.437985,224201,0.0,5.6
2021-07-29 09:44:42.594913,224137,0.0,0.0
2021-07-29 09:44:42.594913,224201,0.0,5.6
2021-07-29 09:44:42.751877,224137,0.0,0.0
2021-07-29 09:44:42.751877,224201,0.0,5.6
2021-07-29 09:44:42.908880,224137,0.0,0.0
2021-07-29 09:44:42.908880,224201,0.0,5.6
2021-07-29 09:44:43.065861,224137,0.0,0.0
2021-07-29 09:44:43.065861,224201,0.0,5.6
2021-07-29 09:44:43.222893,224137,0.0,0.0
2021-07-29 09:44:43.222893,224201,0.0,5.6
2021-07-29 09:44:43.379918,224137,0.0,0.0
2021-07-29 09:44:43.379918,224201,0.0,5.6
2021-07-29 09:44:43.537247,224137,0.0,0.0
2021-07-29 09:44:43.537247,224201,0.0,5.6
2021-07-29 09:44:43.694156,224137,0.0,0.0
2021-07-29 09:44:43.694156,224201,0.0,5.6
2021-07-29 09:44:43.851115,224137,0.0,0.0
2021-07-29 09:44:43.851115,224201,0.0,5.6
2021-07-29 09:44:44.008064,224137,0.0,0.0
2021-07-29 09:44:44.008064,224201,0.0,5.6
2021-07-29 09:44:44.165255,224137,0.0,0.0
2021-07-29 09:44:44.165255,224201,0.0,5.6
2021-07-29 09:44:44.322209,224137,0.0,0.0
2021-07-29 09:44:44.322209,224201,0.0,5.6
2021-07-29 09:44:44.479238,224201,6.7,5.6
2021-07-29 09:44:44.479238,224137,0.0,0.0
2021-07-29 09:44:44.636202,224137,0.0,0.0
2021-07-29 09:44:44.636202,224201,0.0,5.6
2021-07-29 09:44:44.793257,224137,0.0,0.0
2021-07-29 09:44:44.793257,224201,0.0,5.6
2021-07-29 09:44:44.950234,224137,0.0,0.0
2021-07-29 09:44:44.950234,224201,0.0,5.6
2021-07-29 09:44:45.107218,224137,0.0,0.0
2021-07-29 09:44:45.107218,224201,0.0,5.6
2021-07-29 09:44:45.264367,224137,0.0,0.0
2021-07-29 09:44:45.264367,224201,0.0,5.6
2021-07-29 09:44:45.421275,224137,0.0,0.0
2021-07-29 09:44:45.421275,224201,0.0,5.6
2021-07-29 09:44:45.578198,224137,0.0,0.0
2021-07-29 09:44:45.578198,224201,0.0,5.6
2021-07-29 09:44:45.735122,224137,0.0,0.0
2021-07-29 09:44:45.735122,224201,0.0,5.6
2021-07-29 09:44:45.891961,224137,0.0,0.0
2021-07-29 09:44:45.891961,224201,0.0,5.6
2021-07-29 09:44:46.048837,224137,0.0,0.0
2021-07-29 09:44:46.048837,224201,0.0,5.6
2021-07-29 09:44:46.205901,224137,0.0,0.0
2021-07-29 09:44:46.205901,224201,0.0,5.6
2021-07-29 09:44:46.362968,224137,0.0,0.0
2021-07-29 09:44:46.362968,224201,0.0,5.6
2021-07-29 09:44:46.519957,224137,0.0,0.0
2021-07-29 09:44:46.519957,224201,0.0,5.6
2021-07-29 09:44:46.676905,224137,0.0,0.0
2021-07-29 09:44:46.676905,224201,0.0,5.6
2021-07-29 09:44:46.833908,224137,0.0,0.0
2021-07-29 09:44:46.833908,224201,0.0,5.6
2021-07-29 09:44:46.990559,224137,0.0,0.0
2021-07-29 09:44:46.990559,224201,0.0,5.6
2021-07-29 09:44:47.147594,224137,0.0,0.0
2021-07-29 09:44:47.147594,224201,0.0,5.6
2021-07-29 09:44:47.304540,224137,0.0,0.0
2021-07-29 09:44:47.304540,224201,0.0,5.6
2021-07-29 09:44:47.461392,224137,0.0,0.0
2021-07-29 09:44:47.461392,224201,0.0,5.6
2021-07-29 09:44:47.618492,224137,0.0,0.0
2021-07-29 09:44:47.618492,224201,0.0,5.6
2021-07-29 09:44:47.775490,224137,0.0,0.0
2021-07-29 09:44:47.775490,224201,0.0,5.6
2021-07-29 09:44:47.932491,224137,0.0,0.0
2021-07-29 09:44:47.932491,224201,0.0,5.6
2021-07-29 09:44:48.089330,224137,0.0,0.0
2021-07-29 09:44:48.089330,224201,0.0,5.6
2021-07-29 09:44:48.246385,224137,0.0,0.0
2021-07-29 09:44:48.246385,224201,0.0,5.6
2021-07-29 09:44:48.403420,224137,0.0,0.0
2021-07-29 09:44:48.403420,224201,0.0,5.6
2021-07-29 09:44:48.560384,224137,0.0,0.0
2021-07-29 09:44:48.560384,224201,0.0,5.6
2021-07-29 09:44:48.717299,224137,0.0,0.0
2021-07-29 09:44:48.717299,224201,0.0,5.6
2021-07-29 09:44:48.874275,224137,0.0,0.0
2021-07-29 09:44:48.874275,224201,0.0,5.6
2021-07-29 09:44:49.031338,224137,0.0,0.0
2021-07-29 09:44:49.031338,224201,0.0,5.6
2021-07-29 09:44:49.188766,224137,0.0,0.0
2021-07-29 09:44:49.188766,224201,0.0,5.6
2021-07-29 09:44:49.345801,224137,0.0,0.0
2021-07-29 09:44:49.345801,224201,0.0,5.6
2021-07-29 09:44:49.502742,224137,0.0,0.0
2021-07-29 09:44:49.502742,224201,0.0,5.6
2021-07-29 09:44:49.659686,224137,0.0,0.0
2021-07-29 09:44:49.659686,224201,0.0,5.6
2021-07-29 09:44:49.816797,224137,0.0,0.0
2021-07-29 09:44:49.816797,224201,0.0,5.6
2021-07-29 09:44:49.973940,224137,0.0,0.0
2021-07-29 09:44:49.973940,224201,0.0,5.6
2021-07-29 09:44:50.130673,224137,0.0,0.0
2021-07-29 09:44:50.130673,224201,0.0,5.6
2021-07-29 09:44:50.287724,224137,0.0,0.0
2021-07-29 09:44:50.287724,224201,0.0,5.6
2021-07-29 09:44:50.444986,224137,0.0,0.0
2021-07-29 09:44:50.444986,224201,0.0,5.6
2021-07-29 09:44:50.601932,224137,0.0,0.0
2021-07-29 09:44:50.601932,224201,0.0,5.6
2021-07-29 09:44:50.758843,224137,0.0,0.0
2021-07-29 09:44:50.758843,224201,0.0,5.6
2021-07-29 09:44:50.915745,224137,0.0,0.0
2021-07-29 09:44:50.915745,224201,0.0,5.6
2021-07-29 09:44:51.072879,224137,0.0,0.0
2021-07-29 09:44:51.072879,224201,0.0,5.6
2021-07-29 09:44:51.229962,224137,0.0,0.0
2021-07-29 09:44:51.229962,224201,0.0,5.6
2021-07-29 09:44:51.386934,224137,0.0,0.0
2021-07-29 09:44:51.386934,224201,0.0,5.6
2021-07-29 09:44:51.543837,224137,0.0,0.0
2021-07-29 09:44:51.543837,224201,0.0,5.6
2021-07-29 09:44:51.700773,224137,0.0,0.0
2021-07-29 09:44:51.700773,224201,0.0,5.6
2021-07-29 09:44:51.857716,224137,0.0,0.0
2021-07-29 09:44:51.857716,224201,0.0,5.6
2021-07-29 09:44:52.014688,224137,0.0,0.0
2021-07-29 09:44:52.014688,224201,0.0,5.6
2021-07-29 09:44:52.171661,224137,0.0,0.0
2021-07-29 09:44:52.171661,224201,0.0,5.6
2021-07-29 09:44:52.328474,224137,0.0,0.0
2021-07-29 09:44:52.328474,224201,0.0,5.6
2021-07-29 09:44:52.485217,224137,0.0,0.0
2021-07-29 09:44:52.485217,224201,0.0,5.6
2021-07-29 09:44:52.642222,224137,0.0,0.0
2021-07-29 09:44:52.642222,224201,0.0,5.6
2021-07-29 09:44:52.799215,224137,0.0,0.0
2021-07-29 09:44:52.799215,224201,0.0,5.6
2021-07-29 09:44:52.956143,224137,0.0,0.0
2021-07-29 09:44:52.956143,224201,0.0,5.6
2021-07-29 09:44:53.113207,224137,0.0,0.0
2021-07-29 09:44:53.113207,224201,0.0,5.6
2021-07-29 09:44:53.270308,224137,0.0,0.0
2021-07-29 09:44:53.270308,224201,0.0,5.6
2021-07-29 09:44:53.427666,224137,0.0,0.0
2021-07-29 09:44:53.427666,224201,0.0,5.6
2021-07-29 09:44:53.584612,224137,0.0,0.0
2021-07-29 09:44:53.584612,224201,0.0,5.6
2021-07-29 09:44:53.741600,224137,0.0,0.0
2021-07-29 09:44:53.741600,224201,0.0,5.6
2021-07-29 09:44:53.898363,224137,0.0,0.0
2021-07-29 09:44:53.898363,224201,0.0,5.6
2021-07-29 09:44:54.055563,224137,0.0,0.0
2021-07-29 09:44:54.055563,224201,0.0,5.6
2021-07-29 09:44:54.212955,224137,0.0,0.0
2021-07-29 09:44:54.212955,224201,0.0,5.6
2021-07-29 09:44:54.370012,224137,0.0,0.0
2021-07-29 09:44:54.370012,224201,0.0,5.6
2021-07-29 09:44:54.527185,224137,0.0,0.0
2021-07-29 09:44:54.527185,224201,0.0,5.6
2021-07-29 09:44:54.684164,224137,0.0,0.0
2021-07-29 09:44:54.684164,224201,0.0,5.6
2021-07-29 09:44:54.841279,224137,0.0,0.0
2021-07-29 09:44:54.841279,224201,0.0,5.6
2021-07-29 09:44:54.998308,224137,0.0,0.0
2021-07-29 09:44:54.998308,224201,0.0,5.6
2021-07-29 09:44:55.154155,224137,0.0,0.0
2021-07-29 09:44:55.154155,224201,0.0,5.6
2021-07-29 09:44:55.311128,224137,0.0,0.0
2021-07-29 09:44:55.311128,224201,0.0,5.6
2021-07-29 09:44:55.468072,224137,0.0,0.0
2021-07-29 09:44:55.468072,224201,0.0,5.6
2021-07-29 09:44:55.624943,224137,0.0,0.0
2021-07-29 09:44:55.624943,224201,0.0,5.6
2021-07-29 09:44:55.781920,224137,0.0,0.0
2021-07-29 09:44:55.781920,224201,0.0,5.6
2021-07-29 09:44:55.938851,224137,0.0,0.0
2021-07-29 09:44:55.938851,224201,0.0,5.6
2021-07-29 09:44:56.095805,224137,0.0,0.0
2021-07-29 09:44:56.095805,224201,0.0,5.6
2021-07-29 09:44:56.252773,224137,0.0,0.0
2021-07-29 09:44:56.252773,224201,0.0,5.6
2021-07-29 09:44:56.409715,224137,0.0,0.0
2021-07-29 09:44:56.409715,224201,0.0,5.6
2021-07-29 09:44:56.566705,224137,0.0,0.0
2021-07-29 09:44:56.566705,224201,0.0,5.6
2021-07-29 09:44:56.723600,224137,0.0,0.0
2021-07-29 09:44:56.723600,224201,0.0,5.6
2021-07-29 09:44:56.880770,224137,0.0,0.0
2021-07-29 09:44:56.880770,224201,0.0,5.6
2021-07-29 09:44:57.037890,224137,0.0,0.0
2021-07-29 09:44:57.037890,224201,0.0,5.6
2021-07-29 09:44:57.194592,224137,0.0,0.0
2021-07-29 09:44:57.194592,224201,0.0,5.6
2021-07-29 09:44:57.351689,224137,0.0,0.0
2021-07-29 09:44:57.351689,224201,0.0,5.6
2021-07-29 09:44:57.508687,224137,0.0,0.0
2021-07-29 09:44:57.508687,224201,0.0,5.6
2021-07-29 09:44:57.665666,224137,0.0,0.0
2021-07-29 09:44:57.665666,224201,0.0,5.6
2021-07-29 09:44:57.822583,224137,0.0,0.0
2021-07-29 09:44:57.822583,224201,0.0,5.6
2021-07-29 09:44:57.979541,224137,0.0,0.0
2021-07-29 09:44:57.979541,224201,0.0,5.6
2021-07-29 09:44:58.136594,224137,0.0,0.0
2021-07-29 09:44:58.136594,224201,0.0,5.6
2021-07-29 09:44:58.293581,224137,0.0,0.0
2021-07-29 09:44:58.293581,224201,0.0,5.6
2021-07-29 09:44:58.450704,224137,0.0,0.0
2021-07-29 09:44:58.450704,224201,0.0,5.6
2021-07-29 09:44:58.607663,224137,0.0,0.0
2021-07-29 09:44:58.607663,224201,0.0,5.6
2021-07-29 09:44:58.764745,224137,0.0,0.0
2021-07-29 09:44:58.764745,224201,0.0,5.6
2021-07-29 09:44:58.921781,224137,0.0,0.0
2021-07-29 09:44:58.921781,224201,0.0,5.6
2021-07-29 09:44:59.078916,224137,0.0,0.0
2021-07-29 09:44:59.078916,224201,0.0,5.6
2021-07-29 09:44:59.235949,224137,0.0,0.0
2021-07-29 09:44:59.235949,224201,0.0,5.6
2021-07-29 09:44:59.393049,224137,0.0,0.0
2021-07-29 09:44:59.393049,224201,0.0,5.6
2021-07-29 09:44:59.549960,224137,0.0,0.0
2021-07-29 09:44:59.549960,224201,0.0,5.6
2021-07-29 09:44:59.707042,224137,0.0,0.0
2021-07-29 09:44:59.707042,224201,0.0,5.6
2021-07-29 09:44:59.864152,224137,0.0,0.0
2021-07-29 09:44:59.864152,224201,0.0,5.6
2021-07-29 09:45:00.021425,224137,0.0,0.0
2021-07-29 09:45:00.021425,224201,0.0,5.6
2021-07-29 09:45:00.178444,224137,0.0,0.0
2021-07-29 09:45:00.178444,224201,0.0,5.6
2021-07-29 09:45:00.335500,224137,0.0,0.0
2021-07-29 09:45:00.335500,224201,0.0,5.6
2021-07-29 09:45:00.492424,224137,0.0,0.0
2021-07-29 09:45:00.492424,224201,0.0,5.6
2021-07-29 09:45:00.649394,224137,0.0,0.0
2021-07-29 09:45:00.649394,224201,0.0,5.6
2021-07-29 09:45:00.806341,224137,0.0,0.0
2021-07-29 09:45:00.806341,224201,0.0,5.6
2021-07-29 09:45:00.963328,224137,0.0,0.0
2021-07-29 09:45:00.963328,224201,0.0,5.6
2021-07-29 09:45:01.120419,224137,0.0,0.0
2021-07-29 09:45:01.120419,224201,0.0,5.6
2021-07-29 09:45:01.277216,224137,0.0,0.0
2021-07-29 09:45:01.277216,224201,0.0,5.6
2021-07-29 09:45:01.434024,224137,0.0,0.0
2021-07-29 09:45:01.434024,224201,0.0,5.6
2021-07-29 09:45:01.590845,224137,0.0,0.0
2021-07-29 09:45:01.590845,224201,0.0,5.6
2021-07-29 09:45:01.747397,224137,0.0,0.0
2021-07-29 09:45:01.747397,224201,0.0,5.6
2021-07-29 09:45:01.904355,224137,0.0,0.0
2021-07-29 09:45:01.904355,224201,0.0,5.6
2021-07-29 09:45:02.061146,224137,0.0,0.0
2021-07-29 09:45:02.061146,224201,0.0,5.6
2021-07-29 09:45:02.217997,224137,0.0,0.0
2021-07-29 09:45:02.217997,224201,0.0,5.6
2021-07-29 09:45:02.375273,224137,0.0,0.0
2021-07-29 09:45:02.375273,224201,0.0,5.6
2021-07-29 09:45:02.532354,224137,0.0,0.0
2021-07-29 09:45:02.532354,224201,0.0,5.6
2021-07-29 09:45:02.689705,224137,0.0,0.0
2021-07-29 09:45:02.689705,224201,0.0,5.6
2021-07-29 09:45:02.846806,224137,0.0,0.0
2021-07-29 09:45:02.846806,224201,0.0,5.6
2021-07-29 09:45:03.003725,224137,0.0,0.0
2021-07-29 09:45:03.003725,224201,0.0,5.6
2021-07-29 09:45:03.160866,224137,0.0,0.0
2021-07-29 09:45:03.160866,224201,0.0,5.6
2021-07-29 09:45:03.317675,224137,0.0,0.0
2021-07-29 09:45:03.317675,224201,0.0,5.6
2021-07-29 09:45:03.474172,224137,0.0,0.0
2021-07-29 09:45:03.474172,224201,0.0,5.6
2021-07-29 09:45:03.631109,224137,0.0,0.0
2021-07-29 09:45:03.631109,224201,0.0,5.6
2021-07-29 09:45:03.788031,224137,0.0,0.0
2021-07-29 09:45:03.788031,224201,0.0,5.6
2021-07-29 09:45:03.944921,224137,0.0,0.0
2021-07-29 09:45:03.944921,224201,0.0,5.6
2021-07-29 09:45:04.102085,224137,0.0,0.0
2021-07-29 09:45:04.102085,224201,0.0,5.6
2021-07-29 09:45:04.259128,224137,0.0,0.0
2021-07-29 09:45:04.259128,224201,0.0,5.6
2021-07-29 09:45:04.416150,224137,0.0,0.0
2021-07-29 09:45:04.416150,224201,0.0,5.6
2021-07-29 09:45:04.573566,224137,0.0,0.0
2021-07-29 09:45:04.573566,224201,0.0,5.6
2021-07-29 09:45:04.730367,224137,0.0,0.0
2021-07-29 09:45:04.730367,224201,0.0,5.6
2021-07-29 09:45:04.886956,224137,0.0,0.0
2021-07-29 09:45:04.886956,224201,0.0,5.6
2021-07-29 09:45:05.043947,224137,0.0,0.0
2021-07-29 09:45:05.043947,224201,0.0,5.6
2021-07-29 09:45:05.200992,224137,0.0,0.0
2021-07-29 09:45:05.200992,224201,0.0,5.6
2021-07-29 09:45:05.357971,224137,0.0,0.0
2021-07-29 09:45:05.357971,224201,0.0,5.6
2021-07-29 09:45:05.514792,224137,0.0,0.0
2021-07-29 09:45:05.514792,224201,0.0,5.6
2021-07-29 09:45:05.671685,224137,0.0,0.0
2021-07-29 09:45:05.671685,224201,0.0,5.6
2021-07-29 09:45:05.829029,224137,0.0,0.0
2021-07-29 09:45:05.829029,224201,0.0,5.6
2021-07-29 09:45:05.985988,224137,0.0,0.0
2021-07-29 09:45:05.985988,224201,0.0,5.6
2021-07-29 09:45:06.143025,224137,0.0,0.0
2021-07-29 09:45:06.143025,224201,0.0,5.6
2021-07-29 09:45:06.299981,224137,0.0,0.0
2021-07-29 09:45:06.299981,224201,0.0,5.6
2021-07-29 09:45:06.456827,224137,0.0,0.0
2021-07-29 09:45:06.456827,224201,0.0,5.6
2021-07-29 09:45:06.613663,224137,0.0,0.0
2021-07-29 09:45:06.613663,224201,0.0,5.6
2021-07-29 09:45:06.770587,224137,0.0,0.0
2021-07-29 09:45:06.770587,224201,0.0,5.6
2021-07-29 09:45:06.927503,224137,0.0,0.0
2021-07-29 09:45:06.927503,224201,0.0,5.6
2021-07-29 09:45:07.084488,224137,0.0,0.0
2021-07-29 09:45:07.084488,224201,0.0,5.6
2021-07-29 09:45:07.241460,224137,0.0,0.0
2021-07-29 09:45:07.241460,224201,0.0,5.6
2021-07-29 09:45:07.398437,224137,0.0,0.0
2021-07-29 09:45:07.398437,224201,0.0,5.6
2021-07-29 09:45:07.555357,224137,0.0,0.0
2021-07-29 09:45:07.555357,224201,0.0,5.6
2021-07-29 09:45:07.712442,224137,0.0,0.0
2021-07-29 09:45:07.712442,224201,0.0,5.6
2021-07-29 09:45:07.869550,224137,0.0,0.0
2021-07-29 09:45:07.869550,224201,0.0,5.6
2021-07-29 09:45:08.026532,224137,0.0,0.0
2021-07-29 09:45:08.026532,224201,0.0,5.6
2021-07-29 09:45:08.183377,224137,0.0,0.0
2021-07-29 09:45:08.183377,224201,0.0,5.6
2021-07-29 09:45:08.340762,224137,0.0,0.0
2021-07-29 09:45:08.340762,224201,0.0,5.6
2021-07-29 09:45:08.497686,224137,0.0,0.0
2021-07-29 09:45:08.497686,224201,0.0,5.6
2021-07-29 09:45:08.654636,224137,0.0,0.0
2021-07-29 09:45:08.654636,224201,0.0,5.6
2021-07-29 09:45:08.811639,224137,0.0,0.0
2021-07-29 09:45:08.811639,224201,0.0,5.6
2021-07-29 09:45:08.969127,224137,0.0,0.0
2021-07-29 09:45:08.969127,224201,0.0,5.6
2021-07-29 09:45:09.126062,224137,0.0,0.0
2021-07-29 09:45:09.126062,224201,0.0,5.6
2021-07-29 09:45:09.283178,224137,0.0,0.0
2021-07-29 09:45:09.283178,224201,0.0,5.6
2021-07-29 09:45:09.440255,224137,0.0,0.0
2021-07-29 09:45:09.440255,224201,0.0,5.6
2021-07-29 09:45:09.597199,224137,0.0,0.0
2021-07-29 09:45:09.597199,224201,0.0,5.6
2021-07-29 09:45:09.754198,224137,0.0,0.0
2021-07-29 09:45:09.754198,224201,0.0,5.6
2021-07-29 09:45:09.911203,224137,0.0,0.0
2021-07-29 09:45:09.911203,224201,0.0,5.6
2021-07-29 09:45:10.068435,224137,0.0,0.0
2021-07-29 09:45:10.068435,224201,0.0,5.6
2021-07-29 09:45:10.225841,224137,0.0,0.0
2021-07-29 09:45:10.225841,224201,0.0,5.6
2021-07-29 09:45:10.382922,224137,0.0,0.0
2021-07-29 09:45:10.382922,224201,0.0,5.6
2021-07-29 09:45:10.539887,224137,0.0,0.0
2021-07-29 09:45:10.539887,224201,0.0,5.6
2021-07-29 09:45:10.696792,224137,0.0,0.0
2021-07-29 09:45:10.696792,224201,0.0,5.6
2021-07-29 09:45:10.853797,224137,0.0,0.0
2021-07-29 09:45:10.853797,224201,0.0,5.6
2021-07-29 09:45:11.010790,224137,0.0,0.0
2021-07-29 09:45:11.010790,224201,0.0,5.6
2021-07-29 09:45:11.167816,224137,0.0,0.0
2021-07-29 09:45:11.167816,224201,0.0,5.6
2021-07-29 09:45:11.324766,224137,0.0,0.0
2021-07-29 09:45:11.324766,224201,0.0,5.6
2021-07-29 09:45:11.481828,224137,0.0,0.0
2021-07-29 09:45:11.481828,224201,0.0,5.6
2021-07-29 09:45:11.638799,224137,0.0,0.0
2021-07-29 09:45:11.638799,224201,0.0,5.6
2021-07-29 09:45:11.795745,224137,0.0,0.0
2021-07-29 09:45:11.795745,224201,0.0,5.6
2021-07-29 09:45:11.952747,224137,0.0,0.0
2021-07-29 09:45:11.952747,224201,0.0,5.6
2021-07-29 09:45:12.109734,224137,0.0,0.0
2021-07-29 09:45:12.109734,224201,0.0,5.6
2021-07-29 09:45:12.266747,224137,0.0,0.0
2021-07-29 09:45:12.266747,224201,0.0,5.6
2021-07-29 09:45:12.423662,224137,0.0,0.0
2021-07-29 09:45:12.423662,224201,0.0,5.6
2021-07-29 09:45:12.580756,224137,0.0,0.0
2021-07-29 09:45:12.580756,224201,0.0,5.6
2021-07-29 09:45:12.737881,224137,0.0,0.0
2021-07-29 09:45:12.737881,224201,0.0,5.6
2021-07-29 09:45:12.895007,224137,0.0,0.0
2021-07-29 09:45:12.895007,224201,0.0,5.6
2021-07-29 09:45:13.052042,224137,0.0,0.0
2021-07-29 09:45:13.052042,224201,0.0,5.6
2021-07-29 09:45:13.209100,224137,0.0,0.0
2021-07-29 09:45:13.209100,224201,0.0,5.6
2021-07-29 09:45:13.366087,224137,0.0,0.0
2021-07-29 09:45:13.366087,224201,0.0,5.6
2021-07-29 09:45:13.523174,224137,0.0,0.0
2021-07-29 09:45:13.523174,224201,0.0,5.6
2021-07-29 09:45:13.680155,224137,0.0,0.0
2021-07-29 09:45:13.680155,224201,0.0,5.6
2021-07-29 09:45:13.837052,224137,0.0,0.0
2021-07-29 09:45:13.837052,224201,0.0,5.6
2021-07-29 09:45:13.993747,224137,0.0,0.0
2021-07-29 09:45:13.993747,224201,0.0,5.6
2021-07-29 09:45:14.150793,224137,0.0,0.0
2021-07-29 09:45:14.150793,224201,0.0,5.6
2021-07-29 09:45:14.307747,224137,0.0,0.0
2021-07-29 09:45:14.307747,224201,0.0,5.6
2021-07-29 09:45:14.464659,224137,0.0,0.0
2021-07-29 09:45:14.464659,224201,0.0,5.6
2021-07-29 09:45:14.621611,224137,0.0,0.0
2021-07-29 09:45:14.621611,224201,0.0,5.6
2021-07-29 09:45:14.778673,224137,0.0,0.0
2021-07-29 09:45:14.778673,224201,0.0,5.6
2021-07-29 09:45:14.935558,224137,0.0,0.0
2021-07-29 09:45:14.935558,224201,0.0,5.6
2021-07-29 09:45:15.091507,224137,0.0,0.0
2021-07-29 09:45:15.091507,224201,0.0,5.6
2021-07-29 09:45:15.248551,224137,0.0,0.0
2021-07-29 09:45:15.248551,224201,0.0,5.6
2021-07-29 09:45:15.405409,224137,0.0,0.0
2021-07-29 09:45:15.405409,224201,0.0,5.6
2021-07-29 09:45:15.562488,224137,0.0,0.0
2021-07-29 09:45:15.562488,224201,0.0,5.6
2021-07-29 09:45:15.719471,224137,0.0,0.0
2021-07-29 09:45:15.719471,224201,0.0,5.6
2021-07-29 09:45:15.876386,224137,0.0,0.0
2021-07-29 09:45:15.876386,224201,0.0,5.6
2021-07-29 09:45:16.033512,224137,0.0,0.0
2021-07-29 09:45:16.033512,224201,0.0,5.6
2021-07-29 09:45:16.190640,224137,0.0,0.0
2021-07-29 09:45:16.190640,224201,0.0,5.6
2021-07-29 09:45:16.347626,224137,0.0,0.0
2021-07-29 09:45:16.347626,224201,0.0,5.6
2021-07-29 09:45:16.504201,224137,0.0,0.0
2021-07-29 09:45:16.504201,224201,0.0,5.6
2021-07-29 09:45:16.661255,224137,0.0,0.0
2021-07-29 09:45:16.661255,224201,0.0,5.6
2021-07-29 09:45:16.818343,224137,0.0,0.0
2021-07-29 09:45:16.818343,224201,0.0,5.6
2021-07-29 09:45:16.975556,224137,0.0,0.0
2021-07-29 09:45:16.975556,224201,0.0,5.6
2021-07-29 09:45:17.132582,224137,0.0,0.0
2021-07-29 09:45:17.132582,224201,0.0,5.6
2021-07-29 09:45:17.289650,224137,0.0,0.0
2021-07-29 09:45:17.289650,224201,0.0,5.6
2021-07-29 09:45:17.446664,224137,0.0,0.0
2021-07-29 09:45:17.446664,224201,0.0,5.6
2021-07-29 09:45:17.603684,224137,0.0,0.0
2021-07-29 09:45:17.603684,224201,0.0,5.6
2021-07-29 09:45:17.760908,224137,0.0,0.0
2021-07-29 09:45:17.760908,224201,0.0,5.6
2021-07-29 09:45:17.917960,224137,0.0,0.0
2021-07-29 09:45:17.917960,224201,0.0,5.6
2021-07-29 09:45:18.074960,224137,0.0,0.0
2021-07-29 09:45:18.074960,224201,0.0,5.6
2021-07-29 09:45:18.231991,224137,0.0,0.0
2021-07-29 09:45:18.231991,224201,0.0,5.6
2021-07-29 09:45:18.388981,224137,0.0,0.0
2021-07-29 09:45:18.388981,224201,0.0,5.6
2021-07-29 09:45:18.545920,224137,0.0,0.0
2021-07-29 09:45:18.545920,224201,0.0,5.6
2021-07-29 09:45:18.702811,224137,0.0,0.0
2021-07-29 09:45:18.702811,224201,0.0,5.6
2021-07-29 09:45:18.859745,224201,6.7,5.6
2021-07-29 09:45:18.859745,224137,0.0,0.0
2021-07-29 09:45:19.016891,224137,0.0,0.0
2021-07-29 09:45:19.016891,224201,0.0,5.6
2021-07-29 09:45:19.173935,224137,0.0,0.0
2021-07-29 09:45:19.173935,224201,0.0,5.6
2021-07-29 09:45:19.331027,224137,0.0,0.0
2021-07-29 09:45:19.331027,224201,0.0,5.6
2021-07-29 09:45:19.488040,224137,0.0,0.0
2021-07-29 09:45:19.488040,224201,0.0,5.6
2021-07-29 09:45:19.644973,224137,0.0,0.0
2021-07-29 09:45:19.644973,224201,0.0,5.6
2021-07-29 09:45:19.802046,224137,0.0,0.0
2021-07-29 09:45:19.802046,224201,0.0,5.6
2021-07-29 09:45:19.959355,224137,0.0,0.0
2021-07-29 09:45:19.959355,224201,0.0,5.6
2021-07-29 09:45:20.116057,224137,0.0,0.0
2021-07-29 09:45:20.116057,224201,0.0,5.6
2021-07-29 09:45:20.273003,224137,0.0,0.0
2021-07-29 09:45:20.273003,224201,0.0,5.6
2021-07-29 09:45:20.429903,224137,0.0,0.0
2021-07-29 09:45:20.429903,224201,0.0,5.6
2021-07-29 09:45:20.586917,224137,0.0,0.0
2021-07-29 09:45:20.586917,224201,0.0,5.6
2021-07-29 09:45:20.743834,224137,0.0,0.0
2021-07-29 09:45:20.743834,224201,0.0,5.6
2021-07-29 09:45:20.900790,224137,0.0,0.0
2021-07-29 09:45:20.900790,224201,0.0,5.6
2021-07-29 09:45:21.057746,224137,0.0,0.0
2021-07-29 09:45:21.057746,224201,0.0,5.6
2021-07-29 09:45:21.214478,224137,0.0,0.0
2021-07-29 09:45:21.214478,224201,0.0,5.6
2021-07-29 09:45:21.371395,224137,0.0,0.0
2021-07-29 09:45:21.371395,224201,0.0,5.6
2021-07-29 09:45:21.528179,224137,0.0,0.0
2021-07-29 09:45:21.528179,224201,0.0,5.6
2021-07-29 09:45:21.684913,224137,0.0,0.0
2021-07-29 09:45:21.684913,224201,0.0,5.6
2021-07-29 09:45:21.842286,224137,0.0,0.0
2021-07-29 09:45:21.842286,224201,0.0,5.6
2021-07-29 09:45:21.999253,224137,0.0,0.0
2021-07-29 09:45:21.999253,224201,0.0,5.6
2021-07-29 09:45:22.156289,224137,0.0,0.0
2021-07-29 09:45:22.156289,224201,0.0,5.6
2021-07-29 09:45:22.313269,224137,0.0,0.0
2021-07-29 09:45:22.313269,224201,0.0,5.6
2021-07-29 09:45:22.470195,224137,0.0,0.0
2021-07-29 09:45:22.470195,224201,0.0,5.6
2021-07-29 09:45:22.627169,224137,0.0,0.0
2021-07-29 09:45:22.627169,224201,0.0,5.6
2021-07-29 09:45:22.784094,224137,0.0,0.0
2021-07-29 09:45:22.784094,224201,0.0,5.6
2021-07-29 09:45:22.940953,224137,0.0,0.0
2021-07-29 09:45:22.940953,224201,0.0,5.6
2021-07-29 09:45:23.097967,224137,0.0,0.0
2021-07-29 09:45:23.097967,224201,0.0,5.6
2021-07-29 09:45:23.254983,224137,0.0,0.0
2021-07-29 09:45:23.254983,224201,0.0,5.6
2021-07-29 09:45:23.411924,224137,0.0,0.0
2021-07-29 09:45:23.411924,224201,0.0,5.6
2021-07-29 09:45:23.568872,224137,0.0,0.0
2021-07-29 09:45:23.568872,224201,0.0,5.6
2021-07-29 09:45:23.725785,224137,0.0,0.0
2021-07-29 09:45:23.725785,224201,0.0,5.6
2021-07-29 09:45:23.882421,224137,0.0,0.0
2021-07-29 09:45:23.882421,224201,0.0,5.6
2021-07-29 09:45:24.039402,224137,0.0,0.0
2021-07-29 09:45:24.039402,224201,0.0,5.6
2021-07-29 09:45:24.196424,224137,0.0,0.0
2021-07-29 09:45:24.196424,224201,0.0,5.6
2021-07-29 09:45:24.353374,224137,0.0,0.0
2021-07-29 09:45:24.353374,224201,0.0,5.6
2021-07-29 09:45:24.510413,224137,0.0,0.0
2021-07-29 09:45:24.510413,224201,0.0,5.6
2021-07-29 09:45:24.667415,224137,0.0,0.0
2021-07-29 09:45:24.667415,224201,0.0,5.6
2021-07-29 09:45:24.824448,224137,0.0,0.0
2021-07-29 09:45:24.824448,224201,0.0,5.6
2021-07-29 09:45:24.981372,224137,0.0,0.0
2021-07-29 09:45:24.981372,224201,0.0,5.6
2021-07-29 09:45:25.138485,224137,0.0,0.0
2021-07-29 09:45:25.138485,224201,0.0,5.6
2021-07-29 09:45:25.295595,224137,0.0,0.0
2021-07-29 09:45:25.295595,224201,0.0,5.6
2021-07-29 09:45:25.452510,224137,0.0,0.0
2021-07-29 09:45:25.452510,224201,0.0,5.6
2021-07-29 09:45:25.609470,224137,0.0,0.0
2021-07-29 09:45:25.609470,224201,0.0,5.6
2021-07-29 09:45:25.766321,224137,0.0,0.0
2021-07-29 09:45:25.766321,224201,0.0,5.6
2021-07-29 09:45:25.923213,224137,0.0,0.0
2021-07-29 09:45:25.923213,224201,0.0,5.6
2021-07-29 09:45:26.080320,224137,0.0,0.0
2021-07-29 09:45:26.080320,224201,0.0,5.6
2021-07-29 09:45:26.237289,224137,0.0,0.0
2021-07-29 09:45:26.237289,224201,0.0,5.6
2021-07-29 09:45:26.394334,224137,0.0,0.0
2021-07-29 09:45:26.394334,224201,0.0,5.6
2021-07-29 09:45:26.551305,224137,0.0,0.0
2021-07-29 09:45:26.551305,224201,0.0,5.6
2021-07-29 09:45:26.708247,224137,0.0,0.0
2021-07-29 09:45:26.708247,224201,0.0,5.6
2021-07-29 09:45:26.865176,224137,0.0,0.0
2021-07-29 09:45:26.865176,224201,0.0,5.6
2021-07-29 09:45:27.022095,224137,0.0,0.0
2021-07-29 09:45:27.022095,224201,0.0,5.6
2021-07-29 09:45:27.178666,224137,0.0,0.0
2021-07-29 09:45:27.178666,224201,0.0,5.6
2021-07-29 09:45:27.335613,224137,0.0,0.0
2021-07-29 09:45:27.335613,224201,0.0,5.6
2021-07-29 09:45:27.492607,224137,0.0,0.0
2021-07-29 09:45:27.492607,224201,0.0,5.6
2021-07-29 09:45:27.649524,224137,0.0,0.0
2021-07-29 09:45:27.649524,224201,0.0,5.6
2021-07-29 09:45:27.806546,224137,0.0,0.0
2021-07-29 09:45:27.806546,224201,0.0,5.6
2021-07-29 09:45:27.963515,224137,0.0,0.0
2021-07-29 09:45:27.963515,224201,0.0,5.6
2021-07-29 09:45:28.120520,224137,0.0,0.0
2021-07-29 09:45:28.120520,224201,0.0,5.6
2021-07-29 09:45:28.277567,224137,0.0,0.0
2021-07-29 09:45:28.277567,224201,0.0,5.6
2021-07-29 09:45:28.434473,224137,0.0,0.0
2021-07-29 09:45:28.434473,224201,0.0,5.6
2021-07-29 09:45:28.591507,224137,0.0,0.0
2021-07-29 09:45:28.591507,224201,0.0,5.6
2021-07-29 09:45:28.748530,224137,0.0,0.0
2021-07-29 09:45:28.748530,224201,0.0,5.6
2021-07-29 09:45:28.905755,224137,0.0,0.0
2021-07-29 09:45:28.905755,224201,0.0,5.6
2021-07-29 09:45:29.062922,224137,0.0,0.0
2021-07-29 09:45:29.062922,224201,0.0,5.6
2021-07-29 09:45:29.219936,224137,0.0,0.0
2021-07-29 09:45:29.219936,224201,0.0,5.6
2021-07-29 09:45:29.376936,224137,0.0,0.0
2021-07-29 09:45:29.376936,224201,0.0,5.6
2021-07-29 09:45:29.533820,224137,0.0,0.0
2021-07-29 09:45:29.533820,224201,0.0,5.6
2021-07-29 09:45:29.690822,224137,0.0,0.0
2021-07-29 09:45:29.690822,224201,0.0,5.6
2021-07-29 09:45:29.847873,224137,0.0,0.0
2021-07-29 09:45:29.847873,224201,0.0,5.6
2021-07-29 09:45:30.005199,224137,0.0,0.0
2021-07-29 09:45:30.005199,224201,0.0,5.6
2021-07-29 09:45:30.162203,224137,0.0,0.0
2021-07-29 09:45:30.162203,224201,0.0,5.6
2021-07-29 09:45:30.319258,224137,0.0,0.0
2021-07-29 09:45:30.319258,224201,0.0,5.6
2021-07-29 09:45:30.476300,224137,0.0,0.0
2021-07-29 09:45:30.476300,224201,0.0,5.6
2021-07-29 09:45:30.633351,224137,0.0,0.0
2021-07-29 09:45:30.633351,224201,0.0,5.6
2021-07-29 09:45:30.790389,224137,0.0,0.0
2021-07-29 09:45:30.790389,224201,0.0,5.6
2021-07-29 09:45:30.947327,224137,0.0,0.0
2021-07-29 09:45:30.947327,224201,0.0,5.6
2021-07-29 09:45:31.104186,224137,0.0,0.0
2021-07-29 09:45:31.104186,224201,0.0,5.6
2021-07-29 09:45:31.261319,224137,0.0,0.0
2021-07-29 09:45:31.261319,224201,0.0,5.6
2021-07-29 09:45:31.418387,224137,0.0,0.0
2021-07-29 09:45:31.418387,224201,0.0,5.6
2021-07-29 09:45:31.575339,224137,0.0,0.0
2021-07-29 09:45:31.575339,224201,0.0,5.6
2021-07-29 09:45:31.732301,224137,0.0,0.0
2021-07-29 09:45:31.732301,224201,0.0,5.6
2021-07-29 09:45:31.889261,224137,0.0,0.0
2021-07-29 09:45:31.889261,224201,0.0,5.6
2021-07-29 09:45:32.046282,224137,0.0,0.0
2021-07-29 09:45:32.046282,224201,0.0,5.6
2021-07-29 09:45:32.203263,224137,0.0,0.0
2021-07-29 09:45:32.203263,224201,0.0,5.6
2021-07-29 09:45:32.360219,224137,0.0,0.0
2021-07-29 09:45:32.360219,224201,0.0,5.6
2021-07-29 09:45:32.517194,224137,0.0,0.0
2021-07-29 09:45:32.517194,224201,0.0,5.6
2021-07-29 09:45:32.674125,224137,0.0,0.0
2021-07-29 09:45:32.674125,224201,0.0,5.6
2021-07-29 09:45:32.831078,224137,0.0,0.0
2021-07-29 09:45:32.831078,224201,0.0,5.6
2021-07-29 09:45:32.988017,224137,0.0,0.0
2021-07-29 09:45:32.988017,224201,0.0,5.6
2021-07-29 09:45:33.145046,224137,0.0,0.0
2021-07-29 09:45:33.145046,224201,0.0,5.6
2021-07-29 09:45:33.301860,224137,0.0,0.0
2021-07-29 09:45:33.301860,224201,0.0,5.6
2021-07-29 09:45:33.458836,224137,0.0,0.0
2021-07-29 09:45:33.458836,224201,0.0,5.6
2021-07-29 09:45:33.615783,224137,0.0,0.0
2021-07-29 09:45:33.615783,224201,0.0,5.6
2021-07-29 09:45:33.772786,224137,0.0,0.0
2021-07-29 09:45:33.772786,224201,0.0,5.6
2021-07-29 09:45:33.929761,224137,0.0,0.0
2021-07-29 09:45:33.929761,224201,0.0,5.6
2021-07-29 09:45:34.086908,224137,0.0,0.0
2021-07-29 09:45:34.086908,224201,0.0,5.6
2021-07-29 09:45:34.243928,224137,0.0,0.0
2021-07-29 09:45:34.243928,224201,0.0,5.6
2021-07-29 09:45:34.400996,224137,0.0,0.0
2021-07-29 09:45:34.400996,224201,0.0,5.6
2021-07-29 09:45:34.557946,224137,0.0,0.0
2021-07-29 09:45:34.557946,224201,0.0,5.6
2021-07-29 09:45:34.714932,224137,0.0,0.0
2021-07-29 09:45:34.714932,224201,0.0,5.6
2021-07-29 09:45:34.871856,224137,0.0,0.0
2021-07-29 09:45:34.871856,224201,0.0,5.6
2021-07-29 09:45:35.028182,224137,0.0,0.0
2021-07-29 09:45:35.028182,224201,0.0,5.6
2021-07-29 09:45:35.185030,224137,0.0,0.0
2021-07-29 09:45:35.185030,224201,0.0,5.6
2021-07-29 09:45:35.341975,224137,0.0,0.0
2021-07-29 09:45:35.341975,224201,0.0,5.6
2021-07-29 09:45:35.498958,224137,0.0,0.0
2021-07-29 09:45:35.498958,224201,0.0,5.6
2021-07-29 09:45:35.655906,224137,0.0,0.0
2021-07-29 09:45:35.655906,224201,0.0,5.6
2021-07-29 09:45:35.812915,224137,0.0,0.0
2021-07-29 09:45:35.812915,224201,0.0,5.6
2021-07-29 09:45:35.969897,224137,0.0,0.0
2021-07-29 09:45:35.969897,224201,0.0,5.6
2021-07-29 09:45:36.126874,224137,0.0,0.0
2021-07-29 09:45:36.126874,224201,0.0,5.6
2021-07-29 09:45:36.283793,224137,0.0,0.0
2021-07-29 09:45:36.283793,224201,0.0,5.6
2021-07-29 09:45:36.440698,224137,0.0,0.0
2021-07-29 09:45:36.440698,224201,0.0,5.6
2021-07-29 09:45:36.597596,224137,0.0,0.0
2021-07-29 09:45:36.597596,224201,0.0,5.6
2021-07-29 09:45:36.754597,224137,0.0,0.0
2021-07-29 09:45:36.754597,224201,0.0,5.6
2021-07-29 09:45:36.911859,224137,0.0,0.0
2021-07-29 09:45:36.911859,224201,0.0,5.6
2021-07-29 09:45:37.069399,224137,0.0,0.0
2021-07-29 09:45:37.069399,224201,0.0,5.6
2021-07-29 09:45:37.226403,224137,0.0,0.0
2021-07-29 09:45:37.226403,224201,0.0,5.6
2021-07-29 09:45:37.383393,224137,0.0,0.0
2021-07-29 09:45:37.383393,224201,0.0,5.6
2021-07-29 09:45:37.540401,224137,0.0,0.0
2021-07-29 09:45:37.540401,224201,0.0,5.6
2021-07-29 09:45:37.697480,224137,0.0,0.0
2021-07-29 09:45:37.697480,224201,0.0,5.6
2021-07-29 09:45:37.854456,224137,0.0,0.0
2021-07-29 09:45:37.854456,224201,0.0,5.6
2021-07-29 09:45:38.011466,224137,0.0,0.0
2021-07-29 09:45:38.011466,224201,0.0,5.6
2021-07-29 09:45:38.168501,224137,0.0,0.0
2021-07-29 09:45:38.168501,224201,0.0,5.6
2021-07-29 09:45:38.325376,224137,0.0,0.0
2021-07-29 09:45:38.325376,224201,0.0,5.6
2021-07-29 09:45:38.482310,224137,0.0,0.0
2021-07-29 09:45:38.482310,224201,0.0,5.6
2021-07-29 09:45:38.639245,224137,0.0,0.0
2021-07-29 09:45:38.639245,224201,0.0,5.6
2021-07-29 09:45:38.796333,224137,0.0,0.0
2021-07-29 09:45:38.796333,224201,0.0,5.6
2021-07-29 09:45:38.953399,224137,0.0,0.0
2021-07-29 09:45:38.953399,224201,0.0,5.6
2021-07-29 09:45:39.110587,224137,0.0,0.0
2021-07-29 09:45:39.110587,224201,0.0,5.6
2021-07-29 09:45:39.267406,224137,0.0,0.0
2021-07-29 09:45:39.267406,224201,0.0,5.6
2021-07-29 09:45:39.424404,224137,0.0,0.0
2021-07-29 09:45:39.424404,224201,0.0,5.6
2021-07-29 09:45:39.581340,224137,0.0,0.0
2021-07-29 09:45:39.581340,224201,0.0,5.6
2021-07-29 09:45:39.738376,224137,0.0,0.0
2021-07-29 09:45:39.738376,224201,0.0,5.6
2021-07-29 09:45:39.895432,224137,0.0,0.0
2021-07-29 09:45:39.895432,224201,0.0,5.6
2021-07-29 09:45:40.052660,224137,0.0,0.0
2021-07-29 09:45:40.052660,224201,0.0,5.6
2021-07-29 09:45:40.209666,224137,0.0,0.0
2021-07-29 09:45:40.209666,224201,0.0,5.6
2021-07-29 09:45:40.366617,224137,0.0,0.0
2021-07-29 09:45:40.366617,224201,0.0,5.6
2021-07-29 09:45:40.523555,224137,0.0,0.0
2021-07-29 09:45:40.523555,224201,0.0,5.6
2021-07-29 09:45:40.680621,224137,0.0,0.0
2021-07-29 09:45:40.680621,224201,0.0,5.6
2021-07-29 09:45:40.837610,224137,0.0,0.0
2021-07-29 09:45:40.837610,224201,0.0,5.6
2021-07-29 09:45:40.994540,224137,0.0,0.0
2021-07-29 09:45:40.994540,224201,0.0,5.6
2021-07-29 09:45:41.151541,224137,0.0,0.0
2021-07-29 09:45:41.151541,224201,0.0,5.6
2021-07-29 09:45:41.308494,224137,0.0,0.0
2021-07-29 09:45:41.308494,224201,0.0,5.6
2021-07-29 09:45:41.465409,224137,0.0,0.0
2021-07-29 09:45:41.465409,224201,0.0,5.6
2021-07-29 09:45:41.622291,224137,0.0,0.0
2021-07-29 09:45:41.622291,224201,0.0,5.6
2021-07-29 09:45:41.779248,224137,0.0,0.0
2021-07-29 09:45:41.779248,224201,0.0,5.6
2021-07-29 09:45:41.936322,224137,0.0,0.0
2021-07-29 09:45:41.936322,224201,0.0,5.6
2021-07-29 09:45:42.093338,224137,0.0,0.0
2021-07-29 09:45:42.093338,224201,0.0,5.6
2021-07-29 09:45:42.250383,224137,0.0,0.0
2021-07-29 09:45:42.250383,224201,0.0,5.6
2021-07-29 09:45:42.407455,224137,0.0,0.0
2021-07-29 09:45:42.407455,224201,0.0,5.6
2021-07-29 09:45:42.564823,224137,0.0,0.0
2021-07-29 09:45:42.564823,224201,0.0,5.6
2021-07-29 09:45:42.721603,224137,0.0,0.0
2021-07-29 09:45:42.721603,224201,0.0,5.6
2021-07-29 09:45:42.878572,224137,0.0,0.0
2021-07-29 09:45:42.878572,224201,0.0,5.6
2021-07-29 09:45:43.035574,224137,0.0,0.0
2021-07-29 09:45:43.035574,224201,0.0,5.6
2021-07-29 09:45:43.192534,224137,0.0,0.0
2021-07-29 09:45:43.192534,224201,0.0,5.6
2021-07-29 09:45:43.349506,224137,0.0,0.0
2021-07-29 09:45:43.349506,224201,0.0,5.6
2021-07-29 09:45:43.506188,224137,0.0,0.0
2021-07-29 09:45:43.506188,224201,0.0,5.6
2021-07-29 09:45:43.663165,224137,0.0,0.0
2021-07-29 09:45:43.663165,224201,0.0,5.6
2021-07-29 09:45:43.820056,224137,0.0,0.0
2021-07-29 09:45:43.820056,224201,0.0,5.6
2021-07-29 09:45:43.977077,224137,0.0,0.0
2021-07-29 09:45:43.977077,224201,0.0,5.6
2021-07-29 09:45:44.134218,224137,0.0,0.0
2021-07-29 09:45:44.134218,224201,0.0,5.6
2021-07-29 09:45:44.291285,224137,0.0,0.0
2021-07-29 09:45:44.291285,224201,0.0,5.6
2021-07-29 09:45:44.448278,224137,0.0,0.0
2021-07-29 09:45:44.448278,224201,0.0,5.6
2021-07-29 09:45:44.605280,224137,0.0,0.0
2021-07-29 09:45:44.605280,224201,0.0,5.6
2021-07-29 09:45:44.762191,224137,0.0,0.0
2021-07-29 09:45:44.762191,224201,0.0,5.6
2021-07-29 09:45:44.919020,224137,0.0,0.0
2021-07-29 09:45:44.919020,224201,0.0,5.6
2021-07-29 09:45:45.075890,224137,0.0,0.0
2021-07-29 09:45:45.075890,224201,0.0,5.6
2021-07-29 09:45:45.233291,224137,0.0,0.0
2021-07-29 09:45:45.233291,224201,0.0,5.6
2021-07-29 09:45:45.390405,224137,0.0,0.0
2021-07-29 09:45:45.390405,224201,0.0,5.6
2021-07-29 09:45:45.547380,224137,0.0,0.0
2021-07-29 09:45:45.547380,224201,0.0,5.6
2021-07-29 09:45:45.704268,224137,0.0,0.0
2021-07-29 09:45:45.704268,224201,0.0,5.6
2021-07-29 09:45:45.861323,224137,0.0,0.0
2021-07-29 09:45:45.861323,224201,0.0,5.6
2021-07-29 09:45:46.018459,224137,0.0,0.0
2021-07-29 09:45:46.018459,224201,0.0,5.6
2021-07-29 09:45:46.175581,224137,0.0,0.0
2021-07-29 09:45:46.175581,224201,0.0,5.6
2021-07-29 09:45:46.332584,224137,0.0,0.0
2021-07-29 09:45:46.332584,224201,0.0,5.6
2021-07-29 09:45:46.489523,224137,0.0,0.0
2021-07-29 09:45:46.489523,224201,0.0,5.6
2021-07-29 09:45:46.645963,224137,0.0,0.0
2021-07-29 09:45:46.645963,224201,0.0,5.6
2021-07-29 09:45:46.802898,224137,0.0,0.0
2021-07-29 09:45:46.802898,224201,0.0,5.6
2021-07-29 09:45:46.959808,224137,0.0,0.0
2021-07-29 09:45:46.959808,224201,0.0,5.6
2021-07-29 09:45:47.117074,224137,0.0,0.0
2021-07-29 09:45:47.117074,224201,0.0,5.6
2021-07-29 09:45:47.274115,224137,0.0,0.0
2021-07-29 09:45:47.274115,224201,0.0,5.6
2021-07-29 09:45:47.431056,224137,0.0,0.0
2021-07-29 09:45:47.431056,224201,0.0,5.6
2021-07-29 09:45:47.588134,224137,0.0,0.0
2021-07-29 09:45:47.588134,224201,0.0,5.6
2021-07-29 09:45:47.745268,224137,0.0,0.0
2021-07-29 09:45:47.745268,224201,0.0,5.6
2021-07-29 09:45:47.902230,224137,0.0,0.0
2021-07-29 09:45:47.902230,224201,0.0,5.6
2021-07-29 09:45:48.059391,224137,0.0,0.0
2021-07-29 09:45:48.059391,224201,0.0,5.6
2021-07-29 09:45:48.216800,224137,0.0,0.0
2021-07-29 09:45:48.216800,224201,0.0,5.6
2021-07-29 09:45:48.373738,224137,0.0,0.0
2021-07-29 09:45:48.373738,224201,0.0,5.6
2021-07-29 09:45:48.530542,224137,0.0,0.0
2021-07-29 09:45:48.530542,224201,0.0,5.6
2021-07-29 09:45:48.687777,224137,0.0,0.0
2021-07-29 09:45:48.687777,224201,0.0,5.6
2021-07-29 09:45:48.844904,224137,0.0,0.0
2021-07-29 09:45:48.844904,224201,0.0,5.6
2021-07-29 09:45:49.001968,224137,0.0,0.0
2021-07-29 09:45:49.001968,224201,0.0,5.6
2021-07-29 09:45:49.159054,224137,0.0,0.0
2021-07-29 09:45:49.159054,224201,0.0,5.6
2021-07-29 09:45:49.316239,224137,0.0,0.0
2021-07-29 09:45:49.316239,224201,0.0,5.6
2021-07-29 09:45:49.473275,224137,0.0,0.0
2021-07-29 09:45:49.473275,224201,0.0,5.6
2021-07-29 09:45:49.630338,224137,0.0,0.0
2021-07-29 09:45:49.630338,224201,0.0,5.6
2021-07-29 09:45:49.787656,224137,0.0,0.0
2021-07-29 09:45:49.787656,224201,0.0,5.6
2021-07-29 09:45:49.944614,224137,0.0,0.0
2021-07-29 09:45:49.944614,224201,0.0,5.6
2021-07-29 09:45:50.101401,224137,0.0,0.0
2021-07-29 09:45:50.101401,224201,0.0,5.6
2021-07-29 09:45:50.258428,224137,0.0,0.0
2021-07-29 09:45:50.258428,224201,0.0,5.6
2021-07-29 09:45:50.415330,224137,0.0,0.0
2021-07-29 09:45:50.415330,224201,0.0,5.6
2021-07-29 09:45:50.572348,224137,0.0,0.0
2021-07-29 09:45:50.572348,224201,0.0,5.6
2021-07-29 09:45:50.729298,224137,0.0,0.0
2021-07-29 09:45:50.729298,224201,0.0,5.6
2021-07-29 09:45:50.886177,224137,0.0,0.0
2021-07-29 09:45:50.886177,224201,0.0,5.6
2021-07-29 09:45:51.043146,224137,0.0,0.0
2021-07-29 09:45:51.043146,224201,0.0,5.6
2021-07-29 09:45:51.200141,224137,0.0,0.0
2021-07-29 09:45:51.200141,224201,0.0,5.6
2021-07-29 09:45:51.357111,224137,0.0,0.0
2021-07-29 09:45:51.357111,224201,0.0,5.6
2021-07-29 09:45:51.514042,224137,0.0,0.0
2021-07-29 09:45:51.514042,224201,0.0,5.6
2021-07-29 09:45:51.670935,224137,0.0,0.0
2021-07-29 09:45:51.670935,224201,0.0,5.6
2021-07-29 09:45:51.827943,224137,0.0,0.0
2021-07-29 09:45:51.827943,224201,0.0,5.6
2021-07-29 09:45:51.984868,224137,0.0,0.0
2021-07-29 09:45:51.984868,224201,0.0,5.6
2021-07-29 09:45:52.141806,224137,0.0,0.0
2021-07-29 09:45:52.141806,224201,0.0,5.6
2021-07-29 09:45:52.298792,224137,0.0,0.0
2021-07-29 09:45:52.298792,224201,0.0,5.6
2021-07-29 09:45:52.455738,224137,0.0,0.0
2021-07-29 09:45:52.455738,224201,0.0,5.6
2021-07-29 09:45:52.612630,224137,0.0,0.0
2021-07-29 09:45:52.612630,224201,0.0,5.6
2021-07-29 09:45:52.769606,224137,0.0,0.0
2021-07-29 09:45:52.769606,224201,0.0,5.6
2021-07-29 09:45:52.926482,224137,0.0,0.0
2021-07-29 09:45:52.926482,224201,0.0,5.6
2021-07-29 09:45:53.083466,224137,0.0,0.0
2021-07-29 09:45:53.083466,224201,0.0,5.6
2021-07-29 09:45:53.240464,224137,0.0,0.0
2021-07-29 09:45:53.240464,224201,0.0,5.6
2021-07-29 09:45:53.397424,224137,0.0,0.0
2021-07-29 09:45:53.397424,224201,0.0,5.6
