timestamp,PID,CPU,RAM
2021-07-29 03:27:22.902315,292813,0.0,0.0
2021-07-29 03:27:22.902315,292878,0.0,5.6
2021-07-29 03:27:23.059821,292813,0.0,0.0
2021-07-29 03:27:23.059821,292878,0.0,5.6
2021-07-29 03:27:23.216960,292813,0.0,0.0
2021-07-29 03:27:23.216960,292878,0.0,5.6
2021-07-29 03:27:23.373727,292813,0.0,0.0
2021-07-29 03:27:23.373727,292878,0.0,5.6
2021-07-29 03:27:23.530799,292813,0.0,0.0
2021-07-29 03:27:23.530799,292878,0.0,5.6
2021-07-29 03:27:23.687898,292813,0.0,0.0
2021-07-29 03:27:23.687898,292878,0.0,5.6
2021-07-29 03:27:23.849490,292813,0.0,0.0
2021-07-29 03:27:23.849490,292878,0.0,5.6
2021-07-29 03:27:24.006832,292813,0.0,0.0
2021-07-29 03:27:24.006832,292878,0.0,5.6
2021-07-29 03:27:24.163997,292813,0.0,0.0
2021-07-29 03:27:24.163997,292878,0.0,5.6
2021-07-29 03:27:24.321140,292813,0.0,0.0
2021-07-29 03:27:24.321140,292878,0.0,5.6
2021-07-29 03:27:24.478223,292813,0.0,0.0
2021-07-29 03:27:24.478223,292878,0.0,5.6
2021-07-29 03:27:24.635264,292813,0.0,0.0
2021-07-29 03:27:24.635264,292878,0.0,5.6
2021-07-29 03:27:24.792307,292813,0.0,0.0
2021-07-29 03:27:24.792307,292878,0.0,5.6
2021-07-29 03:27:24.949355,292813,0.0,0.0
2021-07-29 03:27:24.949355,292878,0.0,5.6
2021-07-29 03:27:25.106473,292813,0.0,0.0
2021-07-29 03:27:25.106473,292878,0.0,5.6
2021-07-29 03:27:25.263568,292813,0.0,0.0
2021-07-29 03:27:25.263568,292878,0.0,5.6
2021-07-29 03:27:25.420704,292813,0.0,0.0
2021-07-29 03:27:25.420704,292878,0.0,5.6
2021-07-29 03:27:25.577750,292813,0.0,0.0
2021-07-29 03:27:25.577750,292878,0.0,5.6
2021-07-29 03:27:25.734775,292813,0.0,0.0
2021-07-29 03:27:25.734775,292878,0.0,5.6
2021-07-29 03:27:25.891931,292878,20.0,5.6
2021-07-29 03:27:25.891931,292813,0.0,0.0
2021-07-29 03:27:26.048970,292813,0.0,0.0
2021-07-29 03:27:26.048970,292878,0.0,5.6
2021-07-29 03:27:26.205258,292813,0.0,0.0
2021-07-29 03:27:26.205258,292878,0.0,5.6
2021-07-29 03:27:26.360931,292813,0.0,0.0
2021-07-29 03:27:26.360931,292878,0.0,5.6
2021-07-29 03:27:26.518010,292813,0.0,0.0
2021-07-29 03:27:26.518010,292878,0.0,5.6
2021-07-29 03:27:26.674495,292813,0.0,0.0
2021-07-29 03:27:26.674495,292878,0.0,5.6
2021-07-29 03:27:26.831042,292813,0.0,0.0
2021-07-29 03:27:26.831042,292878,0.0,5.6
2021-07-29 03:27:26.988136,292813,0.0,0.0
2021-07-29 03:27:26.988136,292878,0.0,5.6
2021-07-29 03:27:27.144563,292813,0.0,0.0
2021-07-29 03:27:27.144563,292878,0.0,5.6
2021-07-29 03:27:27.300555,292813,0.0,0.0
2021-07-29 03:27:27.300555,292878,0.0,5.6
2021-07-29 03:27:27.456044,292813,0.0,0.0
2021-07-29 03:27:27.456044,292878,0.0,5.6
2021-07-29 03:27:27.612325,292813,0.0,0.0
2021-07-29 03:27:27.612325,292878,0.0,5.6
2021-07-29 03:27:27.769027,292813,0.0,0.0
2021-07-29 03:27:27.769027,292878,0.0,5.6
2021-07-29 03:27:27.925001,292813,0.0,0.0
2021-07-29 03:27:27.925001,292878,0.0,5.6
2021-07-29 03:27:28.081200,292813,0.0,0.0
2021-07-29 03:27:28.081200,292878,0.0,5.6
2021-07-29 03:27:28.237655,292813,0.0,0.0
2021-07-29 03:27:28.237655,292878,0.0,5.6
2021-07-29 03:27:28.394007,292813,0.0,0.0
2021-07-29 03:27:28.394007,292878,0.0,5.6
2021-07-29 03:27:28.551086,292813,0.0,0.0
2021-07-29 03:27:28.551086,292878,0.0,5.6
2021-07-29 03:27:28.708002,292813,0.0,0.0
2021-07-29 03:27:28.708002,292878,0.0,5.6
2021-07-29 03:27:28.865317,292813,0.0,0.0
2021-07-29 03:27:28.865317,292878,0.0,5.6
2021-07-29 03:27:29.021760,292813,0.0,0.0
2021-07-29 03:27:29.021760,292878,0.0,5.6
2021-07-29 03:27:29.178376,292813,0.0,0.0
2021-07-29 03:27:29.178376,292878,0.0,5.6
2021-07-29 03:27:29.335252,292813,0.0,0.0
2021-07-29 03:27:29.335252,292878,0.0,5.6
2021-07-29 03:27:29.492586,292813,0.0,0.0
2021-07-29 03:27:29.492586,292878,0.0,5.6
2021-07-29 03:27:29.649052,292813,0.0,0.0
2021-07-29 03:27:29.649052,292878,0.0,5.6
2021-07-29 03:27:29.806551,292813,0.0,0.0
2021-07-29 03:27:29.806551,292878,0.0,5.6
2021-07-29 03:27:29.963877,292813,0.0,0.0
2021-07-29 03:27:29.963877,292878,0.0,5.6
2021-07-29 03:27:30.121481,292813,0.0,0.0
2021-07-29 03:27:30.121481,292878,0.0,5.6
2021-07-29 03:27:30.278754,292813,0.0,0.0
2021-07-29 03:27:30.278754,292878,0.0,5.6
2021-07-29 03:27:30.436312,292813,0.0,0.0
2021-07-29 03:27:30.436312,292878,0.0,5.6
2021-07-29 03:27:30.593749,292813,0.0,0.0
2021-07-29 03:27:30.593749,292878,0.0,5.6
2021-07-29 03:27:30.750870,292813,0.0,0.0
2021-07-29 03:27:30.750870,292878,0.0,5.6
2021-07-29 03:27:30.907988,292813,0.0,0.0
2021-07-29 03:27:30.907988,292878,0.0,5.6
2021-07-29 03:27:31.065287,292813,0.0,0.0
2021-07-29 03:27:31.065287,292878,0.0,5.6
2021-07-29 03:27:31.222498,292813,0.0,0.0
2021-07-29 03:27:31.222498,292878,0.0,5.6
2021-07-29 03:27:31.379620,292813,0.0,0.0
2021-07-29 03:27:31.379620,292878,0.0,5.6
2021-07-29 03:27:31.536674,292813,0.0,0.0
2021-07-29 03:27:31.536674,292878,0.0,5.6
2021-07-29 03:27:31.693340,292813,0.0,0.0
2021-07-29 03:27:31.693340,292878,0.0,5.6
2021-07-29 03:27:31.850467,292813,0.0,0.0
2021-07-29 03:27:31.850467,292878,0.0,5.6
2021-07-29 03:27:32.007480,292813,0.0,0.0
2021-07-29 03:27:32.007480,292878,0.0,5.6
2021-07-29 03:27:32.164662,292813,0.0,0.0
2021-07-29 03:27:32.164662,292878,0.0,5.6
2021-07-29 03:27:32.321718,292813,0.0,0.0
2021-07-29 03:27:32.321718,292878,0.0,5.6
2021-07-29 03:27:32.478666,292813,0.0,0.0
2021-07-29 03:27:32.478666,292878,0.0,5.6
2021-07-29 03:27:32.635757,292813,0.0,0.0
2021-07-29 03:27:32.635757,292878,0.0,5.6
2021-07-29 03:27:32.793255,292813,0.0,0.0
2021-07-29 03:27:32.793255,292878,0.0,5.6
2021-07-29 03:27:32.950457,292813,0.0,0.0
2021-07-29 03:27:32.950457,292878,0.0,5.6
2021-07-29 03:27:33.107758,292813,0.0,0.0
2021-07-29 03:27:33.107758,292878,0.0,5.6
2021-07-29 03:27:33.265231,292813,0.0,0.0
2021-07-29 03:27:33.265231,292878,0.0,5.6
2021-07-29 03:27:33.421712,292813,0.0,0.0
2021-07-29 03:27:33.421712,292878,0.0,5.6
2021-07-29 03:27:33.578641,292813,0.0,0.0
2021-07-29 03:27:33.578641,292878,0.0,5.6
2021-07-29 03:27:33.737331,292813,0.0,0.0
2021-07-29 03:27:33.737331,292878,0.0,5.6
2021-07-29 03:27:33.894492,292813,0.0,0.0
2021-07-29 03:27:33.894492,292878,0.0,5.6
2021-07-29 03:27:34.054178,292813,0.0,0.0
2021-07-29 03:27:34.054178,292878,0.0,5.6
2021-07-29 03:27:34.210897,292813,0.0,0.0
2021-07-29 03:27:34.210897,292878,0.0,5.6
2021-07-29 03:27:34.367145,292813,0.0,0.0
2021-07-29 03:27:34.367145,292878,0.0,5.6
2021-07-29 03:27:34.524394,292813,0.0,0.0
2021-07-29 03:27:34.524394,292878,0.0,5.6
2021-07-29 03:27:34.681905,292813,0.0,0.0
2021-07-29 03:27:34.681905,292878,0.0,5.6
2021-07-29 03:27:34.838892,292813,0.0,0.0
2021-07-29 03:27:34.838892,292878,0.0,5.6
2021-07-29 03:27:34.995529,292813,0.0,0.0
2021-07-29 03:27:34.995529,292878,0.0,5.6
2021-07-29 03:27:35.151449,292813,0.0,0.0
2021-07-29 03:27:35.151449,292878,0.0,5.6
2021-07-29 03:27:35.308884,292813,0.0,0.0
2021-07-29 03:27:35.308884,292878,0.0,5.6
2021-07-29 03:27:35.464984,292813,0.0,0.0
2021-07-29 03:27:35.464984,292878,0.0,5.6
2021-07-29 03:27:35.621518,292813,0.0,0.0
2021-07-29 03:27:35.621518,292878,0.0,5.6
2021-07-29 03:27:35.778454,292813,0.0,0.0
2021-07-29 03:27:35.778454,292878,0.0,5.6
2021-07-29 03:27:35.935401,292813,0.0,0.0
2021-07-29 03:27:35.935401,292878,0.0,5.6
2021-07-29 03:27:36.091769,292813,0.0,0.0
2021-07-29 03:27:36.091769,292878,0.0,5.6
2021-07-29 03:27:36.248187,292813,0.0,0.0
2021-07-29 03:27:36.248187,292878,0.0,5.6
2021-07-29 03:27:36.405009,292813,0.0,0.0
2021-07-29 03:27:36.405009,292878,0.0,5.6
2021-07-29 03:27:36.561540,292813,0.0,0.0
2021-07-29 03:27:36.561540,292878,0.0,5.6
2021-07-29 03:27:36.717153,292813,0.0,0.0
2021-07-29 03:27:36.717153,292878,0.0,5.6
2021-07-29 03:27:36.872366,292813,0.0,0.0
2021-07-29 03:27:36.872366,292878,0.0,5.6
2021-07-29 03:27:37.028422,292813,0.0,0.0
2021-07-29 03:27:37.028422,292878,0.0,5.6
2021-07-29 03:27:37.185964,292813,0.0,0.0
2021-07-29 03:27:37.185964,292878,0.0,5.6
2021-07-29 03:27:37.345403,292813,0.0,0.0
2021-07-29 03:27:37.345403,292878,0.0,5.6
2021-07-29 03:27:37.502294,292813,0.0,0.0
2021-07-29 03:27:37.502294,292878,0.0,5.6
2021-07-29 03:27:37.659292,292813,0.0,0.0
2021-07-29 03:27:37.659292,292878,0.0,5.6
2021-07-29 03:27:37.816430,292813,0.0,0.0
2021-07-29 03:27:37.816430,292878,0.0,5.6
2021-07-29 03:27:37.974398,292813,0.0,0.0
2021-07-29 03:27:37.974398,292878,0.0,5.6
2021-07-29 03:27:38.131067,292813,0.0,0.0
2021-07-29 03:27:38.131067,292878,0.0,5.6
2021-07-29 03:27:38.289067,292813,0.0,0.0
2021-07-29 03:27:38.289067,292878,0.0,5.6
2021-07-29 03:27:38.445249,292813,0.0,0.0
2021-07-29 03:27:38.445249,292878,0.0,5.6
2021-07-29 03:27:38.603174,292813,0.0,0.0
2021-07-29 03:27:38.603174,292878,0.0,5.6
2021-07-29 03:27:38.759898,292813,0.0,0.0
2021-07-29 03:27:38.759898,292878,0.0,5.6
2021-07-29 03:27:38.917377,292813,0.0,0.0
2021-07-29 03:27:38.917377,292878,0.0,5.6
2021-07-29 03:27:39.074453,292813,0.0,0.0
2021-07-29 03:27:39.074453,292878,0.0,5.6
2021-07-29 03:27:39.235169,292813,0.0,0.0
2021-07-29 03:27:39.235169,292878,0.0,5.6
2021-07-29 03:27:39.392953,292813,0.0,0.0
2021-07-29 03:27:39.392953,292878,0.0,5.6
2021-07-29 03:27:39.549987,292813,0.0,0.0
2021-07-29 03:27:39.549987,292878,0.0,5.6
2021-07-29 03:27:39.706956,292813,0.0,0.0
2021-07-29 03:27:39.706956,292878,0.0,5.6
2021-07-29 03:27:39.865727,292813,0.0,0.0
2021-07-29 03:27:39.865727,292878,0.0,5.6
2021-07-29 03:27:40.022575,292813,0.0,0.0
2021-07-29 03:27:40.022575,292878,0.0,5.6
2021-07-29 03:27:40.178555,292813,0.0,0.0
2021-07-29 03:27:40.178555,292878,0.0,5.6
2021-07-29 03:27:40.334534,292813,0.0,0.0
2021-07-29 03:27:40.334534,292878,0.0,5.6
2021-07-29 03:27:40.491048,292813,0.0,0.0
2021-07-29 03:27:40.491048,292878,0.0,5.6
2021-07-29 03:27:40.646503,292813,0.0,0.0
2021-07-29 03:27:40.646503,292878,0.0,5.6
2021-07-29 03:27:40.801853,292813,0.0,0.0
2021-07-29 03:27:40.801853,292878,0.0,5.6
2021-07-29 03:27:40.957900,292813,0.0,0.0
2021-07-29 03:27:40.957900,292878,0.0,5.6
2021-07-29 03:27:41.115592,292813,0.0,0.0
2021-07-29 03:27:41.115592,292878,0.0,5.6
2021-07-29 03:27:41.273374,292813,0.0,0.0
2021-07-29 03:27:41.273374,292878,0.0,5.6
2021-07-29 03:27:41.431169,292813,0.0,0.0
2021-07-29 03:27:41.431169,292878,0.0,5.6
2021-07-29 03:27:41.589039,292813,0.0,0.0
2021-07-29 03:27:41.589039,292878,0.0,5.6
2021-07-29 03:27:41.748069,292878,6.7,5.6
2021-07-29 03:27:41.748069,292813,0.0,0.0
2021-07-29 03:27:41.906072,292813,0.0,0.0
2021-07-29 03:27:41.906072,292878,0.0,5.6
2021-07-29 03:27:42.063866,292813,0.0,0.0
2021-07-29 03:27:42.063866,292878,0.0,5.6
2021-07-29 03:27:42.221274,292813,0.0,0.0
2021-07-29 03:27:42.221274,292878,0.0,5.6
2021-07-29 03:27:42.379009,292813,0.0,0.0
2021-07-29 03:27:42.379009,292878,0.0,5.6
2021-07-29 03:27:42.536491,292813,0.0,0.0
2021-07-29 03:27:42.536491,292878,0.0,5.6
2021-07-29 03:27:42.692967,292878,6.7,5.6
2021-07-29 03:27:42.692967,292813,0.0,0.0
2021-07-29 03:27:42.851159,292813,0.0,0.0
2021-07-29 03:27:42.851159,292878,0.0,5.6
2021-07-29 03:27:43.007779,292813,0.0,0.0
2021-07-29 03:27:43.007779,292878,0.0,5.6
2021-07-29 03:27:43.164785,292813,0.0,0.0
2021-07-29 03:27:43.164785,292878,0.0,5.6
2021-07-29 03:27:43.322209,292813,0.0,0.0
2021-07-29 03:27:43.322209,292878,0.0,5.6
2021-07-29 03:27:43.477385,292813,0.0,0.0
2021-07-29 03:27:43.477385,292878,0.0,5.6
2021-07-29 03:27:43.633599,292813,0.0,0.0
2021-07-29 03:27:43.633599,292878,0.0,5.6
2021-07-29 03:27:43.791307,292813,0.0,0.0
2021-07-29 03:27:43.791307,292878,0.0,5.6
2021-07-29 03:27:43.948785,292813,0.0,0.0
2021-07-29 03:27:43.948785,292878,0.0,5.6
2021-07-29 03:27:44.106546,292813,0.0,0.0
2021-07-29 03:27:44.106546,292878,0.0,5.6
2021-07-29 03:27:44.263865,292813,0.0,0.0
2021-07-29 03:27:44.263865,292878,0.0,5.6
2021-07-29 03:27:44.422867,292813,0.0,0.0
2021-07-29 03:27:44.422867,292878,0.0,5.6
2021-07-29 03:27:44.581101,292813,0.0,0.0
2021-07-29 03:27:44.581101,292878,0.0,5.6
2021-07-29 03:27:44.737485,292813,0.0,0.0
2021-07-29 03:27:44.737485,292878,0.0,5.6
2021-07-29 03:27:44.894053,292813,0.0,0.0
2021-07-29 03:27:44.894053,292878,0.0,5.6
2021-07-29 03:27:45.051237,292813,0.0,0.0
2021-07-29 03:27:45.051237,292878,0.0,5.6
2021-07-29 03:27:45.207709,292813,0.0,0.0
2021-07-29 03:27:45.207709,292878,0.0,5.6
2021-07-29 03:27:45.365534,292813,0.0,0.0
2021-07-29 03:27:45.365534,292878,0.0,5.6
2021-07-29 03:27:45.522513,292813,0.0,0.0
2021-07-29 03:27:45.522513,292878,0.0,5.6
2021-07-29 03:27:45.680063,292813,0.0,0.0
2021-07-29 03:27:45.680063,292878,0.0,5.6
2021-07-29 03:27:45.837314,292813,0.0,0.0
2021-07-29 03:27:45.837314,292878,0.0,5.6
2021-07-29 03:27:45.994775,292813,0.0,0.0
2021-07-29 03:27:45.994775,292878,0.0,5.6
2021-07-29 03:27:46.151364,292813,0.0,0.0
2021-07-29 03:27:46.151364,292878,0.0,5.6
2021-07-29 03:27:46.308989,292813,0.0,0.0
2021-07-29 03:27:46.308989,292878,0.0,5.6
2021-07-29 03:27:46.465850,292813,0.0,0.0
2021-07-29 03:27:46.465850,292878,0.0,5.6
2021-07-29 03:27:46.622752,292813,0.0,0.0
2021-07-29 03:27:46.622752,292878,0.0,5.6
2021-07-29 03:27:46.780611,292813,0.0,0.0
2021-07-29 03:27:46.780611,292878,0.0,5.6
2021-07-29 03:27:46.937083,292813,0.0,0.0
2021-07-29 03:27:46.937083,292878,0.0,5.6
2021-07-29 03:27:47.094036,292813,0.0,0.0
2021-07-29 03:27:47.094036,292878,0.0,5.6
2021-07-29 03:27:47.249533,292813,0.0,0.0
2021-07-29 03:27:47.249533,292878,0.0,5.6
2021-07-29 03:27:47.404144,292813,0.0,0.0
2021-07-29 03:27:47.404144,292878,0.0,5.6
2021-07-29 03:27:47.559691,292813,0.0,0.0
2021-07-29 03:27:47.559691,292878,0.0,5.6
2021-07-29 03:27:47.715205,292813,0.0,0.0
2021-07-29 03:27:47.715205,292878,0.0,5.6
2021-07-29 03:27:47.869754,292813,0.0,0.0
2021-07-29 03:27:47.869754,292878,0.0,5.6
2021-07-29 03:27:48.025255,292813,0.0,0.0
2021-07-29 03:27:48.025255,292878,0.0,5.6
2021-07-29 03:27:48.180690,292813,0.0,0.0
2021-07-29 03:27:48.180690,292878,0.0,5.6
2021-07-29 03:27:48.335537,292813,0.0,0.0
2021-07-29 03:27:48.335537,292878,0.0,5.6
2021-07-29 03:27:48.490794,292813,0.0,0.0
2021-07-29 03:27:48.490794,292878,0.0,5.6
2021-07-29 03:27:48.646748,292813,0.0,0.0
2021-07-29 03:27:48.646748,292878,0.0,5.6
2021-07-29 03:27:48.802636,292813,0.0,0.0
2021-07-29 03:27:48.802636,292878,0.0,5.6
2021-07-29 03:27:48.958612,292813,0.0,0.0
2021-07-29 03:27:48.958612,292878,0.0,5.6
2021-07-29 03:27:49.114690,292813,0.0,0.0
2021-07-29 03:27:49.114690,292878,0.0,5.6
2021-07-29 03:27:49.270399,292813,0.0,0.0
2021-07-29 03:27:49.270399,292878,0.0,5.6
2021-07-29 03:27:49.427530,292813,0.0,0.0
2021-07-29 03:27:49.427530,292878,0.0,5.6
2021-07-29 03:27:49.585451,292813,0.0,0.0
2021-07-29 03:27:49.585451,292878,0.0,5.6
2021-07-29 03:27:49.742103,292813,0.0,0.0
2021-07-29 03:27:49.742103,292878,0.0,5.6
2021-07-29 03:27:49.898632,292813,0.0,0.0
2021-07-29 03:27:49.898632,292878,0.0,5.6
2021-07-29 03:27:50.055389,292813,0.0,0.0
2021-07-29 03:27:50.055389,292878,0.0,5.6
2021-07-29 03:27:50.212552,292813,0.0,0.0
2021-07-29 03:27:50.212552,292878,0.0,5.6
2021-07-29 03:27:50.369263,292813,0.0,0.0
2021-07-29 03:27:50.369263,292878,0.0,5.6
2021-07-29 03:27:50.526792,292813,0.0,0.0
2021-07-29 03:27:50.526792,292878,0.0,5.6
2021-07-29 03:27:50.684323,292813,0.0,0.0
2021-07-29 03:27:50.684323,292878,0.0,5.6
2021-07-29 03:27:50.840917,292813,0.0,0.0
2021-07-29 03:27:50.840917,292878,0.0,5.6
2021-07-29 03:27:50.998285,292813,0.0,0.0
2021-07-29 03:27:50.998285,292878,0.0,5.6
2021-07-29 03:27:51.156598,292813,0.0,0.0
2021-07-29 03:27:51.156598,292878,0.0,5.6
2021-07-29 03:27:51.314561,292813,0.0,0.0
2021-07-29 03:27:51.314561,292878,0.0,5.6
2021-07-29 03:27:51.471006,292813,0.0,0.0
2021-07-29 03:27:51.471006,292878,0.0,5.6
2021-07-29 03:27:51.627203,292813,0.0,0.0
2021-07-29 03:27:51.627203,292878,0.0,5.6
2021-07-29 03:27:51.783542,292813,0.0,0.0
2021-07-29 03:27:51.783542,292878,0.0,5.6
2021-07-29 03:27:51.940349,292813,0.0,0.0
2021-07-29 03:27:51.940349,292878,0.0,5.6
2021-07-29 03:27:52.098706,292813,0.0,0.0
2021-07-29 03:27:52.098706,292878,0.0,5.6
2021-07-29 03:27:52.256429,292813,0.0,0.0
2021-07-29 03:27:52.256429,292878,0.0,5.6
2021-07-29 03:27:52.413356,292813,0.0,0.0
2021-07-29 03:27:52.413356,292878,0.0,5.6
2021-07-29 03:27:52.570111,292813,0.0,0.0
2021-07-29 03:27:52.570111,292878,0.0,5.6
2021-07-29 03:27:52.726841,292813,0.0,0.0
2021-07-29 03:27:52.726841,292878,0.0,5.6
2021-07-29 03:27:52.884108,292813,0.0,0.0
2021-07-29 03:27:52.884108,292878,0.0,5.6
2021-07-29 03:27:53.041707,292813,0.0,0.0
2021-07-29 03:27:53.041707,292878,0.0,5.6
2021-07-29 03:27:53.198676,292813,0.0,0.0
2021-07-29 03:27:53.198676,292878,0.0,5.6
2021-07-29 03:27:53.355466,292813,0.0,0.0
2021-07-29 03:27:53.355466,292878,0.0,5.6
2021-07-29 03:27:53.512138,292813,0.0,0.0
2021-07-29 03:27:53.512138,292878,0.0,5.6
2021-07-29 03:27:53.669834,292813,0.0,0.0
2021-07-29 03:27:53.669834,292878,0.0,5.6
2021-07-29 03:27:53.826658,292813,0.0,0.0
2021-07-29 03:27:53.826658,292878,0.0,5.6
2021-07-29 03:27:53.984301,292813,0.0,0.0
2021-07-29 03:27:53.984301,292878,0.0,5.6
2021-07-29 03:27:54.141730,292813,0.0,0.0
2021-07-29 03:27:54.141730,292878,0.0,5.6
2021-07-29 03:27:54.299412,292813,0.0,0.0
2021-07-29 03:27:54.299412,292878,0.0,5.6
2021-07-29 03:27:54.456267,292813,0.0,0.0
2021-07-29 03:27:54.456267,292878,0.0,5.6
2021-07-29 03:27:54.612952,292813,0.0,0.0
2021-07-29 03:27:54.612952,292878,0.0,5.6
2021-07-29 03:27:54.770907,292813,0.0,0.0
2021-07-29 03:27:54.770907,292878,0.0,5.6
2021-07-29 03:27:54.928438,292813,0.0,0.0
2021-07-29 03:27:54.928438,292878,0.0,5.6
2021-07-29 03:27:55.085423,292813,0.0,0.0
2021-07-29 03:27:55.085423,292878,0.0,5.6
2021-07-29 03:27:55.241125,292813,0.0,0.0
2021-07-29 03:27:55.241125,292878,0.0,5.6
2021-07-29 03:27:55.396447,292813,0.0,0.0
2021-07-29 03:27:55.396447,292878,0.0,5.6
2021-07-29 03:27:55.551353,292813,0.0,0.0
2021-07-29 03:27:55.551353,292878,0.0,5.6
2021-07-29 03:27:55.706979,292813,0.0,0.0
2021-07-29 03:27:55.706979,292878,0.0,5.6
2021-07-29 03:27:55.861772,292813,0.0,0.0
2021-07-29 03:27:55.861772,292878,0.0,5.6
2021-07-29 03:27:56.017102,292813,0.0,0.0
2021-07-29 03:27:56.017102,292878,0.0,5.6
2021-07-29 03:27:56.172342,292813,0.0,0.0
2021-07-29 03:27:56.172342,292878,0.0,5.6
2021-07-29 03:27:56.327788,292813,0.0,0.0
2021-07-29 03:27:56.327788,292878,0.0,5.6
2021-07-29 03:27:56.482329,292813,0.0,0.0
2021-07-29 03:27:56.482329,292878,0.0,5.6
2021-07-29 03:27:56.637779,292813,0.0,0.0
2021-07-29 03:27:56.637779,292878,0.0,5.6
2021-07-29 03:27:56.792668,292813,0.0,0.0
2021-07-29 03:27:56.792668,292878,0.0,5.6
2021-07-29 03:27:56.947153,292813,0.0,0.0
2021-07-29 03:27:56.947153,292878,0.0,5.6
2021-07-29 03:27:57.102962,292813,0.0,0.0
2021-07-29 03:27:57.102962,292878,0.0,5.6
2021-07-29 03:27:57.258440,292813,0.0,0.0
2021-07-29 03:27:57.258440,292878,0.0,5.6
2021-07-29 03:27:57.414707,292813,0.0,0.0
2021-07-29 03:27:57.414707,292878,0.0,5.6
2021-07-29 03:27:57.570397,292813,0.0,0.0
2021-07-29 03:27:57.570397,292878,0.0,5.6
2021-07-29 03:27:57.726080,292813,0.0,0.0
2021-07-29 03:27:57.726080,292878,0.0,5.6
2021-07-29 03:27:57.881782,292813,0.0,0.0
2021-07-29 03:27:57.881782,292878,0.0,5.6
2021-07-29 03:27:58.038017,292813,0.0,0.0
2021-07-29 03:27:58.038017,292878,0.0,5.6
2021-07-29 03:27:58.193985,292813,0.0,0.0
2021-07-29 03:27:58.193985,292878,0.0,5.6
2021-07-29 03:27:58.349991,292813,0.0,0.0
2021-07-29 03:27:58.349991,292878,0.0,5.6
2021-07-29 03:27:58.506094,292813,0.0,0.0
2021-07-29 03:27:58.506094,292878,0.0,5.6
2021-07-29 03:27:58.662194,292813,0.0,0.0
2021-07-29 03:27:58.662194,292878,0.0,5.6
2021-07-29 03:27:58.818806,292813,0.0,0.0
2021-07-29 03:27:58.818806,292878,0.0,5.6
2021-07-29 03:27:58.976143,292813,0.0,0.0
2021-07-29 03:27:58.976143,292878,0.0,5.6
2021-07-29 03:27:59.134470,292878,6.7,5.6
2021-07-29 03:27:59.134470,292813,0.0,0.0
2021-07-29 03:27:59.291215,292813,0.0,0.0
2021-07-29 03:27:59.291215,292878,0.0,5.6
2021-07-29 03:27:59.447714,292813,0.0,0.0
2021-07-29 03:27:59.447714,292878,0.0,5.6
2021-07-29 03:27:59.604756,292813,0.0,0.0
2021-07-29 03:27:59.604756,292878,0.0,5.6
2021-07-29 03:27:59.761609,292813,0.0,0.0
2021-07-29 03:27:59.761609,292878,0.0,5.6
2021-07-29 03:27:59.918896,292813,0.0,0.0
2021-07-29 03:27:59.918896,292878,0.0,5.6
2021-07-29 03:28:00.076321,292813,0.0,0.0
2021-07-29 03:28:00.076321,292878,0.0,5.6
2021-07-29 03:28:00.233181,292813,0.0,0.0
2021-07-29 03:28:00.233181,292878,0.0,5.6
2021-07-29 03:28:00.391324,292813,0.0,0.0
2021-07-29 03:28:00.391324,292878,0.0,5.6
2021-07-29 03:28:00.548614,292813,0.0,0.0
2021-07-29 03:28:00.548614,292878,0.0,5.6
2021-07-29 03:28:00.706246,292813,0.0,0.0
2021-07-29 03:28:00.706246,292878,0.0,5.6
2021-07-29 03:28:00.863761,292813,0.0,0.0
2021-07-29 03:28:00.863761,292878,0.0,5.6
2021-07-29 03:28:01.020684,292813,0.0,0.0
2021-07-29 03:28:01.020684,292878,0.0,5.6
2021-07-29 03:28:01.178522,292813,0.0,0.0
2021-07-29 03:28:01.178522,292878,0.0,5.6
2021-07-29 03:28:01.336196,292813,0.0,0.0
2021-07-29 03:28:01.336196,292878,0.0,5.6
2021-07-29 03:28:01.494157,292813,0.0,0.0
2021-07-29 03:28:01.494157,292878,0.0,5.6
2021-07-29 03:28:01.651645,292813,0.0,0.0
2021-07-29 03:28:01.651645,292878,0.0,5.6
2021-07-29 03:28:01.808249,292813,0.0,0.0
2021-07-29 03:28:01.808249,292878,0.0,5.6
2021-07-29 03:28:01.965022,292813,0.0,0.0
2021-07-29 03:28:01.965022,292878,0.0,5.6
2021-07-29 03:28:02.121440,292813,0.0,0.0
2021-07-29 03:28:02.121440,292878,0.0,5.6
2021-07-29 03:28:02.278953,292813,0.0,0.0
2021-07-29 03:28:02.278953,292878,0.0,5.6
2021-07-29 03:28:02.435602,292813,0.0,0.0
2021-07-29 03:28:02.435602,292878,0.0,5.6
2021-07-29 03:28:02.592971,292813,0.0,0.0
2021-07-29 03:28:02.592971,292878,0.0,5.6
2021-07-29 03:28:02.749584,292813,0.0,0.0
2021-07-29 03:28:02.749584,292878,0.0,5.6
2021-07-29 03:28:02.907477,292813,0.0,0.0
2021-07-29 03:28:02.907477,292878,0.0,5.6
2021-07-29 03:28:03.063188,292813,0.0,0.0
2021-07-29 03:28:03.063188,292878,0.0,5.6
2021-07-29 03:28:03.225071,292813,0.0,0.0
2021-07-29 03:28:03.225071,292878,0.0,5.6
2021-07-29 03:28:03.383811,292813,0.0,0.0
2021-07-29 03:28:03.383811,292878,0.0,5.6
2021-07-29 03:28:03.540349,292813,0.0,0.0
2021-07-29 03:28:03.540349,292878,0.0,5.6
2021-07-29 03:28:03.697532,292813,0.0,0.0
2021-07-29 03:28:03.697532,292878,0.0,5.6
2021-07-29 03:28:03.855162,292813,0.0,0.0
2021-07-29 03:28:03.855162,292878,0.0,5.6
2021-07-29 03:28:04.012456,292813,0.0,0.0
2021-07-29 03:28:04.012456,292878,0.0,5.6
2021-07-29 03:28:04.169537,292813,0.0,0.0
2021-07-29 03:28:04.169537,292878,0.0,5.6
2021-07-29 03:28:04.327234,292813,0.0,0.0
2021-07-29 03:28:04.327234,292878,0.0,5.6
2021-07-29 03:28:04.484004,292813,0.0,0.0
2021-07-29 03:28:04.484004,292878,0.0,5.6
2021-07-29 03:28:04.640531,292813,0.0,0.0
2021-07-29 03:28:04.640531,292878,0.0,5.6
2021-07-29 03:28:04.798313,292813,0.0,0.0
2021-07-29 03:28:04.798313,292878,0.0,5.6
2021-07-29 03:28:04.955621,292813,0.0,0.0
2021-07-29 03:28:04.955621,292878,0.0,5.6
2021-07-29 03:28:05.112241,292813,0.0,0.0
2021-07-29 03:28:05.112241,292878,0.0,5.6
2021-07-29 03:28:05.268757,292813,0.0,0.0
2021-07-29 03:28:05.268757,292878,0.0,5.6
2021-07-29 03:28:05.426417,292813,0.0,0.0
2021-07-29 03:28:05.426417,292878,0.0,5.6
2021-07-29 03:28:05.583132,292813,0.0,0.0
2021-07-29 03:28:05.583132,292878,0.0,5.6
2021-07-29 03:28:05.739817,292813,0.0,0.0
2021-07-29 03:28:05.739817,292878,0.0,5.6
2021-07-29 03:28:05.896673,292813,0.0,0.0
2021-07-29 03:28:05.896673,292878,0.0,5.6
2021-07-29 03:28:06.054425,292813,0.0,0.0
2021-07-29 03:28:06.054425,292878,0.0,5.6
2021-07-29 03:28:06.211273,292813,0.0,0.0
2021-07-29 03:28:06.211273,292878,0.0,5.6
2021-07-29 03:28:06.368643,292813,0.0,0.0
2021-07-29 03:28:06.368643,292878,0.0,5.6
2021-07-29 03:28:06.525475,292813,0.0,0.0
2021-07-29 03:28:06.525475,292878,0.0,5.6
2021-07-29 03:28:06.682986,292813,0.0,0.0
2021-07-29 03:28:06.682986,292878,0.0,5.6
2021-07-29 03:28:06.840562,292813,0.0,0.0
2021-07-29 03:28:06.840562,292878,0.0,5.6
2021-07-29 03:28:06.999196,292813,0.0,0.0
2021-07-29 03:28:06.999196,292878,0.0,5.6
2021-07-29 03:28:07.156489,292813,0.0,0.0
2021-07-29 03:28:07.156489,292878,0.0,5.6
2021-07-29 03:28:07.313506,292813,0.0,0.0
2021-07-29 03:28:07.313506,292878,0.0,5.6
2021-07-29 03:28:07.470822,292813,0.0,0.0
2021-07-29 03:28:07.470822,292878,0.0,5.6
2021-07-29 03:28:07.627336,292813,0.0,0.0
2021-07-29 03:28:07.627336,292878,0.0,5.6
2021-07-29 03:28:07.784001,292813,0.0,0.0
2021-07-29 03:28:07.784001,292878,0.0,5.6
2021-07-29 03:28:07.942218,292813,0.0,0.0
2021-07-29 03:28:07.942218,292878,0.0,5.6
2021-07-29 03:28:08.098935,292813,0.0,0.0
2021-07-29 03:28:08.098935,292878,0.0,5.6
2021-07-29 03:28:08.256063,292813,0.0,0.0
2021-07-29 03:28:08.256063,292878,0.0,5.6
2021-07-29 03:28:08.425440,292813,0.0,0.0
2021-07-29 03:28:08.425440,292878,0.0,5.6
2021-07-29 03:28:08.582878,292813,0.0,0.0
2021-07-29 03:28:08.582878,292878,0.0,5.6
2021-07-29 03:28:08.740102,292813,0.0,0.0
2021-07-29 03:28:08.740102,292878,0.0,5.6
2021-07-29 03:28:08.896233,292813,0.0,0.0
2021-07-29 03:28:08.896233,292878,0.0,5.6
2021-07-29 03:28:09.053071,292813,0.0,0.0
2021-07-29 03:28:09.053071,292878,0.0,5.6
2021-07-29 03:28:09.210557,292813,0.0,0.0
2021-07-29 03:28:09.210557,292878,0.0,5.6
2021-07-29 03:28:09.367292,292813,0.0,0.0
2021-07-29 03:28:09.367292,292878,0.0,5.6
2021-07-29 03:28:09.524415,292813,0.0,0.0
2021-07-29 03:28:09.524415,292878,0.0,5.6
2021-07-29 03:28:09.682913,292813,0.0,0.0
2021-07-29 03:28:09.682913,292878,0.0,5.6
2021-07-29 03:28:09.840129,292813,0.0,0.0
2021-07-29 03:28:09.840129,292878,0.0,5.6
2021-07-29 03:28:09.997847,292813,0.0,0.0
2021-07-29 03:28:09.997847,292878,0.0,5.6
2021-07-29 03:28:10.154660,292813,0.0,0.0
2021-07-29 03:28:10.154660,292878,0.0,5.6
2021-07-29 03:28:10.312415,292813,0.0,0.0
2021-07-29 03:28:10.312415,292878,0.0,5.6
2021-07-29 03:28:10.469432,292813,0.0,0.0
2021-07-29 03:28:10.469432,292878,0.0,5.6
2021-07-29 03:28:10.626996,292813,0.0,0.0
2021-07-29 03:28:10.626996,292878,0.0,5.6
2021-07-29 03:28:10.784419,292813,0.0,0.0
2021-07-29 03:28:10.784419,292878,0.0,5.6
2021-07-29 03:28:10.941474,292813,0.0,0.0
2021-07-29 03:28:10.941474,292878,0.0,5.6
2021-07-29 03:28:11.098417,292813,0.0,0.0
2021-07-29 03:28:11.098417,292878,0.0,5.6
2021-07-29 03:28:11.255924,292813,0.0,0.0
2021-07-29 03:28:11.255924,292878,0.0,5.6
2021-07-29 03:28:11.413536,292813,0.0,0.0
2021-07-29 03:28:11.413536,292878,0.0,5.6
2021-07-29 03:28:11.570523,292813,0.0,0.0
2021-07-29 03:28:11.570523,292878,0.0,5.6
2021-07-29 03:28:11.727879,292813,0.0,0.0
2021-07-29 03:28:11.727879,292878,0.0,5.6
2021-07-29 03:28:11.886486,292813,0.0,0.0
2021-07-29 03:28:11.886486,292878,0.0,5.6
2021-07-29 03:28:12.043976,292813,0.0,0.0
2021-07-29 03:28:12.043976,292878,0.0,5.6
2021-07-29 03:28:12.200326,292813,0.0,0.0
2021-07-29 03:28:12.200326,292878,0.0,5.6
2021-07-29 03:28:12.355736,292813,0.0,0.0
2021-07-29 03:28:12.355736,292878,0.0,5.6
2021-07-29 03:28:12.511672,292813,0.0,0.0
2021-07-29 03:28:12.511672,292878,0.0,5.6
2021-07-29 03:28:12.667553,292813,0.0,0.0
2021-07-29 03:28:12.667553,292878,0.0,5.6
2021-07-29 03:28:12.822966,292813,0.0,0.0
2021-07-29 03:28:12.822966,292878,0.0,5.6
2021-07-29 03:28:12.977744,292813,0.0,0.0
2021-07-29 03:28:12.977744,292878,0.0,5.6
2021-07-29 03:28:13.133313,292813,0.0,0.0
2021-07-29 03:28:13.133313,292878,0.0,5.6
2021-07-29 03:28:13.289279,292813,0.0,0.0
2021-07-29 03:28:13.289279,292878,0.0,5.6
2021-07-29 03:28:13.444192,292878,6.7,5.6
2021-07-29 03:28:13.444192,292813,0.0,0.0
2021-07-29 03:28:13.599549,292813,0.0,0.0
2021-07-29 03:28:13.599549,292878,0.0,5.6
2021-07-29 03:28:13.754580,292813,0.0,0.0
2021-07-29 03:28:13.754580,292878,0.0,5.6
2021-07-29 03:28:13.909374,292813,0.0,0.0
2021-07-29 03:28:13.909374,292878,0.0,5.6
2021-07-29 03:28:14.064934,292813,0.0,0.0
2021-07-29 03:28:14.064934,292878,0.0,5.6
2021-07-29 03:28:14.219442,292813,0.0,0.0
2021-07-29 03:28:14.219442,292878,0.0,5.6
2021-07-29 03:28:14.374900,292813,0.0,0.0
2021-07-29 03:28:14.374900,292878,0.0,5.6
2021-07-29 03:28:14.529776,292813,0.0,0.0
2021-07-29 03:28:14.529776,292878,0.0,5.6
2021-07-29 03:28:14.685081,292813,0.0,0.0
2021-07-29 03:28:14.685081,292878,0.0,5.6
2021-07-29 03:28:14.841257,292813,0.0,0.0
2021-07-29 03:28:14.841257,292878,0.0,5.6
2021-07-29 03:28:14.996751,292813,0.0,0.0
2021-07-29 03:28:14.996751,292878,0.0,5.6
2021-07-29 03:28:15.152279,292813,0.0,0.0
2021-07-29 03:28:15.152279,292878,0.0,5.6
2021-07-29 03:28:15.307829,292813,0.0,0.0
2021-07-29 03:28:15.307829,292878,0.0,5.6
2021-07-29 03:28:15.463302,292813,0.0,0.0
2021-07-29 03:28:15.463302,292878,0.0,5.6
2021-07-29 03:28:15.617980,292813,0.0,0.0
2021-07-29 03:28:15.617980,292878,0.0,5.6
2021-07-29 03:28:15.772848,292813,0.0,0.0
2021-07-29 03:28:15.772848,292878,0.0,5.6
2021-07-29 03:28:15.927521,292813,0.0,0.0
2021-07-29 03:28:15.927521,292878,0.0,5.6
2021-07-29 03:28:16.083298,292813,0.0,0.0
2021-07-29 03:28:16.083298,292878,0.0,5.6
2021-07-29 03:28:16.238807,292813,0.0,0.0
2021-07-29 03:28:16.238807,292878,0.0,5.6
2021-07-29 03:28:16.394315,292813,0.0,0.0
2021-07-29 03:28:16.394315,292878,0.0,5.6
2021-07-29 03:28:16.550370,292813,0.0,0.0
2021-07-29 03:28:16.550370,292878,0.0,5.6
2021-07-29 03:28:16.705885,292813,0.0,0.0
2021-07-29 03:28:16.705885,292878,0.0,5.6
2021-07-29 03:28:16.860834,292813,0.0,0.0
2021-07-29 03:28:16.860834,292878,0.0,5.6
2021-07-29 03:28:17.016793,292813,0.0,0.0
2021-07-29 03:28:17.016793,292878,0.0,5.6
2021-07-29 03:28:17.172923,292813,0.0,0.0
2021-07-29 03:28:17.172923,292878,0.0,5.6
2021-07-29 03:28:17.328289,292813,0.0,0.0
2021-07-29 03:28:17.328289,292878,0.0,5.6
2021-07-29 03:28:17.484282,292813,0.0,0.0
2021-07-29 03:28:17.484282,292878,0.0,5.6
2021-07-29 03:28:17.639965,292813,0.0,0.0
2021-07-29 03:28:17.639965,292878,0.0,5.6
2021-07-29 03:28:17.795708,292813,0.0,0.0
2021-07-29 03:28:17.795708,292878,0.0,5.6
2021-07-29 03:28:17.951150,292813,0.0,0.0
2021-07-29 03:28:17.951150,292878,0.0,5.6
2021-07-29 03:28:18.107308,292813,0.0,0.0
2021-07-29 03:28:18.107308,292878,0.0,5.6
2021-07-29 03:28:18.263223,292813,0.0,0.0
2021-07-29 03:28:18.263223,292878,0.0,5.6
2021-07-29 03:28:18.419152,292813,0.0,0.0
2021-07-29 03:28:18.419152,292878,0.0,5.6
2021-07-29 03:28:18.575233,292813,0.0,0.0
2021-07-29 03:28:18.575233,292878,0.0,5.6
2021-07-29 03:28:18.731395,292813,0.0,0.0
2021-07-29 03:28:18.731395,292878,0.0,5.6
2021-07-29 03:28:18.886994,292813,0.0,0.0
2021-07-29 03:28:18.886994,292878,0.0,5.6
2021-07-29 03:28:19.042534,292813,0.0,0.0
2021-07-29 03:28:19.042534,292878,0.0,5.6
2021-07-29 03:28:19.198626,292813,0.0,0.0
2021-07-29 03:28:19.198626,292878,0.0,5.6
2021-07-29 03:28:19.354769,292813,0.0,0.0
2021-07-29 03:28:19.354769,292878,0.0,5.6
2021-07-29 03:28:19.510477,292813,0.0,0.0
2021-07-29 03:28:19.510477,292878,0.0,5.6
2021-07-29 03:28:19.667204,292813,0.0,0.0
2021-07-29 03:28:19.667204,292878,0.0,5.6
2021-07-29 03:28:19.824965,292813,0.0,0.0
2021-07-29 03:28:19.824965,292878,0.0,5.6
2021-07-29 03:28:19.983396,292813,0.0,0.0
2021-07-29 03:28:19.983396,292878,0.0,5.6
2021-07-29 03:28:20.139918,292813,0.0,0.0
2021-07-29 03:28:20.139918,292878,0.0,5.6
2021-07-29 03:28:20.297796,292813,0.0,0.0
2021-07-29 03:28:20.297796,292878,0.0,5.6
2021-07-29 03:28:20.454565,292813,0.0,0.0
2021-07-29 03:28:20.454565,292878,0.0,5.6
2021-07-29 03:28:20.611242,292813,0.0,0.0
2021-07-29 03:28:20.611242,292878,0.0,5.6
2021-07-29 03:28:20.769307,292813,0.0,0.0
2021-07-29 03:28:20.769307,292878,0.0,5.6
2021-07-29 03:28:20.927504,292813,0.0,0.0
2021-07-29 03:28:20.927504,292878,0.0,5.6
2021-07-29 03:28:21.084206,292813,0.0,0.0
2021-07-29 03:28:21.084206,292878,0.0,5.6
2021-07-29 03:28:21.241406,292813,0.0,0.0
2021-07-29 03:28:21.241406,292878,0.0,5.6
2021-07-29 03:28:21.397922,292813,0.0,0.0
2021-07-29 03:28:21.397922,292878,0.0,5.6
2021-07-29 03:28:21.555137,292813,0.0,0.0
2021-07-29 03:28:21.555137,292878,0.0,5.6
2021-07-29 03:28:21.711455,292813,0.0,0.0
2021-07-29 03:28:21.711455,292878,0.0,5.6
2021-07-29 03:28:21.868089,292813,0.0,0.0
2021-07-29 03:28:21.868089,292878,0.0,5.6
2021-07-29 03:28:22.025057,292813,0.0,0.0
2021-07-29 03:28:22.025057,292878,0.0,5.6
2021-07-29 03:28:22.183112,292813,0.0,0.0
2021-07-29 03:28:22.183112,292878,0.0,5.6
2021-07-29 03:28:22.340360,292813,0.0,0.0
2021-07-29 03:28:22.340360,292878,0.0,5.6
2021-07-29 03:28:22.497745,292813,0.0,0.0
2021-07-29 03:28:22.497745,292878,0.0,5.6
2021-07-29 03:28:22.654023,292813,0.0,0.0
2021-07-29 03:28:22.654023,292878,0.0,5.6
2021-07-29 03:28:22.811400,292813,0.0,0.0
2021-07-29 03:28:22.811400,292878,0.0,5.6
2021-07-29 03:28:22.969115,292813,0.0,0.0
2021-07-29 03:28:22.969115,292878,0.0,5.6
2021-07-29 03:28:23.127377,292813,0.0,0.0
2021-07-29 03:28:23.127377,292878,0.0,5.6
2021-07-29 03:28:23.284964,292813,0.0,0.0
2021-07-29 03:28:23.284964,292878,0.0,5.6
2021-07-29 03:28:23.441570,292813,0.0,0.0
2021-07-29 03:28:23.441570,292878,0.0,5.6
2021-07-29 03:28:23.597646,292813,0.0,0.0
2021-07-29 03:28:23.597646,292878,0.0,5.6
2021-07-29 03:28:23.755400,292813,0.0,0.0
2021-07-29 03:28:23.755400,292878,0.0,5.6
2021-07-29 03:28:23.913171,292813,0.0,0.0
2021-07-29 03:28:23.913171,292878,0.0,5.6
2021-07-29 03:28:24.071959,292813,0.0,0.0
2021-07-29 03:28:24.071959,292878,0.0,5.6
2021-07-29 03:28:24.230164,292813,0.0,0.0
2021-07-29 03:28:24.230164,292878,0.0,5.6
2021-07-29 03:28:24.387181,292813,0.0,0.0
2021-07-29 03:28:24.387181,292878,0.0,5.6
2021-07-29 03:28:24.543832,292813,0.0,0.0
2021-07-29 03:28:24.543832,292878,0.0,5.6
2021-07-29 03:28:24.700554,292813,0.0,0.0
2021-07-29 03:28:24.700554,292878,0.0,5.6
2021-07-29 03:28:24.858074,292813,0.0,0.0
2021-07-29 03:28:24.858074,292878,0.0,5.6
2021-07-29 03:28:25.016164,292813,0.0,0.0
2021-07-29 03:28:25.016164,292878,0.0,5.6
2021-07-29 03:28:25.173103,292813,0.0,0.0
2021-07-29 03:28:25.173103,292878,0.0,5.6
2021-07-29 03:28:25.329858,292813,0.0,0.0
2021-07-29 03:28:25.329858,292878,0.0,5.6
2021-07-29 03:28:25.486397,292813,0.0,0.0
2021-07-29 03:28:25.486397,292878,0.0,5.6
2021-07-29 03:28:25.643907,292813,0.0,0.0
2021-07-29 03:28:25.643907,292878,0.0,5.6
2021-07-29 03:28:25.801627,292813,0.0,0.0
2021-07-29 03:28:25.801627,292878,0.0,5.6
2021-07-29 03:28:25.958803,292813,0.0,0.0
2021-07-29 03:28:25.958803,292878,0.0,5.6
2021-07-29 03:28:26.115981,292813,0.0,0.0
2021-07-29 03:28:26.115981,292878,0.0,5.6
2021-07-29 03:28:26.273703,292813,0.0,0.0
2021-07-29 03:28:26.273703,292878,0.0,5.6
2021-07-29 03:28:26.430181,292813,0.0,0.0
2021-07-29 03:28:26.430181,292878,0.0,5.6
2021-07-29 03:28:26.587479,292813,0.0,0.0
2021-07-29 03:28:26.587479,292878,0.0,5.6
2021-07-29 03:28:26.744094,292813,0.0,0.0
2021-07-29 03:28:26.744094,292878,0.0,5.6
2021-07-29 03:28:26.901613,292813,0.0,0.0
2021-07-29 03:28:26.901613,292878,0.0,5.6
2021-07-29 03:28:27.058395,292813,0.0,0.0
2021-07-29 03:28:27.058395,292878,0.0,5.6
2021-07-29 03:28:27.216039,292813,0.0,0.0
2021-07-29 03:28:27.216039,292878,0.0,5.6
2021-07-29 03:28:27.374721,292813,0.0,0.0
2021-07-29 03:28:27.374721,292878,0.0,5.6
2021-07-29 03:28:27.532884,292813,0.0,0.0
2021-07-29 03:28:27.532884,292878,0.0,5.6
2021-07-29 03:28:27.690264,292813,0.0,0.0
2021-07-29 03:28:27.690264,292878,0.0,5.6
2021-07-29 03:28:27.846921,292813,0.0,0.0
2021-07-29 03:28:27.846921,292878,0.0,5.6
2021-07-29 03:28:28.003460,292813,0.0,0.0
2021-07-29 03:28:28.003460,292878,0.0,5.6
2021-07-29 03:28:28.159912,292813,0.0,0.0
2021-07-29 03:28:28.159912,292878,0.0,5.6
2021-07-29 03:28:28.316712,292813,0.0,0.0
2021-07-29 03:28:28.316712,292878,0.0,5.6
2021-07-29 03:28:28.474930,292813,0.0,0.0
2021-07-29 03:28:28.474930,292878,0.0,5.6
2021-07-29 03:28:28.632274,292813,0.0,0.0
2021-07-29 03:28:28.632274,292878,0.0,5.6
2021-07-29 03:28:28.789296,292813,0.0,0.0
2021-07-29 03:28:28.789296,292878,0.0,5.6
2021-07-29 03:28:28.945572,292813,0.0,0.0
2021-07-29 03:28:28.945572,292878,0.0,5.6
2021-07-29 03:28:29.102706,292813,0.0,0.0
2021-07-29 03:28:29.102706,292878,0.0,5.6
2021-07-29 03:28:29.260822,292813,0.0,0.0
2021-07-29 03:28:29.260822,292878,0.0,5.6
2021-07-29 03:28:29.418623,292813,0.0,0.0
2021-07-29 03:28:29.418623,292878,0.0,5.6
2021-07-29 03:28:29.575514,292813,0.0,0.0
2021-07-29 03:28:29.575514,292878,0.0,5.6
2021-07-29 03:28:29.733133,292813,0.0,0.0
2021-07-29 03:28:29.733133,292878,0.0,5.6
2021-07-29 03:28:29.889568,292813,0.0,0.0
2021-07-29 03:28:29.889568,292878,0.0,5.6
2021-07-29 03:28:30.046668,292813,0.0,0.0
2021-07-29 03:28:30.046668,292878,0.0,5.6
2021-07-29 03:28:30.203813,292813,0.0,0.0
2021-07-29 03:28:30.203813,292878,0.0,5.6
2021-07-29 03:28:30.360970,292813,0.0,0.0
2021-07-29 03:28:30.360970,292878,0.0,5.6
2021-07-29 03:28:30.518607,292813,0.0,0.0
2021-07-29 03:28:30.518607,292878,0.0,5.6
2021-07-29 03:28:30.676396,292813,0.0,0.0
2021-07-29 03:28:30.676396,292878,0.0,5.6
2021-07-29 03:28:30.832852,292813,0.0,0.0
2021-07-29 03:28:30.832852,292878,0.0,5.6
2021-07-29 03:28:30.991496,292813,0.0,0.0
2021-07-29 03:28:30.991496,292878,0.0,5.6
2021-07-29 03:28:31.148744,292813,0.0,0.0
2021-07-29 03:28:31.148744,292878,0.0,5.6
2021-07-29 03:28:31.305713,292813,0.0,0.0
2021-07-29 03:28:31.305713,292878,0.0,5.6
2021-07-29 03:28:31.463774,292813,0.0,0.0
2021-07-29 03:28:31.463774,292878,0.0,5.6
2021-07-29 03:28:31.621707,292813,0.0,0.0
2021-07-29 03:28:31.621707,292878,0.0,5.6
2021-07-29 03:28:31.779330,292813,0.0,0.0
2021-07-29 03:28:31.779330,292878,0.0,5.6
2021-07-29 03:28:31.936476,292813,0.0,0.0
2021-07-29 03:28:31.936476,292878,0.0,5.6
2021-07-29 03:28:32.094197,292813,0.0,0.0
2021-07-29 03:28:32.094197,292878,0.0,5.6
2021-07-29 03:28:32.250690,292813,0.0,0.0
2021-07-29 03:28:32.250690,292878,0.0,5.6
2021-07-29 03:28:32.408319,292813,0.0,0.0
2021-07-29 03:28:32.408319,292878,0.0,5.6
2021-07-29 03:28:32.564923,292813,0.0,0.0
2021-07-29 03:28:32.564923,292878,0.0,5.6
2021-07-29 03:28:32.721243,292813,0.0,0.0
2021-07-29 03:28:32.721243,292878,0.0,5.6
2021-07-29 03:28:32.878538,292813,0.0,0.0
2021-07-29 03:28:32.878538,292878,0.0,5.6
2021-07-29 03:28:33.035293,292813,0.0,0.0
2021-07-29 03:28:33.035293,292878,0.0,5.6
2021-07-29 03:28:33.191809,292813,0.0,0.0
2021-07-29 03:28:33.191809,292878,0.0,5.6
2021-07-29 03:28:33.347734,292813,0.0,0.0
2021-07-29 03:28:33.347734,292878,0.0,5.6
2021-07-29 03:28:33.503358,292813,0.0,0.0
2021-07-29 03:28:33.503358,292878,0.0,5.6
2021-07-29 03:28:33.658851,292813,0.0,0.0
2021-07-29 03:28:33.658851,292878,0.0,5.6
2021-07-29 03:28:33.813597,292813,0.0,0.0
2021-07-29 03:28:33.813597,292878,0.0,5.6
2021-07-29 03:28:33.968616,292813,0.0,0.0
2021-07-29 03:28:33.968616,292878,0.0,5.6
2021-07-29 03:28:34.123321,292813,0.0,0.0
2021-07-29 03:28:34.123321,292878,0.0,5.6
2021-07-29 03:28:34.278652,292813,0.0,0.0
2021-07-29 03:28:34.278652,292878,0.0,5.6
2021-07-29 03:28:34.433965,292813,0.0,0.0
2021-07-29 03:28:34.433965,292878,0.0,5.6
2021-07-29 03:28:34.589100,292813,0.0,0.0
2021-07-29 03:28:34.589100,292878,0.0,5.6
2021-07-29 03:28:34.744608,292813,0.0,0.0
2021-07-29 03:28:34.744608,292878,0.0,5.6
2021-07-29 03:28:34.900048,292813,0.0,0.0
2021-07-29 03:28:34.900048,292878,0.0,5.6
2021-07-29 03:28:35.054643,292813,0.0,0.0
2021-07-29 03:28:35.054643,292878,0.0,5.6
2021-07-29 03:28:35.209978,292813,0.0,0.0
2021-07-29 03:28:35.209978,292878,0.0,5.6
2021-07-29 03:28:35.365246,292813,0.0,0.0
2021-07-29 03:28:35.365246,292878,0.0,5.6
2021-07-29 03:28:35.520760,292813,0.0,0.0
2021-07-29 03:28:35.520760,292878,0.0,5.6
2021-07-29 03:28:35.675425,292813,0.0,0.0
2021-07-29 03:28:35.675425,292878,0.0,5.6
2021-07-29 03:28:35.830780,292813,0.0,0.0
2021-07-29 03:28:35.830780,292878,0.0,5.6
2021-07-29 03:28:35.985626,292813,0.0,0.0
2021-07-29 03:28:35.985626,292878,0.0,5.6
2021-07-29 03:28:36.141265,292813,0.0,0.0
2021-07-29 03:28:36.141265,292878,0.0,5.6
2021-07-29 03:28:36.296305,292813,0.0,0.0
2021-07-29 03:28:36.296305,292878,0.0,5.6
2021-07-29 03:28:36.452053,292813,0.0,0.0
2021-07-29 03:28:36.452053,292878,0.0,5.6
2021-07-29 03:28:36.607138,292813,0.0,0.0
2021-07-29 03:28:36.607138,292878,0.0,5.6
2021-07-29 03:28:36.762762,292813,0.0,0.0
2021-07-29 03:28:36.762762,292878,0.0,5.6
2021-07-29 03:28:36.918090,292813,0.0,0.0
2021-07-29 03:28:36.918090,292878,0.0,5.6
2021-07-29 03:28:37.072640,292813,0.0,0.0
2021-07-29 03:28:37.072640,292878,0.0,5.6
2021-07-29 03:28:37.227395,292813,0.0,0.0
2021-07-29 03:28:37.227395,292878,0.0,5.6
2021-07-29 03:28:37.382514,292878,6.7,5.6
2021-07-29 03:28:37.382514,292813,0.0,0.0
2021-07-29 03:28:37.537424,292813,0.0,0.0
2021-07-29 03:28:37.537424,292878,0.0,5.6
2021-07-29 03:28:37.692065,292813,0.0,0.0
2021-07-29 03:28:37.692065,292878,0.0,5.6
2021-07-29 03:28:37.847234,292813,0.0,0.0
2021-07-29 03:28:37.847234,292878,0.0,5.6
2021-07-29 03:28:38.002026,292813,0.0,0.0
2021-07-29 03:28:38.002026,292878,0.0,5.6
2021-07-29 03:28:38.157679,292813,0.0,0.0
2021-07-29 03:28:38.157679,292878,0.0,5.6
2021-07-29 03:28:38.313469,292813,0.0,0.0
2021-07-29 03:28:38.313469,292878,0.0,5.6
2021-07-29 03:28:38.468969,292813,0.0,0.0
2021-07-29 03:28:38.468969,292878,0.0,5.6
2021-07-29 03:28:38.623660,292813,0.0,0.0
2021-07-29 03:28:38.623660,292878,0.0,5.6
2021-07-29 03:28:38.779528,292813,0.0,0.0
2021-07-29 03:28:38.779528,292878,0.0,5.6
2021-07-29 03:28:38.934562,292813,0.0,0.0
2021-07-29 03:28:38.934562,292878,0.0,5.6
2021-07-29 03:28:39.089848,292813,0.0,0.0
2021-07-29 03:28:39.089848,292878,0.0,5.6
2021-07-29 03:28:39.245744,292813,0.0,0.0
2021-07-29 03:28:39.245744,292878,0.0,5.6
2021-07-29 03:28:39.402233,292813,0.0,0.0
2021-07-29 03:28:39.402233,292878,0.0,5.6
2021-07-29 03:28:39.558646,292813,0.0,0.0
2021-07-29 03:28:39.558646,292878,0.0,5.6
2021-07-29 03:28:39.714484,292813,0.0,0.0
2021-07-29 03:28:39.714484,292878,0.0,5.6
2021-07-29 03:28:39.870773,292813,0.0,0.0
2021-07-29 03:28:39.870773,292878,0.0,5.6
2021-07-29 03:28:40.027383,292813,0.0,0.0
2021-07-29 03:28:40.027383,292878,0.0,5.6
2021-07-29 03:28:40.182966,292813,0.0,0.0
2021-07-29 03:28:40.182966,292878,0.0,5.6
2021-07-29 03:28:40.339385,292813,0.0,0.0
2021-07-29 03:28:40.339385,292878,0.0,5.6
2021-07-29 03:28:40.495790,292813,0.0,0.0
2021-07-29 03:28:40.495790,292878,0.0,5.6
2021-07-29 03:28:40.652610,292813,0.0,0.0
2021-07-29 03:28:40.652610,292878,0.0,5.6
2021-07-29 03:28:40.808081,292813,0.0,0.0
2021-07-29 03:28:40.808081,292878,0.0,5.6
2021-07-29 03:28:40.964109,292813,0.0,0.0
2021-07-29 03:28:40.964109,292878,0.0,5.6
2021-07-29 03:28:41.120095,292813,0.0,0.0
2021-07-29 03:28:41.120095,292878,0.0,5.6
2021-07-29 03:28:41.275813,292813,0.0,0.0
2021-07-29 03:28:41.275813,292878,0.0,5.6
2021-07-29 03:28:41.431281,292813,0.0,0.0
2021-07-29 03:28:41.431281,292878,0.0,5.6
2021-07-29 03:28:41.587496,292813,0.0,0.0
2021-07-29 03:28:41.587496,292878,0.0,5.6
2021-07-29 03:28:41.743063,292813,0.0,0.0
2021-07-29 03:28:41.743063,292878,0.0,5.6
2021-07-29 03:28:41.899174,292813,0.0,0.0
2021-07-29 03:28:41.899174,292878,0.0,5.6
2021-07-29 03:28:42.055428,292813,0.0,0.0
2021-07-29 03:28:42.055428,292878,0.0,5.6
2021-07-29 03:28:42.211333,292813,0.0,0.0
2021-07-29 03:28:42.211333,292878,0.0,5.6
2021-07-29 03:28:42.367930,292813,0.0,0.0
2021-07-29 03:28:42.367930,292878,0.0,5.6
2021-07-29 03:28:42.524432,292813,0.0,0.0
2021-07-29 03:28:42.524432,292878,0.0,5.6
2021-07-29 03:28:42.681985,292813,0.0,0.0
2021-07-29 03:28:42.681985,292878,0.0,5.6
2021-07-29 03:28:42.839267,292813,0.0,0.0
2021-07-29 03:28:42.839267,292878,0.0,5.6
2021-07-29 03:28:42.996337,292813,0.0,0.0
2021-07-29 03:28:42.996337,292878,0.0,5.6
2021-07-29 03:28:43.154632,292813,0.0,0.0
2021-07-29 03:28:43.154632,292878,0.0,5.6
2021-07-29 03:28:43.311782,292813,0.0,0.0
2021-07-29 03:28:43.311782,292878,0.0,5.6
2021-07-29 03:28:43.468054,292813,0.0,0.0
2021-07-29 03:28:43.468054,292878,0.0,5.6
2021-07-29 03:28:43.624710,292813,0.0,0.0
2021-07-29 03:28:43.624710,292878,0.0,5.6
2021-07-29 03:28:43.783072,292813,0.0,0.0
2021-07-29 03:28:43.783072,292878,0.0,5.6
2021-07-29 03:28:43.940027,292813,0.0,0.0
2021-07-29 03:28:43.940027,292878,0.0,5.6
2021-07-29 03:28:44.097692,292813,0.0,0.0
2021-07-29 03:28:44.097692,292878,0.0,5.6
2021-07-29 03:28:44.255378,292813,0.0,0.0
2021-07-29 03:28:44.255378,292878,0.0,5.6
2021-07-29 03:28:44.413349,292813,0.0,0.0
2021-07-29 03:28:44.413349,292878,0.0,5.6
2021-07-29 03:28:44.570228,292813,0.0,0.0
2021-07-29 03:28:44.570228,292878,0.0,5.6
2021-07-29 03:28:44.727644,292813,0.0,0.0
2021-07-29 03:28:44.727644,292878,0.0,5.6
2021-07-29 03:28:44.886183,292813,0.0,0.0
2021-07-29 03:28:44.886183,292878,0.0,5.6
2021-07-29 03:28:45.042917,292813,0.0,0.0
2021-07-29 03:28:45.042917,292878,0.0,5.6
2021-07-29 03:28:45.199507,292813,0.0,0.0
2021-07-29 03:28:45.199507,292878,0.0,5.6
2021-07-29 03:28:45.357115,292813,0.0,0.0
2021-07-29 03:28:45.357115,292878,0.0,5.6
2021-07-29 03:28:45.514298,292813,0.0,0.0
2021-07-29 03:28:45.514298,292878,0.0,5.6
2021-07-29 03:28:45.671371,292813,0.0,0.0
2021-07-29 03:28:45.671371,292878,0.0,5.6
2021-07-29 03:28:45.829003,292813,0.0,0.0
2021-07-29 03:28:45.829003,292878,0.0,5.6
2021-07-29 03:28:45.986097,292813,0.0,0.0
2021-07-29 03:28:45.986097,292878,0.0,5.6
2021-07-29 03:28:46.142631,292813,0.0,0.0
2021-07-29 03:28:46.142631,292878,0.0,5.6
2021-07-29 03:28:46.300308,292813,0.0,0.0
2021-07-29 03:28:46.300308,292878,0.0,5.6
2021-07-29 03:28:46.457595,292813,0.0,0.0
2021-07-29 03:28:46.457595,292878,0.0,5.6
2021-07-29 03:28:46.615031,292813,0.0,0.0
2021-07-29 03:28:46.615031,292878,0.0,5.6
2021-07-29 03:28:46.772642,292813,0.0,0.0
2021-07-29 03:28:46.772642,292878,0.0,5.6
2021-07-29 03:28:46.929910,292813,0.0,0.0
2021-07-29 03:28:46.929910,292878,0.0,5.6
2021-07-29 03:28:47.087665,292813,0.0,0.0
2021-07-29 03:28:47.087665,292878,0.0,5.6
2021-07-29 03:28:47.245311,292813,0.0,0.0
2021-07-29 03:28:47.245311,292878,0.0,5.6
2021-07-29 03:28:47.402787,292813,0.0,0.0
2021-07-29 03:28:47.402787,292878,0.0,5.6
2021-07-29 03:28:47.560470,292813,0.0,0.0
2021-07-29 03:28:47.560470,292878,0.0,5.6
2021-07-29 03:28:47.718467,292813,0.0,0.0
2021-07-29 03:28:47.718467,292878,0.0,5.6
2021-07-29 03:28:47.875937,292813,0.0,0.0
2021-07-29 03:28:47.875937,292878,0.0,5.6
2021-07-29 03:28:48.033898,292813,0.0,0.0
2021-07-29 03:28:48.033898,292878,0.0,5.6
2021-07-29 03:28:48.191301,292813,0.0,0.0
2021-07-29 03:28:48.191301,292878,0.0,5.6
2021-07-29 03:28:48.347545,292813,0.0,0.0
2021-07-29 03:28:48.347545,292878,0.0,5.6
2021-07-29 03:28:48.504717,292813,0.0,0.0
2021-07-29 03:28:48.504717,292878,0.0,5.6
2021-07-29 03:28:48.661353,292813,0.0,0.0
2021-07-29 03:28:48.661353,292878,0.0,5.6
2021-07-29 03:28:48.819532,292813,0.0,0.0
2021-07-29 03:28:48.819532,292878,0.0,5.6
2021-07-29 03:28:48.975986,292813,0.0,0.0
2021-07-29 03:28:48.975986,292878,0.0,5.6
2021-07-29 03:28:49.134016,292813,0.0,0.0
2021-07-29 03:28:49.134016,292878,0.0,5.6
2021-07-29 03:28:49.290965,292813,0.0,0.0
2021-07-29 03:28:49.290965,292878,0.0,5.6
2021-07-29 03:28:49.446842,292813,0.0,0.0
2021-07-29 03:28:49.446842,292878,0.0,5.6
2021-07-29 03:28:49.604755,292813,0.0,0.0
2021-07-29 03:28:49.604755,292878,0.0,5.6
2021-07-29 03:28:49.762061,292813,0.0,0.0
2021-07-29 03:28:49.762061,292878,0.0,5.6
2021-07-29 03:28:49.919213,292813,0.0,0.0
2021-07-29 03:28:49.919213,292878,0.0,5.6
2021-07-29 03:28:50.076214,292813,0.0,0.0
2021-07-29 03:28:50.076214,292878,0.0,5.6
2021-07-29 03:28:50.234287,292813,0.0,0.0
2021-07-29 03:28:50.234287,292878,0.0,5.6
2021-07-29 03:28:50.391966,292813,0.0,0.0
2021-07-29 03:28:50.391966,292878,0.0,5.6
2021-07-29 03:28:50.548878,292813,0.0,0.0
2021-07-29 03:28:50.548878,292878,0.0,5.6
2021-07-29 03:28:50.705465,292813,0.0,0.0
2021-07-29 03:28:50.705465,292878,0.0,5.6
2021-07-29 03:28:50.867861,292813,0.0,0.0
2021-07-29 03:28:50.867861,292878,0.0,5.6
2021-07-29 03:28:51.025348,292813,0.0,0.0
2021-07-29 03:28:51.025348,292878,0.0,5.6
2021-07-29 03:28:51.181835,292813,0.0,0.0
2021-07-29 03:28:51.181835,292878,0.0,5.6
2021-07-29 03:28:51.338939,292813,0.0,0.0
2021-07-29 03:28:51.338939,292878,0.0,5.6
2021-07-29 03:28:51.496515,292813,0.0,0.0
2021-07-29 03:28:51.496515,292878,0.0,5.6
2021-07-29 03:28:51.654246,292813,0.0,0.0
2021-07-29 03:28:51.654246,292878,0.0,5.6
2021-07-29 03:28:51.810791,292813,0.0,0.0
2021-07-29 03:28:51.810791,292878,0.0,5.6
2021-07-29 03:28:51.968901,292813,0.0,0.0
2021-07-29 03:28:51.968901,292878,0.0,5.6
2021-07-29 03:28:52.125877,292813,0.0,0.0
2021-07-29 03:28:52.125877,292878,0.0,5.6
2021-07-29 03:28:52.282711,292813,0.0,0.0
2021-07-29 03:28:52.282711,292878,0.0,5.6
2021-07-29 03:28:52.440201,292813,0.0,0.0
2021-07-29 03:28:52.440201,292878,0.0,5.6
2021-07-29 03:28:52.596620,292813,0.0,0.0
2021-07-29 03:28:52.596620,292878,0.0,5.6
2021-07-29 03:28:52.753117,292813,0.0,0.0
2021-07-29 03:28:52.753117,292878,0.0,5.6
2021-07-29 03:28:52.910677,292813,0.0,0.0
2021-07-29 03:28:52.910677,292878,0.0,5.6
2021-07-29 03:28:53.067730,292813,0.0,0.0
2021-07-29 03:28:53.067730,292878,0.0,5.6
2021-07-29 03:28:53.224191,292813,0.0,0.0
2021-07-29 03:28:53.224191,292878,0.0,5.6
2021-07-29 03:28:53.380661,292813,0.0,0.0
2021-07-29 03:28:53.380661,292878,0.0,5.6
2021-07-29 03:28:53.537427,292813,0.0,0.0
2021-07-29 03:28:53.537427,292878,0.0,5.6
2021-07-29 03:28:53.695731,292813,0.0,0.0
2021-07-29 03:28:53.695731,292878,0.0,5.6
2021-07-29 03:28:53.852944,292813,0.0,0.0
2021-07-29 03:28:53.852944,292878,0.0,5.6
2021-07-29 03:28:54.009508,292813,0.0,0.0
2021-07-29 03:28:54.009508,292878,0.0,5.6
2021-07-29 03:28:54.166744,292813,0.0,0.0
2021-07-29 03:28:54.166744,292878,0.0,5.6
2021-07-29 03:28:54.323994,292813,0.0,0.0
2021-07-29 03:28:54.323994,292878,0.0,5.6
2021-07-29 03:28:54.481328,292813,0.0,0.0
2021-07-29 03:28:54.481328,292878,0.0,5.6
2021-07-29 03:28:54.639604,292813,0.0,0.0
2021-07-29 03:28:54.639604,292878,0.0,5.6
2021-07-29 03:28:54.796848,292813,0.0,0.0
2021-07-29 03:28:54.796848,292878,0.0,5.6
2021-07-29 03:28:54.953439,292878,6.7,5.6
2021-07-29 03:28:54.953439,292813,0.0,0.0
2021-07-29 03:28:55.109928,292813,0.0,0.0
2021-07-29 03:28:55.109928,292878,0.0,5.6
2021-07-29 03:28:55.266403,292813,0.0,0.0
2021-07-29 03:28:55.266403,292878,0.0,5.6
2021-07-29 03:28:55.423560,292813,0.0,0.0
2021-07-29 03:28:55.423560,292878,0.0,5.6
2021-07-29 03:28:55.581292,292813,0.0,0.0
2021-07-29 03:28:55.581292,292878,0.0,5.6
2021-07-29 03:28:55.738109,292813,0.0,0.0
2021-07-29 03:28:55.738109,292878,0.0,5.6
2021-07-29 03:28:55.893371,292813,0.0,0.0
2021-07-29 03:28:55.893371,292878,0.0,5.6
2021-07-29 03:28:56.048975,292813,0.0,0.0
2021-07-29 03:28:56.048975,292878,0.0,5.6
2021-07-29 03:28:56.203668,292813,0.0,0.0
2021-07-29 03:28:56.203668,292878,0.0,5.6
2021-07-29 03:28:56.358220,292813,0.0,0.0
2021-07-29 03:28:56.358220,292878,0.0,5.6
2021-07-29 03:28:56.513712,292813,0.0,0.0
2021-07-29 03:28:56.513712,292878,0.0,5.6
2021-07-29 03:28:56.668788,292813,0.0,0.0
2021-07-29 03:28:56.668788,292878,0.0,5.6
2021-07-29 03:28:56.823581,292813,0.0,0.0
2021-07-29 03:28:56.823581,292878,0.0,5.6
2021-07-29 03:28:56.978907,292813,0.0,0.0
2021-07-29 03:28:56.978907,292878,0.0,5.6
2021-07-29 03:28:57.133514,292813,0.0,0.0
2021-07-29 03:28:57.133514,292878,0.0,5.6
2021-07-29 03:28:57.288391,292813,0.0,0.0
2021-07-29 03:28:57.288391,292878,0.0,5.6
2021-07-29 03:28:57.443098,292813,0.0,0.0
2021-07-29 03:28:57.443098,292878,0.0,5.6
2021-07-29 03:28:57.598435,292813,0.0,0.0
2021-07-29 03:28:57.598435,292878,0.0,5.6
2021-07-29 03:28:57.753991,292813,0.0,0.0
2021-07-29 03:28:57.753991,292878,0.0,5.6
2021-07-29 03:28:57.909663,292813,0.0,0.0
2021-07-29 03:28:57.909663,292878,0.0,5.6
2021-07-29 03:28:58.065942,292813,0.0,0.0
2021-07-29 03:28:58.065942,292878,0.0,5.6
2021-07-29 03:28:58.220515,292813,0.0,0.0
2021-07-29 03:28:58.220515,292878,0.0,5.6
2021-07-29 03:28:58.375113,292813,0.0,0.0
2021-07-29 03:28:58.375113,292878,0.0,5.6
2021-07-29 03:28:58.530410,292813,0.0,0.0
2021-07-29 03:28:58.530410,292878,0.0,5.6
2021-07-29 03:28:58.685868,292813,0.0,0.0
2021-07-29 03:28:58.685868,292878,0.0,5.6
2021-07-29 03:28:58.841270,292813,0.0,0.0
2021-07-29 03:28:58.841270,292878,0.0,5.6
2021-07-29 03:28:58.996718,292813,0.0,0.0
2021-07-29 03:28:58.996718,292878,0.0,5.6
2021-07-29 03:28:59.151877,292813,0.0,0.0
2021-07-29 03:28:59.151877,292878,0.0,5.6
2021-07-29 03:28:59.306695,292813,0.0,0.0
2021-07-29 03:28:59.306695,292878,0.0,5.6
2021-07-29 03:28:59.461887,292813,0.0,0.0
2021-07-29 03:28:59.461887,292878,0.0,5.6
2021-07-29 03:28:59.616669,292813,0.0,0.0
2021-07-29 03:28:59.616669,292878,0.0,5.6
2021-07-29 03:28:59.771830,292813,0.0,0.0
2021-07-29 03:28:59.771830,292878,0.0,5.6
2021-07-29 03:28:59.927054,292813,0.0,0.0
2021-07-29 03:28:59.927054,292878,0.0,5.6
2021-07-29 03:29:00.082367,292813,0.0,0.0
2021-07-29 03:29:00.082367,292878,0.0,5.6
2021-07-29 03:29:00.237262,292813,0.0,0.0
2021-07-29 03:29:00.237262,292878,0.0,5.6
2021-07-29 03:29:00.392642,292813,0.0,0.0
2021-07-29 03:29:00.392642,292878,0.0,5.6
2021-07-29 03:29:00.548360,292813,0.0,0.0
2021-07-29 03:29:00.548360,292878,0.0,5.6
2021-07-29 03:29:00.703947,292813,0.0,0.0
2021-07-29 03:29:00.703947,292878,0.0,5.6
2021-07-29 03:29:00.859087,292813,0.0,0.0
2021-07-29 03:29:00.859087,292878,0.0,5.6
2021-07-29 03:29:01.014646,292813,0.0,0.0
2021-07-29 03:29:01.014646,292878,0.0,5.6
2021-07-29 03:29:01.169337,292813,0.0,0.0
2021-07-29 03:29:01.169337,292878,0.0,5.6
2021-07-29 03:29:01.324086,292813,0.0,0.0
2021-07-29 03:29:01.324086,292878,0.0,5.6
2021-07-29 03:29:01.479637,292813,0.0,0.0
2021-07-29 03:29:01.479637,292878,0.0,5.6
2021-07-29 03:29:01.634983,292813,0.0,0.0
2021-07-29 03:29:01.634983,292878,0.0,5.6
2021-07-29 03:29:01.790333,292813,0.0,0.0
2021-07-29 03:29:01.790333,292878,0.0,5.6
2021-07-29 03:29:01.944844,292813,0.0,0.0
2021-07-29 03:29:01.944844,292878,0.0,5.6
2021-07-29 03:29:02.099537,292813,0.0,0.0
2021-07-29 03:29:02.099537,292878,0.0,5.6
2021-07-29 03:29:02.255000,292813,0.0,0.0
2021-07-29 03:29:02.255000,292878,0.0,5.6
2021-07-29 03:29:02.409635,292813,0.0,0.0
2021-07-29 03:29:02.409635,292878,0.0,5.6
2021-07-29 03:29:02.565067,292813,0.0,0.0
2021-07-29 03:29:02.565067,292878,0.0,5.6
2021-07-29 03:29:02.719849,292813,0.0,0.0
2021-07-29 03:29:02.719849,292878,0.0,5.6
2021-07-29 03:29:02.875378,292878,6.7,5.6
2021-07-29 03:29:02.875378,292813,0.0,0.0
2021-07-29 03:29:03.031241,292813,0.0,0.0
2021-07-29 03:29:03.031241,292878,0.0,5.6
2021-07-29 03:29:03.187214,292813,0.0,0.0
2021-07-29 03:29:03.187214,292878,0.0,5.6
2021-07-29 03:29:03.343302,292813,0.0,0.0
2021-07-29 03:29:03.343302,292878,0.0,5.6
2021-07-29 03:29:03.499293,292813,0.0,0.0
2021-07-29 03:29:03.499293,292878,0.0,5.6
2021-07-29 03:29:03.654938,292813,0.0,0.0
2021-07-29 03:29:03.654938,292878,0.0,5.6
2021-07-29 03:29:03.810815,292813,0.0,0.0
2021-07-29 03:29:03.810815,292878,0.0,5.6
2021-07-29 03:29:03.966572,292813,0.0,0.0
2021-07-29 03:29:03.966572,292878,0.0,5.6
2021-07-29 03:29:04.122270,292813,0.0,0.0
2021-07-29 03:29:04.122270,292878,0.0,5.6
2021-07-29 03:29:04.278530,292813,0.0,0.0
2021-07-29 03:29:04.278530,292878,0.0,5.6
2021-07-29 03:29:04.434329,292813,0.0,0.0
2021-07-29 03:29:04.434329,292878,0.0,5.6
2021-07-29 03:29:04.589777,292813,0.0,0.0
2021-07-29 03:29:04.589777,292878,0.0,5.6
2021-07-29 03:29:04.744582,292813,0.0,0.0
2021-07-29 03:29:04.744582,292878,0.0,5.6
2021-07-29 03:29:04.899547,292813,0.0,0.0
2021-07-29 03:29:04.899547,292878,0.0,5.6
2021-07-29 03:29:05.055170,292813,0.0,0.0
2021-07-29 03:29:05.055170,292878,0.0,5.6
2021-07-29 03:29:05.211179,292813,0.0,0.0
2021-07-29 03:29:05.211179,292878,0.0,5.6
2021-07-29 03:29:05.367110,292813,0.0,0.0
2021-07-29 03:29:05.367110,292878,0.0,5.6
2021-07-29 03:29:05.522937,292813,0.0,0.0
2021-07-29 03:29:05.522937,292878,0.0,5.6
2021-07-29 03:29:05.678860,292813,0.0,0.0
2021-07-29 03:29:05.678860,292878,0.0,5.6
2021-07-29 03:29:05.834328,292813,0.0,0.0
2021-07-29 03:29:05.834328,292878,0.0,5.6
2021-07-29 03:29:05.990449,292813,0.0,0.0
2021-07-29 03:29:05.990449,292878,0.0,5.6
2021-07-29 03:29:06.145964,292813,0.0,0.0
2021-07-29 03:29:06.145964,292878,0.0,5.6
2021-07-29 03:29:06.301663,292813,0.0,0.0
2021-07-29 03:29:06.301663,292878,0.0,5.6
2021-07-29 03:29:06.457420,292813,0.0,0.0
2021-07-29 03:29:06.457420,292878,0.0,5.6
2021-07-29 03:29:06.612776,292813,0.0,0.0
2021-07-29 03:29:06.612776,292878,0.0,5.6
2021-07-29 03:29:06.768664,292813,0.0,0.0
2021-07-29 03:29:06.768664,292878,0.0,5.6
2021-07-29 03:29:06.925118,292813,0.0,0.0
2021-07-29 03:29:06.925118,292878,0.0,5.6
2021-07-29 03:29:07.082755,292813,0.0,0.0
2021-07-29 03:29:07.082755,292878,0.0,5.6
2021-07-29 03:29:07.238618,292813,0.0,0.0
2021-07-29 03:29:07.238618,292878,0.0,5.6
2021-07-29 03:29:07.394534,292813,0.0,0.0
2021-07-29 03:29:07.394534,292878,0.0,5.6
2021-07-29 03:29:07.551976,292813,0.0,0.0
2021-07-29 03:29:07.551976,292878,0.0,5.6
2021-07-29 03:29:07.709167,292813,0.0,0.0
2021-07-29 03:29:07.709167,292878,0.0,5.6
2021-07-29 03:29:07.865446,292813,0.0,0.0
2021-07-29 03:29:07.865446,292878,0.0,5.6
2021-07-29 03:29:08.023532,292813,0.0,0.0
2021-07-29 03:29:08.023532,292878,0.0,5.6
2021-07-29 03:29:08.180877,292813,0.0,0.0
2021-07-29 03:29:08.180877,292878,0.0,5.6
2021-07-29 03:29:08.338986,292813,0.0,0.0
2021-07-29 03:29:08.338986,292878,0.0,5.6
2021-07-29 03:29:08.497080,292813,0.0,0.0
2021-07-29 03:29:08.497080,292878,0.0,5.6
2021-07-29 03:29:08.654773,292813,0.0,0.0
2021-07-29 03:29:08.654773,292878,0.0,5.6
2021-07-29 03:29:08.813139,292813,0.0,0.0
2021-07-29 03:29:08.813139,292878,0.0,5.6
2021-07-29 03:29:08.970240,292813,0.0,0.0
2021-07-29 03:29:08.970240,292878,0.0,5.6
2021-07-29 03:29:09.128042,292813,0.0,0.0
2021-07-29 03:29:09.128042,292878,0.0,5.6
2021-07-29 03:29:09.287003,292813,0.0,0.0
2021-07-29 03:29:09.287003,292878,0.0,5.6
2021-07-29 03:29:09.444247,292813,0.0,0.0
2021-07-29 03:29:09.444247,292878,0.0,5.6
2021-07-29 03:29:09.601944,292813,0.0,0.0
2021-07-29 03:29:09.601944,292878,0.0,5.6
2021-07-29 03:29:09.759415,292813,0.0,0.0
2021-07-29 03:29:09.759415,292878,0.0,5.6
2021-07-29 03:29:09.916685,292813,0.0,0.0
2021-07-29 03:29:09.916685,292878,0.0,5.6
2021-07-29 03:29:10.074024,292813,0.0,0.0
2021-07-29 03:29:10.074024,292878,0.0,5.6
2021-07-29 03:29:10.231658,292813,0.0,0.0
2021-07-29 03:29:10.231658,292878,0.0,5.6
2021-07-29 03:29:10.389820,292813,0.0,0.0
2021-07-29 03:29:10.389820,292878,0.0,5.6
2021-07-29 03:29:10.546819,292813,0.0,0.0
2021-07-29 03:29:10.546819,292878,0.0,5.6
2021-07-29 03:29:10.704828,292813,0.0,0.0
2021-07-29 03:29:10.704828,292878,0.0,5.6
2021-07-29 03:29:10.860981,292813,0.0,0.0
2021-07-29 03:29:10.860981,292878,0.0,5.6
2021-07-29 03:29:11.019033,292813,0.0,0.0
2021-07-29 03:29:11.019033,292878,0.0,5.6
2021-07-29 03:29:11.176544,292813,0.0,0.0
2021-07-29 03:29:11.176544,292878,0.0,5.6
2021-07-29 03:29:11.334486,292813,0.0,0.0
2021-07-29 03:29:11.334486,292878,0.0,5.6
2021-07-29 03:29:11.491926,292813,0.0,0.0
2021-07-29 03:29:11.491926,292878,0.0,5.6
2021-07-29 03:29:11.649687,292813,0.0,0.0
2021-07-29 03:29:11.649687,292878,0.0,5.6
2021-07-29 03:29:11.806236,292813,0.0,0.0
2021-07-29 03:29:11.806236,292878,0.0,5.6
2021-07-29 03:29:11.964319,292813,0.0,0.0
2021-07-29 03:29:11.964319,292878,0.0,5.6
2021-07-29 03:29:12.121504,292813,0.0,0.0
2021-07-29 03:29:12.121504,292878,0.0,5.6
2021-07-29 03:29:12.278724,292813,0.0,0.0
2021-07-29 03:29:12.278724,292878,0.0,5.6
2021-07-29 03:29:12.435577,292813,0.0,0.0
2021-07-29 03:29:12.435577,292878,0.0,5.6
2021-07-29 03:29:12.592224,292813,0.0,0.0
2021-07-29 03:29:12.592224,292878,0.0,5.6
2021-07-29 03:29:12.749326,292813,0.0,0.0
2021-07-29 03:29:12.749326,292878,0.0,5.6
2021-07-29 03:29:12.906342,292813,0.0,0.0
2021-07-29 03:29:12.906342,292878,0.0,5.6
2021-07-29 03:29:13.063964,292813,0.0,0.0
2021-07-29 03:29:13.063964,292878,0.0,5.6
2021-07-29 03:29:13.221527,292813,0.0,0.0
2021-07-29 03:29:13.221527,292878,0.0,5.6
2021-07-29 03:29:13.382267,292813,0.0,0.0
2021-07-29 03:29:13.382267,292878,0.0,5.6
2021-07-29 03:29:13.540952,292813,0.0,0.0
2021-07-29 03:29:13.540952,292878,0.0,5.6
2021-07-29 03:29:13.698500,292813,0.0,0.0
2021-07-29 03:29:13.698500,292878,0.0,5.6
2021-07-29 03:29:13.855406,292813,0.0,0.0
2021-07-29 03:29:13.855406,292878,0.0,5.6
2021-07-29 03:29:14.012686,292813,0.0,0.0
2021-07-29 03:29:14.012686,292878,0.0,5.6
2021-07-29 03:29:14.169797,292813,0.0,0.0
2021-07-29 03:29:14.169797,292878,0.0,5.6
2021-07-29 03:29:14.327274,292813,0.0,0.0
2021-07-29 03:29:14.327274,292878,0.0,5.6
2021-07-29 03:29:14.485569,292813,0.0,0.0
2021-07-29 03:29:14.485569,292878,0.0,5.6
2021-07-29 03:29:14.643258,292813,0.0,0.0
2021-07-29 03:29:14.643258,292878,0.0,5.6
2021-07-29 03:29:14.801808,292813,0.0,0.0
2021-07-29 03:29:14.801808,292878,0.0,5.6
2021-07-29 03:29:14.959367,292813,0.0,0.0
2021-07-29 03:29:14.959367,292878,0.0,5.6
2021-07-29 03:29:15.117786,292813,0.0,0.0
2021-07-29 03:29:15.117786,292878,0.0,5.6
2021-07-29 03:29:15.275044,292813,0.0,0.0
2021-07-29 03:29:15.275044,292878,0.0,5.6
2021-07-29 03:29:15.431659,292813,0.0,0.0
2021-07-29 03:29:15.431659,292878,0.0,5.6
2021-07-29 03:29:15.588630,292813,0.0,0.0
2021-07-29 03:29:15.588630,292878,0.0,5.6
2021-07-29 03:29:15.745140,292813,0.0,0.0
2021-07-29 03:29:15.745140,292878,0.0,5.6
2021-07-29 03:29:15.902673,292813,0.0,0.0
2021-07-29 03:29:15.902673,292878,0.0,5.6
2021-07-29 03:29:16.060530,292813,0.0,0.0
2021-07-29 03:29:16.060530,292878,0.0,5.6
2021-07-29 03:29:16.218517,292813,0.0,0.0
2021-07-29 03:29:16.218517,292878,0.0,5.6
2021-07-29 03:29:16.375262,292813,0.0,0.0
2021-07-29 03:29:16.375262,292878,0.0,5.6
2021-07-29 03:29:16.532752,292813,0.0,0.0
2021-07-29 03:29:16.532752,292878,0.0,5.6
2021-07-29 03:29:16.690324,292813,0.0,0.0
2021-07-29 03:29:16.690324,292878,0.0,5.6
2021-07-29 03:29:16.846700,292813,0.0,0.0
2021-07-29 03:29:16.846700,292878,0.0,5.6
2021-07-29 03:29:17.005135,292813,0.0,0.0
2021-07-29 03:29:17.005135,292878,0.0,5.6
2021-07-29 03:29:17.162059,292813,0.0,0.0
2021-07-29 03:29:17.162059,292878,0.0,5.6
2021-07-29 03:29:17.318688,292813,0.0,0.0
2021-07-29 03:29:17.318688,292878,0.0,5.6
2021-07-29 03:29:17.474960,292813,0.0,0.0
2021-07-29 03:29:17.474960,292878,0.0,5.6
2021-07-29 03:29:17.634593,292813,0.0,0.0
2021-07-29 03:29:17.634593,292878,0.0,5.6
2021-07-29 03:29:17.792616,292878,6.7,5.6
2021-07-29 03:29:17.792616,292813,0.0,0.0
2021-07-29 03:29:17.950182,292813,0.0,0.0
2021-07-29 03:29:17.950182,292878,0.0,5.6
2021-07-29 03:29:18.107456,292813,0.0,0.0
2021-07-29 03:29:18.107456,292878,0.0,5.6
2021-07-29 03:29:18.265830,292813,0.0,0.0
2021-07-29 03:29:18.265830,292878,0.0,5.6
2021-07-29 03:29:18.423493,292813,0.0,0.0
2021-07-29 03:29:18.423493,292878,0.0,5.6
2021-07-29 03:29:18.580312,292813,0.0,0.0
2021-07-29 03:29:18.580312,292878,0.0,5.6
2021-07-29 03:29:18.737780,292813,0.0,0.0
2021-07-29 03:29:18.737780,292878,0.0,5.6
2021-07-29 03:29:18.897437,292813,0.0,0.0
2021-07-29 03:29:18.897437,292878,0.0,5.6
2021-07-29 03:29:19.060583,292813,0.0,0.0
2021-07-29 03:29:19.060583,292878,0.0,5.6
2021-07-29 03:29:19.218149,292813,0.0,0.0
2021-07-29 03:29:19.218149,292878,0.0,5.6
2021-07-29 03:29:19.375778,292813,0.0,0.0
2021-07-29 03:29:19.375778,292878,0.0,5.6
2021-07-29 03:29:19.533940,292813,0.0,0.0
2021-07-29 03:29:19.533940,292878,0.0,5.6
2021-07-29 03:29:19.691643,292813,0.0,0.0
2021-07-29 03:29:19.691643,292878,0.0,5.6
2021-07-29 03:29:19.849499,292813,0.0,0.0
2021-07-29 03:29:19.849499,292878,0.0,5.6
2021-07-29 03:29:20.008548,292813,0.0,0.0
2021-07-29 03:29:20.008548,292878,0.0,5.6
2021-07-29 03:29:20.165695,292813,0.0,0.0
2021-07-29 03:29:20.165695,292878,0.0,5.6
2021-07-29 03:29:20.322817,292813,0.0,0.0
2021-07-29 03:29:20.322817,292878,0.0,5.6
2021-07-29 03:29:20.479077,292813,0.0,0.0
2021-07-29 03:29:20.479077,292878,0.0,5.6
2021-07-29 03:29:20.636185,292813,0.0,0.0
2021-07-29 03:29:20.636185,292878,0.0,5.6
2021-07-29 03:29:20.793466,292813,0.0,0.0
2021-07-29 03:29:20.793466,292878,0.0,5.6
2021-07-29 03:29:20.951790,292813,0.0,0.0
2021-07-29 03:29:20.951790,292878,0.0,5.6
2021-07-29 03:29:21.109127,292813,0.0,0.0
2021-07-29 03:29:21.109127,292878,0.0,5.6
2021-07-29 03:29:21.266258,292813,0.0,0.0
2021-07-29 03:29:21.266258,292878,0.0,5.6
2021-07-29 03:29:21.421803,292813,0.0,0.0
2021-07-29 03:29:21.421803,292878,0.0,5.6
2021-07-29 03:29:21.578826,292813,0.0,0.0
2021-07-29 03:29:21.578826,292878,0.0,5.6
2021-07-29 03:29:21.735879,292813,0.0,0.0
2021-07-29 03:29:21.735879,292878,0.0,5.6
2021-07-29 03:29:21.892791,292813,0.0,0.0
2021-07-29 03:29:21.892791,292878,0.0,5.6
2021-07-29 03:29:22.049620,292813,0.0,0.0
2021-07-29 03:29:22.049620,292878,0.0,5.6
2021-07-29 03:29:22.205404,292813,0.0,0.0
2021-07-29 03:29:22.205404,292878,0.0,5.6
2021-07-29 03:29:22.363370,292813,0.0,0.0
2021-07-29 03:29:22.363370,292878,0.0,5.6
2021-07-29 03:29:22.521072,292813,0.0,0.0
2021-07-29 03:29:22.521072,292878,0.0,5.6
2021-07-29 03:29:22.677485,292813,0.0,0.0
2021-07-29 03:29:22.677485,292878,0.0,5.6
2021-07-29 03:29:22.833831,292813,0.0,0.0
2021-07-29 03:29:22.833831,292878,0.0,5.6
2021-07-29 03:29:22.991195,292813,0.0,0.0
2021-07-29 03:29:22.991195,292878,0.0,5.6
2021-07-29 03:29:23.148935,292813,0.0,0.0
2021-07-29 03:29:23.148935,292878,0.0,5.6
2021-07-29 03:29:23.305755,292813,0.0,0.0
2021-07-29 03:29:23.305755,292878,0.0,5.6
2021-07-29 03:29:23.463845,292813,0.0,0.0
2021-07-29 03:29:23.463845,292878,0.0,5.6
2021-07-29 03:29:23.621452,292813,0.0,0.0
2021-07-29 03:29:23.621452,292878,0.0,5.6
2021-07-29 03:29:23.784240,292813,0.0,0.0
2021-07-29 03:29:23.784240,292878,0.0,5.6
2021-07-29 03:29:23.942668,292813,0.0,0.0
2021-07-29 03:29:23.942668,292878,0.0,5.6
2021-07-29 03:29:24.101034,292813,0.0,0.0
2021-07-29 03:29:24.101034,292878,0.0,5.6
2021-07-29 03:29:24.257200,292813,0.0,0.0
2021-07-29 03:29:24.257200,292878,0.0,5.6
2021-07-29 03:29:24.412219,292813,0.0,0.0
2021-07-29 03:29:24.412219,292878,0.0,5.6
2021-07-29 03:29:24.567566,292813,0.0,0.0
2021-07-29 03:29:24.567566,292878,0.0,5.6
2021-07-29 03:29:24.722338,292813,0.0,0.0
2021-07-29 03:29:24.722338,292878,0.0,5.6
2021-07-29 03:29:24.877511,292813,0.0,0.0
2021-07-29 03:29:24.877511,292878,0.0,5.6
2021-07-29 03:29:25.032661,292813,0.0,0.0
2021-07-29 03:29:25.032661,292878,0.0,5.6
2021-07-29 03:29:25.187524,292813,0.0,0.0
2021-07-29 03:29:25.187524,292878,0.0,5.6
2021-07-29 03:29:25.343365,292813,0.0,0.0
2021-07-29 03:29:25.343365,292878,0.0,5.6
2021-07-29 03:29:25.498761,292813,0.0,0.0
2021-07-29 03:29:25.498761,292878,0.0,5.6
2021-07-29 03:29:25.654083,292813,0.0,0.0
2021-07-29 03:29:25.654083,292878,0.0,5.6
2021-07-29 03:29:25.809592,292813,0.0,0.0
2021-07-29 03:29:25.809592,292878,0.0,5.6
2021-07-29 03:29:25.965185,292813,0.0,0.0
2021-07-29 03:29:25.965185,292878,0.0,5.6
2021-07-29 03:29:26.120000,292813,0.0,0.0
2021-07-29 03:29:26.120000,292878,0.0,5.6
2021-07-29 03:29:26.274587,292813,0.0,0.0
2021-07-29 03:29:26.274587,292878,0.0,5.6
2021-07-29 03:29:26.430050,292813,0.0,0.0
2021-07-29 03:29:26.430050,292878,0.0,5.6
2021-07-29 03:29:26.584956,292813,0.0,0.0
2021-07-29 03:29:26.584956,292878,0.0,5.6
2021-07-29 03:29:26.740364,292813,0.0,0.0
2021-07-29 03:29:26.740364,292878,0.0,5.6
2021-07-29 03:29:26.895970,292813,0.0,0.0
2021-07-29 03:29:26.895970,292878,0.0,5.6
2021-07-29 03:29:27.051767,292813,0.0,0.0
2021-07-29 03:29:27.051767,292878,0.0,5.6
2021-07-29 03:29:27.207343,292813,0.0,0.0
2021-07-29 03:29:27.207343,292878,0.0,5.6
2021-07-29 03:29:27.362205,292813,0.0,0.0
2021-07-29 03:29:27.362205,292878,0.0,5.6
2021-07-29 03:29:27.517702,292813,0.0,0.0
2021-07-29 03:29:27.517702,292878,0.0,5.6
2021-07-29 03:29:27.672721,292813,0.0,0.0
2021-07-29 03:29:27.672721,292878,0.0,5.6
2021-07-29 03:29:27.828079,292813,0.0,0.0
2021-07-29 03:29:27.828079,292878,0.0,5.6
2021-07-29 03:29:27.983292,292813,0.0,0.0
2021-07-29 03:29:27.983292,292878,0.0,5.6
2021-07-29 03:29:28.137978,292813,0.0,0.0
2021-07-29 03:29:28.137978,292878,0.0,5.6
2021-07-29 03:29:28.293528,292813,0.0,0.0
2021-07-29 03:29:28.293528,292878,0.0,5.6
2021-07-29 03:29:28.448590,292813,0.0,0.0
2021-07-29 03:29:28.448590,292878,0.0,5.6
2021-07-29 03:29:28.603947,292813,0.0,0.0
2021-07-29 03:29:28.603947,292878,0.0,5.6
2021-07-29 03:29:28.759059,292813,0.0,0.0
2021-07-29 03:29:28.759059,292878,0.0,5.6
2021-07-29 03:29:28.914515,292813,0.0,0.0
2021-07-29 03:29:28.914515,292878,0.0,5.6
2021-07-29 03:29:29.069955,292813,0.0,0.0
2021-07-29 03:29:29.069955,292878,0.0,5.6
2021-07-29 03:29:29.225577,292813,0.0,0.0
2021-07-29 03:29:29.225577,292878,0.0,5.6
2021-07-29 03:29:29.381066,292813,0.0,0.0
2021-07-29 03:29:29.381066,292878,0.0,5.6
2021-07-29 03:29:29.536557,292813,0.0,0.0
2021-07-29 03:29:29.536557,292878,0.0,5.6
2021-07-29 03:29:29.691838,292813,0.0,0.0
2021-07-29 03:29:29.691838,292878,0.0,5.6
2021-07-29 03:29:29.846833,292813,0.0,0.0
2021-07-29 03:29:29.846833,292878,0.0,5.6
2021-07-29 03:29:30.001797,292813,0.0,0.0
2021-07-29 03:29:30.001797,292878,0.0,5.6
2021-07-29 03:29:30.157352,292813,0.0,0.0
2021-07-29 03:29:30.157352,292878,0.0,5.6
2021-07-29 03:29:30.312428,292813,0.0,0.0
2021-07-29 03:29:30.312428,292878,0.0,5.6
2021-07-29 03:29:30.467153,292813,0.0,0.0
2021-07-29 03:29:30.467153,292878,0.0,5.6
2021-07-29 03:29:30.621839,292813,0.0,0.0
2021-07-29 03:29:30.621839,292878,0.0,5.6
2021-07-29 03:29:30.777026,292813,0.0,0.0
2021-07-29 03:29:30.777026,292878,0.0,5.6
2021-07-29 03:29:30.931814,292813,0.0,0.0
2021-07-29 03:29:30.931814,292878,0.0,5.6
2021-07-29 03:29:31.087039,292813,0.0,0.0
2021-07-29 03:29:31.087039,292878,0.0,5.6
2021-07-29 03:29:31.242516,292813,0.0,0.0
2021-07-29 03:29:31.242516,292878,0.0,5.6
2021-07-29 03:29:31.397362,292813,0.0,0.0
2021-07-29 03:29:31.397362,292878,0.0,5.6
2021-07-29 03:29:31.551882,292813,0.0,0.0
2021-07-29 03:29:31.551882,292878,0.0,5.6
2021-07-29 03:29:31.706356,292813,0.0,0.0
2021-07-29 03:29:31.706356,292878,0.0,5.6
2021-07-29 03:29:31.860872,292813,0.0,0.0
2021-07-29 03:29:31.860872,292878,0.0,5.6
2021-07-29 03:29:32.015494,292813,0.0,0.0
2021-07-29 03:29:32.015494,292878,0.0,5.6
2021-07-29 03:29:32.171053,292813,0.0,0.0
2021-07-29 03:29:32.171053,292878,0.0,5.6
2021-07-29 03:29:32.325753,292813,0.0,0.0
2021-07-29 03:29:32.325753,292878,0.0,5.6
2021-07-29 03:29:32.480899,292813,0.0,0.0
2021-07-29 03:29:32.480899,292878,0.0,5.6
2021-07-29 03:29:32.635748,292813,0.0,0.0
2021-07-29 03:29:32.635748,292878,0.0,5.6
2021-07-29 03:29:32.791215,292813,0.0,0.0
2021-07-29 03:29:32.791215,292878,0.0,5.6
2021-07-29 03:29:32.945969,292813,0.0,0.0
2021-07-29 03:29:32.945969,292878,0.0,5.6
2021-07-29 03:29:33.101358,292813,0.0,0.0
2021-07-29 03:29:33.101358,292878,0.0,5.6
2021-07-29 03:29:33.256192,292813,0.0,0.0
2021-07-29 03:29:33.256192,292878,0.0,5.6
2021-07-29 03:29:33.411521,292813,0.0,0.0
2021-07-29 03:29:33.411521,292878,0.0,5.6
2021-07-29 03:29:33.568475,292813,0.0,0.0
2021-07-29 03:29:33.568475,292878,0.0,5.6
2021-07-29 03:29:33.724982,292813,0.0,0.0
2021-07-29 03:29:33.724982,292878,0.0,5.6
2021-07-29 03:29:33.880218,292813,0.0,0.0
2021-07-29 03:29:33.880218,292878,0.0,5.6
2021-07-29 03:29:34.034860,292813,0.0,0.0
2021-07-29 03:29:34.034860,292878,0.0,5.6
2021-07-29 03:29:34.190719,292813,0.0,0.0
2021-07-29 03:29:34.190719,292878,0.0,5.6
2021-07-29 03:29:34.346263,292813,0.0,0.0
2021-07-29 03:29:34.346263,292878,0.0,5.6
2021-07-29 03:29:34.501215,292813,0.0,0.0
2021-07-29 03:29:34.501215,292878,0.0,5.6
2021-07-29 03:29:34.657196,292813,0.0,0.0
2021-07-29 03:29:34.657196,292878,0.0,5.6
2021-07-29 03:29:34.812864,292813,0.0,0.0
2021-07-29 03:29:34.812864,292878,0.0,5.6
2021-07-29 03:29:34.967555,292813,0.0,0.0
2021-07-29 03:29:34.967555,292878,0.0,5.6
2021-07-29 03:29:35.123287,292813,0.0,0.0
2021-07-29 03:29:35.123287,292878,0.0,5.6
2021-07-29 03:29:35.279002,292813,0.0,0.0
2021-07-29 03:29:35.279002,292878,0.0,5.6
2021-07-29 03:29:35.434172,292813,0.0,0.0
2021-07-29 03:29:35.434172,292878,0.0,5.6
2021-07-29 03:29:35.589384,292813,0.0,0.0
2021-07-29 03:29:35.589384,292878,0.0,5.6
2021-07-29 03:29:35.745114,292813,0.0,0.0
2021-07-29 03:29:35.745114,292878,0.0,5.6
2021-07-29 03:29:35.900321,292813,0.0,0.0
2021-07-29 03:29:35.900321,292878,0.0,5.6
2021-07-29 03:29:36.057523,292813,0.0,0.0
2021-07-29 03:29:36.057523,292878,0.0,5.6
2021-07-29 03:29:36.213334,292813,0.0,0.0
2021-07-29 03:29:36.213334,292878,0.0,5.6
2021-07-29 03:29:36.368906,292813,0.0,0.0
2021-07-29 03:29:36.368906,292878,0.0,5.6
2021-07-29 03:29:36.524446,292813,0.0,0.0
2021-07-29 03:29:36.524446,292878,0.0,5.6
2021-07-29 03:29:36.680054,292813,0.0,0.0
2021-07-29 03:29:36.680054,292878,0.0,5.6
2021-07-29 03:29:36.835759,292813,0.0,0.0
2021-07-29 03:29:36.835759,292878,0.0,5.6
2021-07-29 03:29:36.991105,292813,0.0,0.0
2021-07-29 03:29:36.991105,292878,0.0,5.6
2021-07-29 03:29:37.147055,292813,0.0,0.0
2021-07-29 03:29:37.147055,292878,0.0,5.6
2021-07-29 03:29:37.303131,292813,0.0,0.0
2021-07-29 03:29:37.303131,292878,0.0,5.6
2021-07-29 03:29:37.459336,292813,0.0,0.0
2021-07-29 03:29:37.459336,292878,0.0,5.6
2021-07-29 03:29:37.614869,292813,0.0,0.0
2021-07-29 03:29:37.614869,292878,0.0,5.6
2021-07-29 03:29:37.771043,292813,0.0,0.0
2021-07-29 03:29:37.771043,292878,0.0,5.6
2021-07-29 03:29:37.927210,292813,0.0,0.0
2021-07-29 03:29:37.927210,292878,0.0,5.6
2021-07-29 03:29:38.082626,292813,0.0,0.0
2021-07-29 03:29:38.082626,292878,0.0,5.6
2021-07-29 03:29:38.238965,292813,0.0,0.0
2021-07-29 03:29:38.238965,292878,0.0,5.6
2021-07-29 03:29:38.395279,292813,0.0,0.0
2021-07-29 03:29:38.395279,292878,0.0,5.6
2021-07-29 03:29:38.552202,292813,0.0,0.0
2021-07-29 03:29:38.552202,292878,0.0,5.6
2021-07-29 03:29:38.709576,292813,0.0,0.0
2021-07-29 03:29:38.709576,292878,0.0,5.6
2021-07-29 03:29:38.866844,292813,0.0,0.0
2021-07-29 03:29:38.866844,292878,0.0,5.6
2021-07-29 03:29:39.023088,292813,0.0,0.0
2021-07-29 03:29:39.023088,292878,0.0,5.6
2021-07-29 03:29:39.178832,292813,0.0,0.0
2021-07-29 03:29:39.178832,292878,0.0,5.6
2021-07-29 03:29:39.336007,292813,0.0,0.0
2021-07-29 03:29:39.336007,292878,0.0,5.6
2021-07-29 03:29:39.493760,292813,0.0,0.0
2021-07-29 03:29:39.493760,292878,0.0,5.6
2021-07-29 03:29:39.652045,292813,0.0,0.0
2021-07-29 03:29:39.652045,292878,0.0,5.6
2021-07-29 03:29:39.809289,292813,0.0,0.0
2021-07-29 03:29:39.809289,292878,0.0,5.6
2021-07-29 03:29:39.966656,292813,0.0,0.0
2021-07-29 03:29:39.966656,292878,0.0,5.6
2021-07-29 03:29:40.122985,292813,0.0,0.0
2021-07-29 03:29:40.122985,292878,0.0,5.6
2021-07-29 03:29:40.280113,292813,0.0,0.0
2021-07-29 03:29:40.280113,292878,0.0,5.6
2021-07-29 03:29:40.437924,292813,0.0,0.0
2021-07-29 03:29:40.437924,292878,0.0,5.6
2021-07-29 03:29:40.594612,292813,0.0,0.0
2021-07-29 03:29:40.594612,292878,0.0,5.6
2021-07-29 03:29:40.753199,292813,0.0,0.0
2021-07-29 03:29:40.753199,292878,0.0,5.6
2021-07-29 03:29:40.910354,292813,0.0,0.0
2021-07-29 03:29:40.910354,292878,0.0,5.6
2021-07-29 03:29:41.068612,292813,0.0,0.0
2021-07-29 03:29:41.068612,292878,0.0,5.6
2021-07-29 03:29:41.226426,292813,0.0,0.0
2021-07-29 03:29:41.226426,292878,0.0,5.6
2021-07-29 03:29:41.382706,292813,0.0,0.0
2021-07-29 03:29:41.382706,292878,0.0,5.6
2021-07-29 03:29:41.540080,292813,0.0,0.0
2021-07-29 03:29:41.540080,292878,0.0,5.6
2021-07-29 03:29:41.698178,292813,0.0,0.0
2021-07-29 03:29:41.698178,292878,0.0,5.6
2021-07-29 03:29:41.855237,292813,0.0,0.0
2021-07-29 03:29:41.855237,292878,0.0,5.6
2021-07-29 03:29:42.012426,292813,0.0,0.0
2021-07-29 03:29:42.012426,292878,0.0,5.6
2021-07-29 03:29:42.169361,292878,6.7,5.6
2021-07-29 03:29:42.169361,292813,0.0,0.0
2021-07-29 03:29:42.327402,292813,0.0,0.0
2021-07-29 03:29:42.327402,292878,0.0,5.6
2021-07-29 03:29:42.485839,292813,0.0,0.0
2021-07-29 03:29:42.485839,292878,0.0,5.6
2021-07-29 03:29:42.641742,292813,0.0,0.0
2021-07-29 03:29:42.641742,292878,0.0,5.6
2021-07-29 03:29:42.799989,292813,0.0,0.0
2021-07-29 03:29:42.799989,292878,0.0,5.6
2021-07-29 03:29:42.956908,292813,0.0,0.0
2021-07-29 03:29:42.956908,292878,0.0,5.6
2021-07-29 03:29:43.112767,292813,0.0,0.0
2021-07-29 03:29:43.112767,292878,0.0,5.6
2021-07-29 03:29:43.270173,292813,0.0,0.0
2021-07-29 03:29:43.270173,292878,0.0,5.6
2021-07-29 03:29:43.427036,292813,0.0,0.0
2021-07-29 03:29:43.427036,292878,0.0,5.6
2021-07-29 03:29:43.583226,292813,0.0,0.0
2021-07-29 03:29:43.583226,292878,0.0,5.6
2021-07-29 03:29:43.740178,292813,0.0,0.0
2021-07-29 03:29:43.740178,292878,0.0,5.6
2021-07-29 03:29:43.898648,292813,0.0,0.0
2021-07-29 03:29:43.898648,292878,0.0,5.6
2021-07-29 03:29:44.057033,292813,0.0,0.0
2021-07-29 03:29:44.057033,292878,0.0,5.6
2021-07-29 03:29:44.214615,292813,0.0,0.0
2021-07-29 03:29:44.214615,292878,0.0,5.6
2021-07-29 03:29:44.372016,292813,0.0,0.0
2021-07-29 03:29:44.372016,292878,0.0,5.6
2021-07-29 03:29:44.530649,292813,0.0,0.0
2021-07-29 03:29:44.530649,292878,0.0,5.6
2021-07-29 03:29:44.686850,292813,0.0,0.0
2021-07-29 03:29:44.686850,292878,0.0,5.6
2021-07-29 03:29:44.844039,292813,0.0,0.0
2021-07-29 03:29:44.844039,292878,0.0,5.6
2021-07-29 03:29:45.008195,292813,0.0,0.0
2021-07-29 03:29:45.008195,292878,0.0,5.6
2021-07-29 03:29:45.164038,292813,0.0,0.0
2021-07-29 03:29:45.164038,292878,0.0,5.6
2021-07-29 03:29:45.321924,292878,6.7,5.6
2021-07-29 03:29:45.321924,292813,0.0,0.0
2021-07-29 03:29:45.479059,292813,0.0,0.0
2021-07-29 03:29:45.479059,292878,0.0,5.6
2021-07-29 03:29:45.635330,292813,0.0,0.0
2021-07-29 03:29:45.635330,292878,0.0,5.6
2021-07-29 03:29:45.792594,292813,0.0,0.0
2021-07-29 03:29:45.792594,292878,0.0,5.6
2021-07-29 03:29:45.950387,292813,0.0,0.0
2021-07-29 03:29:45.950387,292878,0.0,5.6
2021-07-29 03:29:46.107693,292813,0.0,0.0
2021-07-29 03:29:46.107693,292878,0.0,5.6
2021-07-29 03:29:46.265179,292813,0.0,0.0
2021-07-29 03:29:46.265179,292878,0.0,5.6
2021-07-29 03:29:46.421855,292813,0.0,0.0
2021-07-29 03:29:46.421855,292878,0.0,5.6
2021-07-29 03:29:46.579916,292813,0.0,0.0
2021-07-29 03:29:46.579916,292878,0.0,5.6
2021-07-29 03:29:46.736055,292813,0.0,0.0
2021-07-29 03:29:46.736055,292878,0.0,5.6
2021-07-29 03:29:46.893113,292813,0.0,0.0
2021-07-29 03:29:46.893113,292878,0.0,5.6
2021-07-29 03:29:47.050229,292813,0.0,0.0
2021-07-29 03:29:47.050229,292878,0.0,5.6
2021-07-29 03:29:47.210620,292813,0.0,0.0
2021-07-29 03:29:47.210620,292878,0.0,5.6
2021-07-29 03:29:47.367119,292813,0.0,0.0
2021-07-29 03:29:47.367119,292878,0.0,5.6
2021-07-29 03:29:47.523172,292813,0.0,0.0
2021-07-29 03:29:47.523172,292878,0.0,5.6
2021-07-29 03:29:47.679674,292813,0.0,0.0
2021-07-29 03:29:47.679674,292878,0.0,5.6
2021-07-29 03:29:47.835948,292813,0.0,0.0
2021-07-29 03:29:47.835948,292878,0.0,5.6
2021-07-29 03:29:47.992890,292813,0.0,0.0
2021-07-29 03:29:47.992890,292878,0.0,5.6
2021-07-29 03:29:48.149709,292813,0.0,0.0
2021-07-29 03:29:48.149709,292878,0.0,5.6
2021-07-29 03:29:48.306382,292813,0.0,0.0
2021-07-29 03:29:48.306382,292878,0.0,5.6
2021-07-29 03:29:48.463691,292813,0.0,0.0
2021-07-29 03:29:48.463691,292878,0.0,5.6
2021-07-29 03:29:48.622300,292813,0.0,0.0
2021-07-29 03:29:48.622300,292878,0.0,5.6
2021-07-29 03:29:48.779945,292813,0.0,0.0
2021-07-29 03:29:48.779945,292878,0.0,5.6
2021-07-29 03:29:48.937754,292813,0.0,0.0
2021-07-29 03:29:48.937754,292878,0.0,5.6
2021-07-29 03:29:49.095655,292813,0.0,0.0
2021-07-29 03:29:49.095655,292878,0.0,5.6
2021-07-29 03:29:49.254578,292813,0.0,0.0
2021-07-29 03:29:49.254578,292878,0.0,5.6
2021-07-29 03:29:49.411647,292813,0.0,0.0
2021-07-29 03:29:49.411647,292878,0.0,5.6
2021-07-29 03:29:49.568888,292813,0.0,0.0
2021-07-29 03:29:49.568888,292878,0.0,5.6
2021-07-29 03:29:49.730012,292813,0.0,0.0
2021-07-29 03:29:49.730012,292878,0.0,5.6
2021-07-29 03:29:49.886660,292813,0.0,0.0
2021-07-29 03:29:49.886660,292878,0.0,5.6
2021-07-29 03:29:50.042781,292813,0.0,0.0
2021-07-29 03:29:50.042781,292878,0.0,5.6
2021-07-29 03:29:50.197655,292813,0.0,0.0
2021-07-29 03:29:50.197655,292878,0.0,5.6
2021-07-29 03:29:50.353345,292813,0.0,0.0
2021-07-29 03:29:50.353345,292878,0.0,5.6
2021-07-29 03:29:50.508460,292813,0.0,0.0
2021-07-29 03:29:50.508460,292878,0.0,5.6
2021-07-29 03:29:50.664154,292813,0.0,0.0
2021-07-29 03:29:50.664154,292878,0.0,5.6
2021-07-29 03:29:50.819221,292813,0.0,0.0
2021-07-29 03:29:50.819221,292878,0.0,5.6
2021-07-29 03:29:50.974067,292813,0.0,0.0
2021-07-29 03:29:50.974067,292878,0.0,5.6
2021-07-29 03:29:51.129392,292813,0.0,0.0
2021-07-29 03:29:51.129392,292878,0.0,5.6
2021-07-29 03:29:51.284494,292813,0.0,0.0
2021-07-29 03:29:51.284494,292878,0.0,5.6
2021-07-29 03:29:51.440113,292813,0.0,0.0
2021-07-29 03:29:51.440113,292878,0.0,5.6
2021-07-29 03:29:51.595251,292813,0.0,0.0
2021-07-29 03:29:51.595251,292878,0.0,5.6
2021-07-29 03:29:51.750937,292813,0.0,0.0
2021-07-29 03:29:51.750937,292878,0.0,5.6
2021-07-29 03:29:51.906458,292813,0.0,0.0
2021-07-29 03:29:51.906458,292878,0.0,5.6
2021-07-29 03:29:52.062122,292813,0.0,0.0
2021-07-29 03:29:52.062122,292878,0.0,5.6
2021-07-29 03:29:52.217329,292813,0.0,0.0
2021-07-29 03:29:52.217329,292878,0.0,5.6
2021-07-29 03:29:52.373009,292813,0.0,0.0
2021-07-29 03:29:52.373009,292878,0.0,5.6
2021-07-29 03:29:52.527675,292813,0.0,0.0
2021-07-29 03:29:52.527675,292878,0.0,5.6
2021-07-29 03:29:52.683155,292813,0.0,0.0
2021-07-29 03:29:52.683155,292878,0.0,5.6
2021-07-29 03:29:52.838160,292813,0.0,0.0
2021-07-29 03:29:52.838160,292878,0.0,5.6
2021-07-29 03:29:52.993068,292813,0.0,0.0
2021-07-29 03:29:52.993068,292878,0.0,5.6
2021-07-29 03:29:53.147926,292813,0.0,0.0
2021-07-29 03:29:53.147926,292878,0.0,5.6
2021-07-29 03:29:53.303256,292813,0.0,0.0
2021-07-29 03:29:53.303256,292878,0.0,5.6
2021-07-29 03:29:53.457791,292813,0.0,0.0
2021-07-29 03:29:53.457791,292878,0.0,5.6
2021-07-29 03:29:53.612565,292813,0.0,0.0
2021-07-29 03:29:53.612565,292878,0.0,5.6
2021-07-29 03:29:53.767550,292813,0.0,0.0
2021-07-29 03:29:53.767550,292878,0.0,5.6
2021-07-29 03:29:53.922776,292813,0.0,0.0
2021-07-29 03:29:53.922776,292878,0.0,5.6
2021-07-29 03:29:54.077628,292813,0.0,0.0
2021-07-29 03:29:54.077628,292878,0.0,5.6
2021-07-29 03:29:54.233037,292813,0.0,0.0
2021-07-29 03:29:54.233037,292878,0.0,5.6
2021-07-29 03:29:54.388950,292813,0.0,0.0
2021-07-29 03:29:54.388950,292878,0.0,5.6
2021-07-29 03:29:54.543510,292813,0.0,0.0
2021-07-29 03:29:54.543510,292878,0.0,5.6
2021-07-29 03:29:54.698989,292813,0.0,0.0
2021-07-29 03:29:54.698989,292878,0.0,5.6
2021-07-29 03:29:54.854012,292813,0.0,0.0
2021-07-29 03:29:54.854012,292878,0.0,5.6
2021-07-29 03:29:55.008702,292813,0.0,0.0
2021-07-29 03:29:55.008702,292878,0.0,5.6
2021-07-29 03:29:55.164484,292813,0.0,0.0
2021-07-29 03:29:55.164484,292878,0.0,5.6
2021-07-29 03:29:55.319198,292813,0.0,0.0
2021-07-29 03:29:55.319198,292878,0.0,5.6
2021-07-29 03:29:55.474655,292813,0.0,0.0
2021-07-29 03:29:55.474655,292878,0.0,5.6
2021-07-29 03:29:55.629560,292813,0.0,0.0
2021-07-29 03:29:55.629560,292878,0.0,5.6
2021-07-29 03:29:55.784880,292813,0.0,0.0
2021-07-29 03:29:55.784880,292878,0.0,5.6
2021-07-29 03:29:55.939778,292813,0.0,0.0
2021-07-29 03:29:55.939778,292878,0.0,5.6
2021-07-29 03:29:56.095188,292813,0.0,0.0
2021-07-29 03:29:56.095188,292878,0.0,5.6
2021-07-29 03:29:56.250596,292813,0.0,0.0
2021-07-29 03:29:56.250596,292878,0.0,5.6
2021-07-29 03:29:56.405921,292813,0.0,0.0
2021-07-29 03:29:56.405921,292878,0.0,5.6
2021-07-29 03:29:56.561227,292813,0.0,0.0
2021-07-29 03:29:56.561227,292878,0.0,5.6
2021-07-29 03:29:56.716123,292813,0.0,0.0
2021-07-29 03:29:56.716123,292878,0.0,5.6
2021-07-29 03:29:56.871396,292813,0.0,0.0
2021-07-29 03:29:56.871396,292878,0.0,5.6
2021-07-29 03:29:57.027135,292813,0.0,0.0
2021-07-29 03:29:57.027135,292878,0.0,5.6
2021-07-29 03:29:57.182661,292813,0.0,0.0
2021-07-29 03:29:57.182661,292878,0.0,5.6
2021-07-29 03:29:57.337944,292813,0.0,0.0
2021-07-29 03:29:57.337944,292878,0.0,5.6
2021-07-29 03:29:57.493479,292813,0.0,0.0
2021-07-29 03:29:57.493479,292878,0.0,5.6
2021-07-29 03:29:57.648971,292813,0.0,0.0
2021-07-29 03:29:57.648971,292878,0.0,5.6
2021-07-29 03:29:57.803504,292813,0.0,0.0
2021-07-29 03:29:57.803504,292878,0.0,5.6
2021-07-29 03:29:57.958881,292813,0.0,0.0
2021-07-29 03:29:57.958881,292878,0.0,5.6
2021-07-29 03:29:58.113792,292813,0.0,0.0
2021-07-29 03:29:58.113792,292878,0.0,5.6
2021-07-29 03:29:58.269292,292813,0.0,0.0
2021-07-29 03:29:58.269292,292878,0.0,5.6
2021-07-29 03:29:58.424198,292813,0.0,0.0
2021-07-29 03:29:58.424198,292878,0.0,5.6
2021-07-29 03:29:58.578851,292813,0.0,0.0
2021-07-29 03:29:58.578851,292878,0.0,5.6
2021-07-29 03:29:58.733413,292813,0.0,0.0
2021-07-29 03:29:58.733413,292878,0.0,5.6
2021-07-29 03:29:58.888779,292813,0.0,0.0
2021-07-29 03:29:58.888779,292878,0.0,5.6
2021-07-29 03:29:59.044318,292813,0.0,0.0
2021-07-29 03:29:59.044318,292878,0.0,5.6
2021-07-29 03:29:59.199922,292813,0.0,0.0
2021-07-29 03:29:59.199922,292878,0.0,5.6
2021-07-29 03:29:59.355656,292813,0.0,0.0
2021-07-29 03:29:59.355656,292878,0.0,5.6
2021-07-29 03:29:59.512331,292813,0.0,0.0
2021-07-29 03:29:59.512331,292878,0.0,5.6
2021-07-29 03:29:59.667403,292813,0.0,0.0
2021-07-29 03:29:59.667403,292878,0.0,5.6
2021-07-29 03:29:59.822848,292813,0.0,0.0
2021-07-29 03:29:59.822848,292878,0.0,5.6
2021-07-29 03:29:59.977809,292813,0.0,0.0
2021-07-29 03:29:59.977809,292878,0.0,5.6
2021-07-29 03:30:00.132921,292813,0.0,0.0
2021-07-29 03:30:00.132921,292878,0.0,5.6
2021-07-29 03:30:00.288144,292813,0.0,0.0
2021-07-29 03:30:00.288144,292878,0.0,5.6
2021-07-29 03:30:00.445131,292813,0.0,0.0
2021-07-29 03:30:00.445131,292878,0.0,5.6
2021-07-29 03:30:00.601566,292813,0.0,0.0
2021-07-29 03:30:00.601566,292878,0.0,5.6
2021-07-29 03:30:00.757226,292813,0.0,0.0
2021-07-29 03:30:00.757226,292878,0.0,5.6
2021-07-29 03:30:00.913766,292813,0.0,0.0
2021-07-29 03:30:00.913766,292878,0.0,5.6
2021-07-29 03:30:01.069329,292813,0.0,0.0
2021-07-29 03:30:01.069329,292878,0.0,5.6
2021-07-29 03:30:01.225220,292813,0.0,0.0
2021-07-29 03:30:01.225220,292878,0.0,5.6
2021-07-29 03:30:01.381218,292813,0.0,0.0
2021-07-29 03:30:01.381218,292878,0.0,5.6
2021-07-29 03:30:01.536511,292813,0.0,0.0
2021-07-29 03:30:01.536511,292878,0.0,5.6
2021-07-29 03:30:01.692408,292813,0.0,0.0
2021-07-29 03:30:01.692408,292878,0.0,5.6
2021-07-29 03:30:01.848275,292813,0.0,0.0
2021-07-29 03:30:01.848275,292878,0.0,5.6
2021-07-29 03:30:02.004410,292813,0.0,0.0
2021-07-29 03:30:02.004410,292878,0.0,5.6
2021-07-29 03:30:02.160442,292813,0.0,0.0
2021-07-29 03:30:02.160442,292878,0.0,5.6
2021-07-29 03:30:02.315661,292813,0.0,0.0
2021-07-29 03:30:02.315661,292878,0.0,5.6
2021-07-29 03:30:02.471831,292813,0.0,0.0
2021-07-29 03:30:02.471831,292878,0.0,5.6
2021-07-29 03:30:02.628434,292813,0.0,0.0
2021-07-29 03:30:02.628434,292878,0.0,5.6
2021-07-29 03:30:02.784422,292813,0.0,0.0
2021-07-29 03:30:02.784422,292878,0.0,5.6
2021-07-29 03:30:02.939792,292813,0.0,0.0
2021-07-29 03:30:02.939792,292878,0.0,5.6
2021-07-29 03:30:03.095798,292813,0.0,0.0
2021-07-29 03:30:03.095798,292878,0.0,5.6
2021-07-29 03:30:03.251322,292813,0.0,0.0
2021-07-29 03:30:03.251322,292878,0.0,5.6
2021-07-29 03:30:03.407389,292813,0.0,0.0
2021-07-29 03:30:03.407389,292878,0.0,5.6
2021-07-29 03:30:03.563172,292813,0.0,0.0
2021-07-29 03:30:03.563172,292878,0.0,5.6
2021-07-29 03:30:03.719707,292813,0.0,0.0
2021-07-29 03:30:03.719707,292878,0.0,5.6
2021-07-29 03:30:03.876202,292813,0.0,0.0
2021-07-29 03:30:03.876202,292878,0.0,5.6
2021-07-29 03:30:04.033738,292813,0.0,0.0
2021-07-29 03:30:04.033738,292878,0.0,5.6
2021-07-29 03:30:04.190485,292813,0.0,0.0
2021-07-29 03:30:04.190485,292878,0.0,5.6
2021-07-29 03:30:04.348324,292813,0.0,0.0
2021-07-29 03:30:04.348324,292878,0.0,5.6
2021-07-29 03:30:04.506095,292813,0.0,0.0
2021-07-29 03:30:04.506095,292878,0.0,5.6
2021-07-29 03:30:04.662752,292813,0.0,0.0
2021-07-29 03:30:04.662752,292878,0.0,5.6
2021-07-29 03:30:04.819877,292813,0.0,0.0
2021-07-29 03:30:04.819877,292878,0.0,5.6
2021-07-29 03:30:04.978015,292813,0.0,0.0
2021-07-29 03:30:04.978015,292878,0.0,5.6
2021-07-29 03:30:05.135130,292813,0.0,0.0
2021-07-29 03:30:05.135130,292878,0.0,5.6
2021-07-29 03:30:05.292036,292813,0.0,0.0
2021-07-29 03:30:05.292036,292878,0.0,5.6
2021-07-29 03:30:05.447449,292813,0.0,0.0
2021-07-29 03:30:05.447449,292878,0.0,5.6
2021-07-29 03:30:05.605106,292813,0.0,0.0
2021-07-29 03:30:05.605106,292878,0.0,5.6
2021-07-29 03:30:05.762533,292813,0.0,0.0
2021-07-29 03:30:05.762533,292878,0.0,5.6
2021-07-29 03:30:05.920064,292813,0.0,0.0
2021-07-29 03:30:05.920064,292878,0.0,5.6
2021-07-29 03:30:06.079525,292813,0.0,0.0
2021-07-29 03:30:06.079525,292878,0.0,5.6
2021-07-29 03:30:06.236612,292813,0.0,0.0
2021-07-29 03:30:06.236612,292878,0.0,5.6
2021-07-29 03:30:06.393207,292813,0.0,0.0
2021-07-29 03:30:06.393207,292878,0.0,5.6
2021-07-29 03:30:06.550134,292813,0.0,0.0
2021-07-29 03:30:06.550134,292878,0.0,5.6
2021-07-29 03:30:06.708737,292813,0.0,0.0
2021-07-29 03:30:06.708737,292878,0.0,5.6
2021-07-29 03:30:06.866298,292813,0.0,0.0
2021-07-29 03:30:06.866298,292878,0.0,5.6
2021-07-29 03:30:07.024979,292813,0.0,0.0
2021-07-29 03:30:07.024979,292878,0.0,5.6
2021-07-29 03:30:07.180842,292813,0.0,0.0
2021-07-29 03:30:07.180842,292878,0.0,5.6
2021-07-29 03:30:07.338196,292813,0.0,0.0
2021-07-29 03:30:07.338196,292878,0.0,5.6
2021-07-29 03:30:07.495800,292813,0.0,0.0
2021-07-29 03:30:07.495800,292878,0.0,5.6
2021-07-29 03:30:07.652515,292813,0.0,0.0
2021-07-29 03:30:07.652515,292878,0.0,5.6
2021-07-29 03:30:07.811937,292813,0.0,0.0
2021-07-29 03:30:07.811937,292878,0.0,5.6
2021-07-29 03:30:07.968771,292813,0.0,0.0
2021-07-29 03:30:07.968771,292878,0.0,5.6
2021-07-29 03:30:08.126008,292813,0.0,0.0
2021-07-29 03:30:08.126008,292878,0.0,5.6
2021-07-29 03:30:08.283127,292813,0.0,0.0
2021-07-29 03:30:08.283127,292878,0.0,5.6
2021-07-29 03:30:08.440601,292813,0.0,0.0
2021-07-29 03:30:08.440601,292878,0.0,5.6
2021-07-29 03:30:08.597450,292813,0.0,0.0
2021-07-29 03:30:08.597450,292878,0.0,5.6
2021-07-29 03:30:08.756646,292813,0.0,0.0
2021-07-29 03:30:08.756646,292878,0.0,5.6
2021-07-29 03:30:08.912611,292813,0.0,0.0
2021-07-29 03:30:08.912611,292878,0.0,5.6
2021-07-29 03:30:09.069307,292813,0.0,0.0
2021-07-29 03:30:09.069307,292878,0.0,5.6
2021-07-29 03:30:09.225310,292813,0.0,0.0
2021-07-29 03:30:09.225310,292878,0.0,5.6
2021-07-29 03:30:09.382594,292813,0.0,0.0
2021-07-29 03:30:09.382594,292878,0.0,5.6
2021-07-29 03:30:09.541617,292813,0.0,0.0
2021-07-29 03:30:09.541617,292878,0.0,5.6
2021-07-29 03:30:09.699272,292813,0.0,0.0
2021-07-29 03:30:09.699272,292878,0.0,5.6
2021-07-29 03:30:09.856666,292813,0.0,0.0
2021-07-29 03:30:09.856666,292878,0.0,5.6
2021-07-29 03:30:10.013916,292813,0.0,0.0
2021-07-29 03:30:10.013916,292878,0.0,5.6
2021-07-29 03:30:10.170252,292813,0.0,0.0
2021-07-29 03:30:10.170252,292878,0.0,5.6
2021-07-29 03:30:10.328671,292813,0.0,0.0
2021-07-29 03:30:10.328671,292878,0.0,5.6
2021-07-29 03:30:10.485864,292813,0.0,0.0
2021-07-29 03:30:10.485864,292878,0.0,5.6
2021-07-29 03:30:10.643724,292813,0.0,0.0
2021-07-29 03:30:10.643724,292878,0.0,5.6
2021-07-29 03:30:10.801079,292813,0.0,0.0
2021-07-29 03:30:10.801079,292878,0.0,5.6
2021-07-29 03:30:10.958399,292813,0.0,0.0
2021-07-29 03:30:10.958399,292878,0.0,5.6
2021-07-29 03:30:11.116918,292813,0.0,0.0
2021-07-29 03:30:11.116918,292878,0.0,5.6
2021-07-29 03:30:11.274326,292878,6.2,5.6
2021-07-29 03:30:11.274326,292813,0.0,0.0
2021-07-29 03:30:11.435598,292813,0.0,0.0
2021-07-29 03:30:11.435598,292878,0.0,5.6
2021-07-29 03:30:11.592645,292813,0.0,0.0
2021-07-29 03:30:11.592645,292878,0.0,5.6
2021-07-29 03:30:11.749560,292813,0.0,0.0
2021-07-29 03:30:11.749560,292878,0.0,5.6
2021-07-29 03:30:11.905828,292813,0.0,0.0
2021-07-29 03:30:11.905828,292878,0.0,5.6
2021-07-29 03:30:12.063700,292813,0.0,0.0
2021-07-29 03:30:12.063700,292878,0.0,5.6
2021-07-29 03:30:12.229782,292813,0.0,0.0
2021-07-29 03:30:12.229782,292878,0.0,5.6
2021-07-29 03:30:12.386163,292813,0.0,0.0
2021-07-29 03:30:12.386163,292878,0.0,5.6
2021-07-29 03:30:12.543546,292813,0.0,0.0
2021-07-29 03:30:12.543546,292878,0.0,5.6
2021-07-29 03:30:12.701176,292813,0.0,0.0
2021-07-29 03:30:12.701176,292878,0.0,5.6
2021-07-29 03:30:12.861163,292813,0.0,0.0
2021-07-29 03:30:12.861163,292878,0.0,5.6
2021-07-29 03:30:13.017859,292813,0.0,0.0
2021-07-29 03:30:13.017859,292878,0.0,5.6
2021-07-29 03:30:13.174608,292813,0.0,0.0
2021-07-29 03:30:13.174608,292878,0.0,5.6
2021-07-29 03:30:13.331720,292813,0.0,0.0
2021-07-29 03:30:13.331720,292878,0.0,5.6
2021-07-29 03:30:13.490085,292813,0.0,0.0
2021-07-29 03:30:13.490085,292878,0.0,5.6
2021-07-29 03:30:13.648460,292813,0.0,0.0
2021-07-29 03:30:13.648460,292878,0.0,5.6
2021-07-29 03:30:13.804929,292813,0.0,0.0
2021-07-29 03:30:13.804929,292878,0.0,5.6
2021-07-29 03:30:13.962576,292813,0.0,0.0
2021-07-29 03:30:13.962576,292878,0.0,5.6
2021-07-29 03:30:14.122124,292813,0.0,0.0
2021-07-29 03:30:14.122124,292878,0.0,5.6
2021-07-29 03:30:14.280055,292813,0.0,0.0
2021-07-29 03:30:14.280055,292878,0.0,5.6
2021-07-29 03:30:14.437366,292813,0.0,0.0
2021-07-29 03:30:14.437366,292878,0.0,5.6
2021-07-29 03:30:14.594930,292813,0.0,0.0
2021-07-29 03:30:14.594930,292878,0.0,5.6
2021-07-29 03:30:14.754078,292813,0.0,0.0
2021-07-29 03:30:14.754078,292878,0.0,5.6
2021-07-29 03:30:14.912843,292813,0.0,0.0
2021-07-29 03:30:14.912843,292878,0.0,5.6
2021-07-29 03:30:15.070596,292813,0.0,0.0
2021-07-29 03:30:15.070596,292878,0.0,5.6
2021-07-29 03:30:15.227566,292813,0.0,0.0
2021-07-29 03:30:15.227566,292878,0.0,5.6
2021-07-29 03:30:15.383921,292813,0.0,0.0
2021-07-29 03:30:15.383921,292878,0.0,5.6
2021-07-29 03:30:15.539755,292813,0.0,0.0
2021-07-29 03:30:15.539755,292878,0.0,5.6
2021-07-29 03:30:15.696724,292813,0.0,0.0
2021-07-29 03:30:15.696724,292878,0.0,5.6
2021-07-29 03:30:15.852598,292813,0.0,0.0
2021-07-29 03:30:15.852598,292878,0.0,5.6
2021-07-29 03:30:16.009200,292813,0.0,0.0
2021-07-29 03:30:16.009200,292878,0.0,5.6
2021-07-29 03:30:16.167214,292813,0.0,0.0
2021-07-29 03:30:16.167214,292878,0.0,5.6
2021-07-29 03:30:16.323151,292813,0.0,0.0
2021-07-29 03:30:16.323151,292878,0.0,5.6
2021-07-29 03:30:16.479433,292813,0.0,0.0
2021-07-29 03:30:16.479433,292878,0.0,5.6
2021-07-29 03:30:16.636518,292813,0.0,0.0
2021-07-29 03:30:16.636518,292878,0.0,5.6
2021-07-29 03:30:16.793601,292813,0.0,0.0
2021-07-29 03:30:16.793601,292878,0.0,5.6
2021-07-29 03:30:16.950842,292813,0.0,0.0
2021-07-29 03:30:16.950842,292878,0.0,5.6
2021-07-29 03:30:17.108073,292813,0.0,0.0
2021-07-29 03:30:17.108073,292878,0.0,5.6
2021-07-29 03:30:17.266611,292813,0.0,0.0
2021-07-29 03:30:17.266611,292878,0.0,5.6
2021-07-29 03:30:17.422458,292813,0.0,0.0
2021-07-29 03:30:17.422458,292878,0.0,5.6
2021-07-29 03:30:17.578694,292813,0.0,0.0
2021-07-29 03:30:17.578694,292878,0.0,5.6
2021-07-29 03:30:17.735490,292813,0.0,0.0
2021-07-29 03:30:17.735490,292878,0.0,5.6
2021-07-29 03:30:17.892859,292813,0.0,0.0
2021-07-29 03:30:17.892859,292878,0.0,5.6
2021-07-29 03:30:18.050234,292813,0.0,0.0
2021-07-29 03:30:18.050234,292878,0.0,5.6
2021-07-29 03:30:18.207272,292813,0.0,0.0
2021-07-29 03:30:18.207272,292878,0.0,5.6
2021-07-29 03:30:18.363333,292878,6.7,5.6
2021-07-29 03:30:18.363333,292813,0.0,0.0
2021-07-29 03:30:18.521543,292813,0.0,0.0
2021-07-29 03:30:18.521543,292878,0.0,5.6
2021-07-29 03:30:18.678007,292813,0.0,0.0
2021-07-29 03:30:18.678007,292878,0.0,5.6
2021-07-29 03:30:18.833918,292813,0.0,0.0
2021-07-29 03:30:18.833918,292878,0.0,5.6
2021-07-29 03:30:18.990709,292813,0.0,0.0
2021-07-29 03:30:18.990709,292878,0.0,5.6
2021-07-29 03:30:19.146343,292813,0.0,0.0
2021-07-29 03:30:19.146343,292878,0.0,5.6
2021-07-29 03:30:19.301197,292813,0.0,0.0
2021-07-29 03:30:19.301197,292878,0.0,5.6
2021-07-29 03:30:19.456372,292813,0.0,0.0
2021-07-29 03:30:19.456372,292878,0.0,5.6
2021-07-29 03:30:19.611797,292813,0.0,0.0
2021-07-29 03:30:19.611797,292878,0.0,5.6
2021-07-29 03:30:19.766462,292813,0.0,0.0
2021-07-29 03:30:19.766462,292878,0.0,5.6
2021-07-29 03:30:19.921997,292813,0.0,0.0
2021-07-29 03:30:19.921997,292878,0.0,5.6
2021-07-29 03:30:20.077622,292813,0.0,0.0
2021-07-29 03:30:20.077622,292878,0.0,5.6
2021-07-29 03:30:20.233301,292813,0.0,0.0
2021-07-29 03:30:20.233301,292878,0.0,5.6
2021-07-29 03:30:20.388352,292813,0.0,0.0
2021-07-29 03:30:20.388352,292878,0.0,5.6
2021-07-29 03:30:20.543077,292813,0.0,0.0
2021-07-29 03:30:20.543077,292878,0.0,5.6
2021-07-29 03:30:20.697819,292813,0.0,0.0
2021-07-29 03:30:20.697819,292878,0.0,5.6
2021-07-29 03:30:20.853785,292813,0.0,0.0
2021-07-29 03:30:20.853785,292878,0.0,5.6
2021-07-29 03:30:21.009335,292813,0.0,0.0
2021-07-29 03:30:21.009335,292878,0.0,5.6
2021-07-29 03:30:21.164851,292813,0.0,0.0
2021-07-29 03:30:21.164851,292878,0.0,5.6
2021-07-29 03:30:21.319731,292813,0.0,0.0
2021-07-29 03:30:21.319731,292878,0.0,5.6
2021-07-29 03:30:21.474989,292813,0.0,0.0
2021-07-29 03:30:21.474989,292878,0.0,5.6
2021-07-29 03:30:21.630445,292813,0.0,0.0
2021-07-29 03:30:21.630445,292878,0.0,5.6
2021-07-29 03:30:21.785178,292813,0.0,0.0
2021-07-29 03:30:21.785178,292878,0.0,5.6
2021-07-29 03:30:21.940256,292813,0.0,0.0
2021-07-29 03:30:21.940256,292878,0.0,5.6
2021-07-29 03:30:22.095661,292813,0.0,0.0
2021-07-29 03:30:22.095661,292878,0.0,5.6
2021-07-29 03:30:22.251157,292813,0.0,0.0
2021-07-29 03:30:22.251157,292878,0.0,5.6
2021-07-29 03:30:22.406684,292813,0.0,0.0
2021-07-29 03:30:22.406684,292878,0.0,5.6
2021-07-29 03:30:22.561706,292813,0.0,0.0
2021-07-29 03:30:22.561706,292878,0.0,5.6
2021-07-29 03:30:22.716342,292813,0.0,0.0
2021-07-29 03:30:22.716342,292878,0.0,5.6
2021-07-29 03:30:22.870920,292813,0.0,0.0
2021-07-29 03:30:22.870920,292878,0.0,5.6
2021-07-29 03:30:23.026378,292813,0.0,0.0
2021-07-29 03:30:23.026378,292878,0.0,5.6
2021-07-29 03:30:23.181204,292813,0.0,0.0
2021-07-29 03:30:23.181204,292878,0.0,5.6
2021-07-29 03:30:23.335965,292813,0.0,0.0
2021-07-29 03:30:23.335965,292878,0.0,5.6
2021-07-29 03:30:23.491600,292813,0.0,0.0
2021-07-29 03:30:23.491600,292878,0.0,5.6
2021-07-29 03:30:23.647095,292813,0.0,0.0
2021-07-29 03:30:23.647095,292878,0.0,5.6
2021-07-29 03:30:23.802629,292813,0.0,0.0
2021-07-29 03:30:23.802629,292878,0.0,5.6
2021-07-29 03:30:23.957598,292813,0.0,0.0
2021-07-29 03:30:23.957598,292878,0.0,5.6
2021-07-29 03:30:24.113307,292813,0.0,0.0
2021-07-29 03:30:24.113307,292878,0.0,5.6
2021-07-29 03:30:24.268809,292813,0.0,0.0
2021-07-29 03:30:24.268809,292878,0.0,5.6
2021-07-29 03:30:24.424898,292813,0.0,0.0
2021-07-29 03:30:24.424898,292878,0.0,5.6
2021-07-29 03:30:24.579569,292813,0.0,0.0
2021-07-29 03:30:24.579569,292878,0.0,5.6
2021-07-29 03:30:24.735124,292813,0.0,0.0
2021-07-29 03:30:24.735124,292878,0.0,5.6
2021-07-29 03:30:24.890588,292813,0.0,0.0
2021-07-29 03:30:24.890588,292878,0.0,5.6
2021-07-29 03:30:25.046214,292813,0.0,0.0
2021-07-29 03:30:25.046214,292878,0.0,5.6
2021-07-29 03:30:25.201305,292813,0.0,0.0
2021-07-29 03:30:25.201305,292878,0.0,5.6
2021-07-29 03:30:25.356759,292813,0.0,0.0
2021-07-29 03:30:25.356759,292878,0.0,5.6
2021-07-29 03:30:25.512412,292813,0.0,0.0
2021-07-29 03:30:25.512412,292878,0.0,5.6
2021-07-29 03:30:25.667776,292813,0.0,0.0
2021-07-29 03:30:25.667776,292878,0.0,5.6
2021-07-29 03:30:25.822459,292813,0.0,0.0
2021-07-29 03:30:25.822459,292878,0.0,5.6
2021-07-29 03:30:25.977247,292813,0.0,0.0
2021-07-29 03:30:25.977247,292878,0.0,5.6
2021-07-29 03:30:26.132809,292813,0.0,0.0
2021-07-29 03:30:26.132809,292878,0.0,5.6
2021-07-29 03:30:26.287949,292813,0.0,0.0
2021-07-29 03:30:26.287949,292878,0.0,5.6
2021-07-29 03:30:26.442995,292813,0.0,0.0
2021-07-29 03:30:26.442995,292878,0.0,5.6
2021-07-29 03:30:26.597825,292813,0.0,0.0
2021-07-29 03:30:26.597825,292878,0.0,5.6
2021-07-29 03:30:26.753057,292813,0.0,0.0
2021-07-29 03:30:26.753057,292878,0.0,5.6
2021-07-29 03:30:26.908426,292813,0.0,0.0
2021-07-29 03:30:26.908426,292878,0.0,5.6
2021-07-29 03:30:27.063212,292813,0.0,0.0
2021-07-29 03:30:27.063212,292878,0.0,5.6
2021-07-29 03:30:27.218832,292813,0.0,0.0
2021-07-29 03:30:27.218832,292878,0.0,5.6
2021-07-29 03:30:27.373864,292813,0.0,0.0
2021-07-29 03:30:27.373864,292878,0.0,5.6
2021-07-29 03:30:27.528672,292813,0.0,0.0
2021-07-29 03:30:27.528672,292878,0.0,5.6
2021-07-29 03:30:27.683871,292813,0.0,0.0
2021-07-29 03:30:27.683871,292878,0.0,5.6
2021-07-29 03:30:27.839184,292813,0.0,0.0
2021-07-29 03:30:27.839184,292878,0.0,5.6
2021-07-29 03:30:27.993995,292813,0.0,0.0
2021-07-29 03:30:27.993995,292878,0.0,5.6
2021-07-29 03:30:28.149498,292813,0.0,0.0
2021-07-29 03:30:28.149498,292878,0.0,5.6
2021-07-29 03:30:28.304542,292813,0.0,0.0
2021-07-29 03:30:28.304542,292878,0.0,5.6
2021-07-29 03:30:28.460395,292813,0.0,0.0
2021-07-29 03:30:28.460395,292878,0.0,5.6
2021-07-29 03:30:28.615771,292813,0.0,0.0
2021-07-29 03:30:28.615771,292878,0.0,5.6
2021-07-29 03:30:28.771056,292813,0.0,0.0
2021-07-29 03:30:28.771056,292878,0.0,5.6
2021-07-29 03:30:28.926195,292813,0.0,0.0
2021-07-29 03:30:28.926195,292878,0.0,5.6
2021-07-29 03:30:29.081508,292813,0.0,0.0
2021-07-29 03:30:29.081508,292878,0.0,5.6
2021-07-29 03:30:29.237611,292813,0.0,0.0
2021-07-29 03:30:29.237611,292878,0.0,5.6
2021-07-29 03:30:29.393101,292813,0.0,0.0
2021-07-29 03:30:29.393101,292878,0.0,5.6
2021-07-29 03:30:29.548634,292813,0.0,0.0
2021-07-29 03:30:29.548634,292878,0.0,5.6
2021-07-29 03:30:29.703112,292813,0.0,0.0
2021-07-29 03:30:29.703112,292878,0.0,5.6
2021-07-29 03:30:29.858600,292813,0.0,0.0
2021-07-29 03:30:29.858600,292878,0.0,5.6
2021-07-29 03:30:30.013694,292813,0.0,0.0
2021-07-29 03:30:30.013694,292878,0.0,5.6
2021-07-29 03:30:30.169083,292813,0.0,0.0
2021-07-29 03:30:30.169083,292878,0.0,5.6
2021-07-29 03:30:30.324634,292813,0.0,0.0
2021-07-29 03:30:30.324634,292878,0.0,5.6
2021-07-29 03:30:30.480306,292813,0.0,0.0
2021-07-29 03:30:30.480306,292878,0.0,5.6
2021-07-29 03:30:30.636300,292813,0.0,0.0
2021-07-29 03:30:30.636300,292878,0.0,5.6
2021-07-29 03:30:30.792545,292813,0.0,0.0
2021-07-29 03:30:30.792545,292878,0.0,5.6
2021-07-29 03:30:30.948467,292813,0.0,0.0
2021-07-29 03:30:30.948467,292878,0.0,5.6
2021-07-29 03:30:31.105440,292813,0.0,0.0
2021-07-29 03:30:31.105440,292878,0.0,5.6
2021-07-29 03:30:31.264073,292813,0.0,0.0
2021-07-29 03:30:31.264073,292878,0.0,5.6
2021-07-29 03:30:31.420757,292813,0.0,0.0
2021-07-29 03:30:31.420757,292878,0.0,5.6
2021-07-29 03:30:31.577140,292813,0.0,0.0
2021-07-29 03:30:31.577140,292878,0.0,5.6
2021-07-29 03:30:31.733256,292813,0.0,0.0
2021-07-29 03:30:31.733256,292878,0.0,5.6
2021-07-29 03:30:31.888969,292813,0.0,0.0
2021-07-29 03:30:31.888969,292878,0.0,5.6
2021-07-29 03:30:32.045235,292813,0.0,0.0
2021-07-29 03:30:32.045235,292878,0.0,5.6
2021-07-29 03:30:32.200868,292813,0.0,0.0
2021-07-29 03:30:32.200868,292878,0.0,5.6
2021-07-29 03:30:32.356491,292813,0.0,0.0
2021-07-29 03:30:32.356491,292878,0.0,5.6
2021-07-29 03:30:32.512141,292813,0.0,0.0
2021-07-29 03:30:32.512141,292878,0.0,5.6
2021-07-29 03:30:32.667857,292813,0.0,0.0
2021-07-29 03:30:32.667857,292878,0.0,5.6
2021-07-29 03:30:32.823373,292813,0.0,0.0
2021-07-29 03:30:32.823373,292878,0.0,5.6
2021-07-29 03:30:32.978926,292813,0.0,0.0
2021-07-29 03:30:32.978926,292878,0.0,5.6
2021-07-29 03:30:33.134629,292813,0.0,0.0
2021-07-29 03:30:33.134629,292878,0.0,5.6
2021-07-29 03:30:33.290909,292813,0.0,0.0
2021-07-29 03:30:33.290909,292878,0.0,5.6
2021-07-29 03:30:33.448152,292813,0.0,0.0
2021-07-29 03:30:33.448152,292878,0.0,5.6
2021-07-29 03:30:33.608691,292813,0.0,0.0
2021-07-29 03:30:33.608691,292878,0.0,5.6
2021-07-29 03:30:33.764570,292813,0.0,0.0
2021-07-29 03:30:33.764570,292878,0.0,5.6
2021-07-29 03:30:33.920925,292813,0.0,0.0
2021-07-29 03:30:33.920925,292878,0.0,5.6
2021-07-29 03:30:34.079042,292813,0.0,0.0
2021-07-29 03:30:34.079042,292878,0.0,5.6
2021-07-29 03:30:34.236568,292813,0.0,0.0
2021-07-29 03:30:34.236568,292878,0.0,5.6
2021-07-29 03:30:34.392763,292813,0.0,0.0
2021-07-29 03:30:34.392763,292878,0.0,5.6
2021-07-29 03:30:34.550431,292813,0.0,0.0
2021-07-29 03:30:34.550431,292878,0.0,5.6
2021-07-29 03:30:34.710197,292813,0.0,0.0
2021-07-29 03:30:34.710197,292878,0.0,5.6
2021-07-29 03:30:34.867375,292813,0.0,0.0
2021-07-29 03:30:34.867375,292878,0.0,5.6
2021-07-29 03:30:35.023153,292813,0.0,0.0
2021-07-29 03:30:35.023153,292878,0.0,5.6
2021-07-29 03:30:35.180483,292813,0.0,0.0
2021-07-29 03:30:35.180483,292878,0.0,5.6
2021-07-29 03:30:35.337528,292813,0.0,0.0
2021-07-29 03:30:35.337528,292878,0.0,5.6
2021-07-29 03:30:35.494118,292813,0.0,0.0
2021-07-29 03:30:35.494118,292878,0.0,5.6
2021-07-29 03:30:35.650054,292813,0.0,0.0
2021-07-29 03:30:35.650054,292878,0.0,5.6
2021-07-29 03:30:35.807138,292813,0.0,0.0
2021-07-29 03:30:35.807138,292878,0.0,5.6
2021-07-29 03:30:35.963104,292813,0.0,0.0
2021-07-29 03:30:35.963104,292878,0.0,5.6
2021-07-29 03:30:36.119217,292813,0.0,0.0
2021-07-29 03:30:36.119217,292878,0.0,5.6
2021-07-29 03:30:36.276707,292813,0.0,0.0
2021-07-29 03:30:36.276707,292878,0.0,5.6
2021-07-29 03:30:36.433648,292813,0.0,0.0
2021-07-29 03:30:36.433648,292878,0.0,5.6
2021-07-29 03:30:36.589056,292813,0.0,0.0
2021-07-29 03:30:36.589056,292878,0.0,5.6
2021-07-29 03:30:36.746549,292813,0.0,0.0
2021-07-29 03:30:36.746549,292878,0.0,5.6
2021-07-29 03:30:36.903620,292813,0.0,0.0
2021-07-29 03:30:36.903620,292878,0.0,5.6
2021-07-29 03:30:37.060270,292813,0.0,0.0
2021-07-29 03:30:37.060270,292878,0.0,5.6
2021-07-29 03:30:37.218067,292813,0.0,0.0
2021-07-29 03:30:37.218067,292878,0.0,5.6
2021-07-29 03:30:37.375444,292813,0.0,0.0
2021-07-29 03:30:37.375444,292878,0.0,5.6
2021-07-29 03:30:37.532851,292813,0.0,0.0
2021-07-29 03:30:37.532851,292878,0.0,5.6
2021-07-29 03:30:37.690231,292813,0.0,0.0
2021-07-29 03:30:37.690231,292878,0.0,5.6
2021-07-29 03:30:37.847382,292813,0.0,0.0
2021-07-29 03:30:37.847382,292878,0.0,5.6
2021-07-29 03:30:38.004713,292813,0.0,0.0
2021-07-29 03:30:38.004713,292878,0.0,5.6
2021-07-29 03:30:38.161489,292813,0.0,0.0
2021-07-29 03:30:38.161489,292878,0.0,5.6
2021-07-29 03:30:38.318159,292813,0.0,0.0
2021-07-29 03:30:38.318159,292878,0.0,5.6
2021-07-29 03:30:38.475573,292813,0.0,0.0
2021-07-29 03:30:38.475573,292878,0.0,5.6
2021-07-29 03:30:38.631944,292813,0.0,0.0
2021-07-29 03:30:38.631944,292878,0.0,5.6
2021-07-29 03:30:38.787770,292813,0.0,0.0
2021-07-29 03:30:38.787770,292878,0.0,5.6
2021-07-29 03:30:38.944205,292813,0.0,0.0
2021-07-29 03:30:38.944205,292878,0.0,5.6
2021-07-29 03:30:39.099942,292813,0.0,0.0
2021-07-29 03:30:39.099942,292878,0.0,5.6
2021-07-29 03:30:39.255203,292813,0.0,0.0
2021-07-29 03:30:39.255203,292878,0.0,5.6
2021-07-29 03:30:39.410067,292813,0.0,0.0
2021-07-29 03:30:39.410067,292878,0.0,5.6
2021-07-29 03:30:39.564761,292813,0.0,0.0
2021-07-29 03:30:39.564761,292878,0.0,5.6
2021-07-29 03:30:39.719340,292813,0.0,0.0
2021-07-29 03:30:39.719340,292878,0.0,5.6
2021-07-29 03:30:39.874882,292813,0.0,0.0
2021-07-29 03:30:39.874882,292878,0.0,5.6
2021-07-29 03:30:40.030322,292813,0.0,0.0
2021-07-29 03:30:40.030322,292878,0.0,5.6
2021-07-29 03:30:40.185780,292813,0.0,0.0
2021-07-29 03:30:40.185780,292878,0.0,5.6
2021-07-29 03:30:40.341623,292813,0.0,0.0
2021-07-29 03:30:40.341623,292878,0.0,5.6
2021-07-29 03:30:40.497171,292813,0.0,0.0
2021-07-29 03:30:40.497171,292878,0.0,5.6
2021-07-29 03:30:40.652900,292813,0.0,0.0
2021-07-29 03:30:40.652900,292878,0.0,5.6
2021-07-29 03:30:40.807786,292813,0.0,0.0
2021-07-29 03:30:40.807786,292878,0.0,5.6
2021-07-29 03:30:40.963227,292813,0.0,0.0
2021-07-29 03:30:40.963227,292878,0.0,5.6
2021-07-29 03:30:41.118011,292813,0.0,0.0
2021-07-29 03:30:41.118011,292878,0.0,5.6
2021-07-29 03:30:41.272884,292813,0.0,0.0
2021-07-29 03:30:41.272884,292878,0.0,5.6
2021-07-29 03:30:41.427856,292813,0.0,0.0
2021-07-29 03:30:41.427856,292878,0.0,5.6
2021-07-29 03:30:41.583026,292813,0.0,0.0
2021-07-29 03:30:41.583026,292878,0.0,5.6
2021-07-29 03:30:41.737760,292813,0.0,0.0
2021-07-29 03:30:41.737760,292878,0.0,5.6
2021-07-29 03:30:41.892721,292813,0.0,0.0
2021-07-29 03:30:41.892721,292878,0.0,5.6
2021-07-29 03:30:42.048370,292813,0.0,0.0
2021-07-29 03:30:42.048370,292878,0.0,5.6
2021-07-29 03:30:42.203853,292813,0.0,0.0
2021-07-29 03:30:42.203853,292878,0.0,5.6
2021-07-29 03:30:42.359390,292813,0.0,0.0
2021-07-29 03:30:42.359390,292878,0.0,5.6
2021-07-29 03:30:42.514835,292813,0.0,0.0
2021-07-29 03:30:42.514835,292878,0.0,5.6
2021-07-29 03:30:42.670574,292813,0.0,0.0
2021-07-29 03:30:42.670574,292878,0.0,5.6
2021-07-29 03:30:42.826096,292813,0.0,0.0
2021-07-29 03:30:42.826096,292878,0.0,5.6
2021-07-29 03:30:42.981346,292813,0.0,0.0
2021-07-29 03:30:42.981346,292878,0.0,5.6
2021-07-29 03:30:43.136607,292813,0.0,0.0
2021-07-29 03:30:43.136607,292878,0.0,5.6
2021-07-29 03:30:43.291274,292813,0.0,0.0
2021-07-29 03:30:43.291274,292878,0.0,5.6
2021-07-29 03:30:43.446584,292813,0.0,0.0
2021-07-29 03:30:43.446584,292878,0.0,5.6
2021-07-29 03:30:43.602078,292813,0.0,0.0
2021-07-29 03:30:43.602078,292878,0.0,5.6
2021-07-29 03:30:43.757643,292813,0.0,0.0
2021-07-29 03:30:43.757643,292878,0.0,5.6
2021-07-29 03:30:43.912598,292813,0.0,0.0
2021-07-29 03:30:43.912598,292878,0.0,5.6
2021-07-29 03:30:44.068315,292813,0.0,0.0
2021-07-29 03:30:44.068315,292878,0.0,5.6
2021-07-29 03:30:44.223950,292813,0.0,0.0
2021-07-29 03:30:44.223950,292878,0.0,5.6
2021-07-29 03:30:44.379494,292813,0.0,0.0
2021-07-29 03:30:44.379494,292878,0.0,5.6
2021-07-29 03:30:44.535006,292813,0.0,0.0
2021-07-29 03:30:44.535006,292878,0.0,5.6
2021-07-29 03:30:44.690566,292813,0.0,0.0
2021-07-29 03:30:44.690566,292878,0.0,5.6
2021-07-29 03:30:44.845675,292813,0.0,0.0
2021-07-29 03:30:44.845675,292878,0.0,5.6
2021-07-29 03:30:45.001175,292813,0.0,0.0
2021-07-29 03:30:45.001175,292878,0.0,5.6
2021-07-29 03:30:45.155939,292813,0.0,0.0
2021-07-29 03:30:45.155939,292878,0.0,5.6
2021-07-29 03:30:45.311411,292813,0.0,0.0
2021-07-29 03:30:45.311411,292878,0.0,5.6
2021-07-29 03:30:45.466903,292813,0.0,0.0
2021-07-29 03:30:45.466903,292878,0.0,5.6
2021-07-29 03:30:45.621639,292813,0.0,0.0
2021-07-29 03:30:45.621639,292878,0.0,5.6
2021-07-29 03:30:45.776843,292813,0.0,0.0
2021-07-29 03:30:45.776843,292878,0.0,5.6
2021-07-29 03:30:45.931695,292813,0.0,0.0
2021-07-29 03:30:45.931695,292878,0.0,5.6
2021-07-29 03:30:46.086722,292813,0.0,0.0
2021-07-29 03:30:46.086722,292878,0.0,5.6
2021-07-29 03:30:46.242281,292813,0.0,0.0
2021-07-29 03:30:46.242281,292878,0.0,5.6
2021-07-29 03:30:46.397123,292813,0.0,0.0
2021-07-29 03:30:46.397123,292878,0.0,5.6
2021-07-29 03:30:46.552772,292813,0.0,0.0
2021-07-29 03:30:46.552772,292878,0.0,5.6
2021-07-29 03:30:46.707775,292813,0.0,0.0
2021-07-29 03:30:46.707775,292878,0.0,5.6
2021-07-29 03:30:46.863279,292813,0.0,0.0
2021-07-29 03:30:46.863279,292878,0.0,5.6
2021-07-29 03:30:47.018588,292813,0.0,0.0
2021-07-29 03:30:47.018588,292878,0.0,5.6
2021-07-29 03:30:47.174516,292813,0.0,0.0
2021-07-29 03:30:47.174516,292878,0.0,5.6
2021-07-29 03:30:47.329847,292813,0.0,0.0
2021-07-29 03:30:47.329847,292878,0.0,5.6
2021-07-29 03:30:47.484773,292813,0.0,0.0
2021-07-29 03:30:47.484773,292878,0.0,5.6
2021-07-29 03:30:47.639384,292813,0.0,0.0
2021-07-29 03:30:47.639384,292878,0.0,5.6
2021-07-29 03:30:47.794850,292813,0.0,0.0
2021-07-29 03:30:47.794850,292878,0.0,5.6
2021-07-29 03:30:47.949747,292813,0.0,0.0
2021-07-29 03:30:47.949747,292878,0.0,5.6
2021-07-29 03:30:48.104555,292813,0.0,0.0
2021-07-29 03:30:48.104555,292878,0.0,5.6
2021-07-29 03:30:48.259635,292878,6.7,5.6
2021-07-29 03:30:48.259635,292813,0.0,0.0
2021-07-29 03:30:48.415107,292813,0.0,0.0
2021-07-29 03:30:48.415107,292878,0.0,5.6
2021-07-29 03:30:48.570714,292813,0.0,0.0
2021-07-29 03:30:48.570714,292878,0.0,5.6
2021-07-29 03:30:48.726181,292813,0.0,0.0
2021-07-29 03:30:48.726181,292878,0.0,5.6
2021-07-29 03:30:48.881668,292813,0.0,0.0
2021-07-29 03:30:48.881668,292878,0.0,5.6
2021-07-29 03:30:49.036560,292813,0.0,0.0
2021-07-29 03:30:49.036560,292878,0.0,5.6
2021-07-29 03:30:49.192012,292813,0.0,0.0
2021-07-29 03:30:49.192012,292878,0.0,5.6
2021-07-29 03:30:49.346715,292813,0.0,0.0
2021-07-29 03:30:49.346715,292878,0.0,5.6
2021-07-29 03:30:49.502173,292813,0.0,0.0
2021-07-29 03:30:49.502173,292878,0.0,5.6
2021-07-29 03:30:49.657310,292813,0.0,0.0
2021-07-29 03:30:49.657310,292878,0.0,5.6
2021-07-29 03:30:49.812944,292813,0.0,0.0
2021-07-29 03:30:49.812944,292878,0.0,5.6
2021-07-29 03:30:49.968477,292813,0.0,0.0
2021-07-29 03:30:49.968477,292878,0.0,5.6
2021-07-29 03:30:50.124212,292813,0.0,0.0
2021-07-29 03:30:50.124212,292878,0.0,5.6
2021-07-29 03:30:50.279301,292813,0.0,0.0
2021-07-29 03:30:50.279301,292878,0.0,5.6
2021-07-29 03:30:50.434256,292813,0.0,0.0
2021-07-29 03:30:50.434256,292878,0.0,5.6
2021-07-29 03:30:50.589912,292813,0.0,0.0
2021-07-29 03:30:50.589912,292878,0.0,5.6
2021-07-29 03:30:50.747686,292813,0.0,0.0
2021-07-29 03:30:50.747686,292878,0.0,5.6
2021-07-29 03:30:50.904841,292813,0.0,0.0
2021-07-29 03:30:50.904841,292878,0.0,5.6
2021-07-29 03:30:51.061850,292813,0.0,0.0
2021-07-29 03:30:51.061850,292878,0.0,5.6
2021-07-29 03:30:51.218833,292813,0.0,0.0
2021-07-29 03:30:51.218833,292878,0.0,5.6
2021-07-29 03:30:51.375423,292813,0.0,0.0
2021-07-29 03:30:51.375423,292878,0.0,5.6
2021-07-29 03:30:51.531928,292813,0.0,0.0
2021-07-29 03:30:51.531928,292878,0.0,5.6
2021-07-29 03:30:51.687664,292813,0.0,0.0
2021-07-29 03:30:51.687664,292878,0.0,5.6
2021-07-29 03:30:51.843209,292813,0.0,0.0
2021-07-29 03:30:51.843209,292878,0.0,5.6
2021-07-29 03:30:51.998798,292813,0.0,0.0
2021-07-29 03:30:51.998798,292878,0.0,5.6
2021-07-29 03:30:52.156098,292813,0.0,0.0
2021-07-29 03:30:52.156098,292878,0.0,5.6
2021-07-29 03:30:52.312886,292813,0.0,0.0
2021-07-29 03:30:52.312886,292878,0.0,5.6
2021-07-29 03:30:52.469973,292813,0.0,0.0
2021-07-29 03:30:52.469973,292878,0.0,5.6
2021-07-29 03:30:52.626279,292813,0.0,0.0
2021-07-29 03:30:52.626279,292878,0.0,5.6
2021-07-29 03:30:52.781672,292813,0.0,0.0
2021-07-29 03:30:52.781672,292878,0.0,5.6
2021-07-29 03:30:52.938367,292813,0.0,0.0
2021-07-29 03:30:52.938367,292878,0.0,5.6
2021-07-29 03:30:53.095986,292813,0.0,0.0
2021-07-29 03:30:53.095986,292878,0.0,5.6
2021-07-29 03:30:53.253295,292813,0.0,0.0
2021-07-29 03:30:53.253295,292878,0.0,5.6
2021-07-29 03:30:53.409713,292813,0.0,0.0
2021-07-29 03:30:53.409713,292878,0.0,5.6
2021-07-29 03:30:53.566002,292813,0.0,0.0
2021-07-29 03:30:53.566002,292878,0.0,5.6
2021-07-29 03:30:53.722774,292813,0.0,0.0
2021-07-29 03:30:53.722774,292878,0.0,5.6
2021-07-29 03:30:53.880014,292813,0.0,0.0
2021-07-29 03:30:53.880014,292878,0.0,5.6
2021-07-29 03:30:54.036903,292813,0.0,0.0
2021-07-29 03:30:54.036903,292878,0.0,5.6
2021-07-29 03:30:54.193727,292813,0.0,0.0
2021-07-29 03:30:54.193727,292878,0.0,5.6
2021-07-29 03:30:54.349487,292813,0.0,0.0
2021-07-29 03:30:54.349487,292878,0.0,5.6
2021-07-29 03:30:54.505954,292813,0.0,0.0
2021-07-29 03:30:54.505954,292878,0.0,5.6
2021-07-29 03:30:54.662368,292813,0.0,0.0
2021-07-29 03:30:54.662368,292878,0.0,5.6
2021-07-29 03:30:54.821041,292813,0.0,0.0
2021-07-29 03:30:54.821041,292878,0.0,5.6
2021-07-29 03:30:54.978242,292813,0.0,0.0
2021-07-29 03:30:54.978242,292878,0.0,5.6
2021-07-29 03:30:55.133667,292813,0.0,0.0
2021-07-29 03:30:55.133667,292878,0.0,5.6
2021-07-29 03:30:55.289875,292813,0.0,0.0
2021-07-29 03:30:55.289875,292878,0.0,5.6
2021-07-29 03:30:55.447259,292813,0.0,0.0
2021-07-29 03:30:55.447259,292878,0.0,5.6
2021-07-29 03:30:55.603643,292813,0.0,0.0
2021-07-29 03:30:55.603643,292878,0.0,5.6
2021-07-29 03:30:55.760087,292813,0.0,0.0
2021-07-29 03:30:55.760087,292878,0.0,5.6
2021-07-29 03:30:55.917014,292813,0.0,0.0
2021-07-29 03:30:55.917014,292878,0.0,5.6
2021-07-29 03:30:56.072547,292813,0.0,0.0
2021-07-29 03:30:56.072547,292878,0.0,5.6
2021-07-29 03:30:56.228930,292813,0.0,0.0
2021-07-29 03:30:56.228930,292878,0.0,5.6
2021-07-29 03:30:56.384793,292813,0.0,0.0
2021-07-29 03:30:56.384793,292878,0.0,5.6
2021-07-29 03:30:56.541852,292813,0.0,0.0
2021-07-29 03:30:56.541852,292878,0.0,5.6
2021-07-29 03:30:56.699483,292813,0.0,0.0
2021-07-29 03:30:56.699483,292878,0.0,5.6
2021-07-29 03:30:56.855788,292813,0.0,0.0
2021-07-29 03:30:56.855788,292878,0.0,5.6
2021-07-29 03:30:57.013645,292813,0.0,0.0
2021-07-29 03:30:57.013645,292878,0.0,5.6
2021-07-29 03:30:57.171157,292813,0.0,0.0
2021-07-29 03:30:57.171157,292878,0.0,5.6
2021-07-29 03:30:57.327925,292813,0.0,0.0
2021-07-29 03:30:57.327925,292878,0.0,5.6
2021-07-29 03:30:57.484673,292813,0.0,0.0
2021-07-29 03:30:57.484673,292878,0.0,5.6
2021-07-29 03:30:57.641867,292813,0.0,0.0
2021-07-29 03:30:57.641867,292878,0.0,5.6
2021-07-29 03:30:57.797376,292813,0.0,0.0
2021-07-29 03:30:57.797376,292878,0.0,5.6
2021-07-29 03:30:57.953648,292813,0.0,0.0
2021-07-29 03:30:57.953648,292878,0.0,5.6
2021-07-29 03:30:58.108972,292813,0.0,0.0
2021-07-29 03:30:58.108972,292878,0.0,5.6
2021-07-29 03:30:58.263857,292813,0.0,0.0
2021-07-29 03:30:58.263857,292878,0.0,5.6
2021-07-29 03:30:58.419173,292813,0.0,0.0
2021-07-29 03:30:58.419173,292878,0.0,5.6
2021-07-29 03:30:58.574412,292813,0.0,0.0
2021-07-29 03:30:58.574412,292878,0.0,5.6
2021-07-29 03:30:58.730131,292813,0.0,0.0
2021-07-29 03:30:58.730131,292878,0.0,5.6
2021-07-29 03:30:58.885428,292813,0.0,0.0
2021-07-29 03:30:58.885428,292878,0.0,5.6
2021-07-29 03:30:59.040127,292813,0.0,0.0
2021-07-29 03:30:59.040127,292878,0.0,5.6
2021-07-29 03:30:59.195649,292813,0.0,0.0
2021-07-29 03:30:59.195649,292878,0.0,5.6
2021-07-29 03:30:59.350262,292813,0.0,0.0
2021-07-29 03:30:59.350262,292878,0.0,5.6
2021-07-29 03:30:59.505814,292813,0.0,0.0
2021-07-29 03:30:59.505814,292878,0.0,5.6
2021-07-29 03:30:59.660650,292813,0.0,0.0
2021-07-29 03:30:59.660650,292878,0.0,5.6
2021-07-29 03:30:59.815195,292813,0.0,0.0
2021-07-29 03:30:59.815195,292878,0.0,5.6
2021-07-29 03:30:59.970966,292813,0.0,0.0
2021-07-29 03:30:59.970966,292878,0.0,5.6
2021-07-29 03:31:00.126255,292813,0.0,0.0
2021-07-29 03:31:00.126255,292878,0.0,5.6
2021-07-29 03:31:00.281594,292813,0.0,0.0
2021-07-29 03:31:00.281594,292878,0.0,5.6
2021-07-29 03:31:00.436517,292813,0.0,0.0
2021-07-29 03:31:00.436517,292878,0.0,5.6
2021-07-29 03:31:00.592298,292813,0.0,0.0
2021-07-29 03:31:00.592298,292878,0.0,5.6
2021-07-29 03:31:00.747411,292813,0.0,0.0
2021-07-29 03:31:00.747411,292878,0.0,5.6
2021-07-29 03:31:00.903421,292813,0.0,0.0
2021-07-29 03:31:00.903421,292878,0.0,5.6
2021-07-29 03:31:01.058481,292813,0.0,0.0
2021-07-29 03:31:01.058481,292878,0.0,5.6
2021-07-29 03:31:01.213186,292813,0.0,0.0
2021-07-29 03:31:01.213186,292878,0.0,5.6
2021-07-29 03:31:01.368927,292813,0.0,0.0
2021-07-29 03:31:01.368927,292878,0.0,5.6
2021-07-29 03:31:01.524723,292813,0.0,0.0
2021-07-29 03:31:01.524723,292878,0.0,5.6
2021-07-29 03:31:01.680280,292813,0.0,0.0
2021-07-29 03:31:01.680280,292878,0.0,5.6
2021-07-29 03:31:01.835856,292813,0.0,0.0
2021-07-29 03:31:01.835856,292878,0.0,5.6
2021-07-29 03:31:01.990616,292813,0.0,0.0
2021-07-29 03:31:01.990616,292878,0.0,5.6
2021-07-29 03:31:02.146011,292813,0.0,0.0
2021-07-29 03:31:02.146011,292878,0.0,5.6
2021-07-29 03:31:02.301582,292813,0.0,0.0
2021-07-29 03:31:02.301582,292878,0.0,5.6
2021-07-29 03:31:02.456868,292813,0.0,0.0
2021-07-29 03:31:02.456868,292878,0.0,5.6
2021-07-29 03:31:02.611672,292813,0.0,0.0
2021-07-29 03:31:02.611672,292878,0.0,5.6
2021-07-29 03:31:02.766889,292813,0.0,0.0
2021-07-29 03:31:02.766889,292878,0.0,5.6
2021-07-29 03:31:02.922257,292813,0.0,0.0
2021-07-29 03:31:02.922257,292878,0.0,5.6
2021-07-29 03:31:03.077796,292813,0.0,0.0
2021-07-29 03:31:03.077796,292878,0.0,5.6
2021-07-29 03:31:03.232932,292813,0.0,0.0
2021-07-29 03:31:03.232932,292878,0.0,5.6
2021-07-29 03:31:03.387780,292813,0.0,0.0
2021-07-29 03:31:03.387780,292878,0.0,5.6
2021-07-29 03:31:03.542374,292813,0.0,0.0
2021-07-29 03:31:03.542374,292878,0.0,5.6
2021-07-29 03:31:03.697888,292813,0.0,0.0
2021-07-29 03:31:03.697888,292878,0.0,5.6
2021-07-29 03:31:03.852950,292813,0.0,0.0
2021-07-29 03:31:03.852950,292878,0.0,5.6
2021-07-29 03:31:04.008002,292813,0.0,0.0
2021-07-29 03:31:04.008002,292878,0.0,5.6
2021-07-29 03:31:04.163337,292813,0.0,0.0
2021-07-29 03:31:04.163337,292878,0.0,5.6
2021-07-29 03:31:04.318892,292813,0.0,0.0
2021-07-29 03:31:04.318892,292878,0.0,5.6
2021-07-29 03:31:04.474410,292813,0.0,0.0
2021-07-29 03:31:04.474410,292878,0.0,5.6
2021-07-29 03:31:04.629116,292813,0.0,0.0
2021-07-29 03:31:04.629116,292878,0.0,5.6
2021-07-29 03:31:04.783597,292813,0.0,0.0
2021-07-29 03:31:04.783597,292878,0.0,5.6
2021-07-29 03:31:04.939424,292813,0.0,0.0
2021-07-29 03:31:04.939424,292878,0.0,5.6
2021-07-29 03:31:05.094932,292813,0.0,0.0
2021-07-29 03:31:05.094932,292878,0.0,5.6
2021-07-29 03:31:05.250486,292813,0.0,0.0
2021-07-29 03:31:05.250486,292878,0.0,5.6
2021-07-29 03:31:05.405451,292813,0.0,0.0
2021-07-29 03:31:05.405451,292878,0.0,5.6
2021-07-29 03:31:05.560747,292813,0.0,0.0
2021-07-29 03:31:05.560747,292878,0.0,5.6
2021-07-29 03:31:05.715768,292813,0.0,0.0
2021-07-29 03:31:05.715768,292878,0.0,5.6
2021-07-29 03:31:05.870368,292813,0.0,0.0
2021-07-29 03:31:05.870368,292878,0.0,5.6
2021-07-29 03:31:06.025766,292813,0.0,0.0
2021-07-29 03:31:06.025766,292878,0.0,5.6
2021-07-29 03:31:06.180659,292813,0.0,0.0
2021-07-29 03:31:06.180659,292878,0.0,5.6
2021-07-29 03:31:06.336413,292813,0.0,0.0
2021-07-29 03:31:06.336413,292878,0.0,5.6
2021-07-29 03:31:06.491473,292813,0.0,0.0
2021-07-29 03:31:06.491473,292878,0.0,5.6
2021-07-29 03:31:06.646930,292813,0.0,0.0
2021-07-29 03:31:06.646930,292878,0.0,5.6
2021-07-29 03:31:06.802685,292813,0.0,0.0
2021-07-29 03:31:06.802685,292878,0.0,5.6
2021-07-29 03:31:06.958150,292813,0.0,0.0
2021-07-29 03:31:06.958150,292878,0.0,5.6
2021-07-29 03:31:07.113779,292813,0.0,0.0
2021-07-29 03:31:07.113779,292878,0.0,5.6
2021-07-29 03:31:07.268767,292813,0.0,0.0
2021-07-29 03:31:07.268767,292878,0.0,5.6
2021-07-29 03:31:07.423596,292813,0.0,0.0
2021-07-29 03:31:07.423596,292878,0.0,5.6
2021-07-29 03:31:07.578424,292813,0.0,0.0
2021-07-29 03:31:07.578424,292878,0.0,5.6
2021-07-29 03:31:07.733086,292813,0.0,0.0
2021-07-29 03:31:07.733086,292878,0.0,5.6
2021-07-29 03:31:07.887853,292813,0.0,0.0
2021-07-29 03:31:07.887853,292878,0.0,5.6
2021-07-29 03:31:08.042462,292813,0.0,0.0
2021-07-29 03:31:08.042462,292878,0.0,5.6
2021-07-29 03:31:08.197219,292813,0.0,0.0
2021-07-29 03:31:08.197219,292878,0.0,5.6
2021-07-29 03:31:08.352699,292878,6.7,5.6
2021-07-29 03:31:08.352699,292813,0.0,0.0
2021-07-29 03:31:08.508260,292813,0.0,0.0
2021-07-29 03:31:08.508260,292878,0.0,5.6
2021-07-29 03:31:08.663399,292813,0.0,0.0
2021-07-29 03:31:08.663399,292878,0.0,5.6
2021-07-29 03:31:08.817935,292813,0.0,0.0
2021-07-29 03:31:08.817935,292878,0.0,5.6
2021-07-29 03:31:08.973361,292813,0.0,0.0
2021-07-29 03:31:08.973361,292878,0.0,5.6
2021-07-29 03:31:09.128360,292813,0.0,0.0
2021-07-29 03:31:09.128360,292878,0.0,5.6
2021-07-29 03:31:09.284923,292813,0.0,0.0
2021-07-29 03:31:09.284923,292878,0.0,5.6
2021-07-29 03:31:09.443865,292813,0.0,0.0
2021-07-29 03:31:09.443865,292878,0.0,5.6
2021-07-29 03:31:09.600399,292813,0.0,0.0
2021-07-29 03:31:09.600399,292878,0.0,5.6
2021-07-29 03:31:09.756309,292813,0.0,0.0
2021-07-29 03:31:09.756309,292878,0.0,5.6
2021-07-29 03:31:09.912907,292813,0.0,0.0
2021-07-29 03:31:09.912907,292878,0.0,5.6
2021-07-29 03:31:10.071191,292813,0.0,0.0
2021-07-29 03:31:10.071191,292878,0.0,5.6
2021-07-29 03:31:10.227020,292813,0.0,0.0
2021-07-29 03:31:10.227020,292878,0.0,5.6
2021-07-29 03:31:10.383735,292813,0.0,0.0
2021-07-29 03:31:10.383735,292878,0.0,5.6
2021-07-29 03:31:10.539546,292813,0.0,0.0
2021-07-29 03:31:10.539546,292878,0.0,5.6
2021-07-29 03:31:10.695555,292813,0.0,0.0
2021-07-29 03:31:10.695555,292878,0.0,5.6
2021-07-29 03:31:10.852548,292813,0.0,0.0
2021-07-29 03:31:10.852548,292878,0.0,5.6
2021-07-29 03:31:11.009264,292813,0.0,0.0
2021-07-29 03:31:11.009264,292878,0.0,5.6
2021-07-29 03:31:11.166583,292813,0.0,0.0
2021-07-29 03:31:11.166583,292878,0.0,5.6
2021-07-29 03:31:11.324263,292813,0.0,0.0
2021-07-29 03:31:11.324263,292878,0.0,5.6
2021-07-29 03:31:11.480315,292813,0.0,0.0
2021-07-29 03:31:11.480315,292878,0.0,5.6
2021-07-29 03:31:11.637425,292813,0.0,0.0
2021-07-29 03:31:11.637425,292878,0.0,5.6
2021-07-29 03:31:11.793821,292813,0.0,0.0
2021-07-29 03:31:11.793821,292878,0.0,5.6
2021-07-29 03:31:11.950665,292813,0.0,0.0
2021-07-29 03:31:11.950665,292878,0.0,5.6
2021-07-29 03:31:12.107656,292813,0.0,0.0
2021-07-29 03:31:12.107656,292878,0.0,5.6
2021-07-29 03:31:12.264565,292813,0.0,0.0
2021-07-29 03:31:12.264565,292878,0.0,5.6
2021-07-29 03:31:12.422007,292813,0.0,0.0
2021-07-29 03:31:12.422007,292878,0.0,5.6
2021-07-29 03:31:12.578974,292813,0.0,0.0
2021-07-29 03:31:12.578974,292878,0.0,5.6
2021-07-29 03:31:12.735646,292813,0.0,0.0
2021-07-29 03:31:12.735646,292878,0.0,5.6
2021-07-29 03:31:12.893459,292813,0.0,0.0
2021-07-29 03:31:12.893459,292878,0.0,5.6
2021-07-29 03:31:13.050995,292813,0.0,0.0
2021-07-29 03:31:13.050995,292878,0.0,5.6
2021-07-29 03:31:13.208781,292813,0.0,0.0
2021-07-29 03:31:13.208781,292878,0.0,5.6
2021-07-29 03:31:13.365768,292813,0.0,0.0
2021-07-29 03:31:13.365768,292878,0.0,5.6
2021-07-29 03:31:13.522569,292813,0.0,0.0
2021-07-29 03:31:13.522569,292878,0.0,5.6
2021-07-29 03:31:13.679437,292813,0.0,0.0
2021-07-29 03:31:13.679437,292878,0.0,5.6
2021-07-29 03:31:13.835997,292813,0.0,0.0
2021-07-29 03:31:13.835997,292878,0.0,5.6
2021-07-29 03:31:13.992944,292813,0.0,0.0
2021-07-29 03:31:13.992944,292878,0.0,5.6
2021-07-29 03:31:14.148635,292813,0.0,0.0
2021-07-29 03:31:14.148635,292878,0.0,5.6
2021-07-29 03:31:14.316577,292813,0.0,0.0
2021-07-29 03:31:14.316577,292878,0.0,5.6
2021-07-29 03:31:14.473562,292813,0.0,0.0
2021-07-29 03:31:14.473562,292878,0.0,5.6
2021-07-29 03:31:14.630816,292813,0.0,0.0
2021-07-29 03:31:14.630816,292878,0.0,5.6
2021-07-29 03:31:14.787781,292813,0.0,0.0
2021-07-29 03:31:14.787781,292878,0.0,5.6
2021-07-29 03:31:14.943893,292813,0.0,0.0
2021-07-29 03:31:14.943893,292878,0.0,5.6
2021-07-29 03:31:15.098708,292813,0.0,0.0
2021-07-29 03:31:15.098708,292878,0.0,5.6
2021-07-29 03:31:15.253442,292813,0.0,0.0
2021-07-29 03:31:15.253442,292878,0.0,5.6
2021-07-29 03:31:15.408662,292813,0.0,0.0
2021-07-29 03:31:15.408662,292878,0.0,5.6
2021-07-29 03:31:15.564275,292813,0.0,0.0
2021-07-29 03:31:15.564275,292878,0.0,5.6
2021-07-29 03:31:15.719111,292813,0.0,0.0
2021-07-29 03:31:15.719111,292878,0.0,5.6
2021-07-29 03:31:15.874577,292813,0.0,0.0
2021-07-29 03:31:15.874577,292878,0.0,5.6
2021-07-29 03:31:16.029465,292813,0.0,0.0
2021-07-29 03:31:16.029465,292878,0.0,5.6
2021-07-29 03:31:16.185095,292813,0.0,0.0
2021-07-29 03:31:16.185095,292878,0.0,5.6
2021-07-29 03:31:16.340212,292813,0.0,0.0
2021-07-29 03:31:16.340212,292878,0.0,5.6
2021-07-29 03:31:16.495066,292813,0.0,0.0
2021-07-29 03:31:16.495066,292878,0.0,5.6
2021-07-29 03:31:16.650357,292813,0.0,0.0
2021-07-29 03:31:16.650357,292878,0.0,5.6
2021-07-29 03:31:16.804867,292813,0.0,0.0
2021-07-29 03:31:16.804867,292878,0.0,5.6
2021-07-29 03:31:16.959574,292813,0.0,0.0
2021-07-29 03:31:16.959574,292878,0.0,5.6
2021-07-29 03:31:17.114567,292813,0.0,0.0
2021-07-29 03:31:17.114567,292878,0.0,5.6
2021-07-29 03:31:17.269861,292813,0.0,0.0
2021-07-29 03:31:17.269861,292878,0.0,5.6
2021-07-29 03:31:17.425547,292813,0.0,0.0
2021-07-29 03:31:17.425547,292878,0.0,5.6
2021-07-29 03:31:17.581029,292813,0.0,0.0
2021-07-29 03:31:17.581029,292878,0.0,5.6
2021-07-29 03:31:17.736815,292813,0.0,0.0
2021-07-29 03:31:17.736815,292878,0.0,5.6
2021-07-29 03:31:17.892435,292813,0.0,0.0
2021-07-29 03:31:17.892435,292878,0.0,5.6
2021-07-29 03:31:18.047904,292813,0.0,0.0
2021-07-29 03:31:18.047904,292878,0.0,5.6
2021-07-29 03:31:18.202510,292878,6.7,5.6
2021-07-29 03:31:18.202510,292813,0.0,0.0
2021-07-29 03:31:18.358202,292813,0.0,0.0
2021-07-29 03:31:18.358202,292878,0.0,5.6
2021-07-29 03:31:18.513761,292813,0.0,0.0
2021-07-29 03:31:18.513761,292878,0.0,5.6
2021-07-29 03:31:18.669067,292813,0.0,0.0
2021-07-29 03:31:18.669067,292878,0.0,5.6
2021-07-29 03:31:18.824590,292813,0.0,0.0
2021-07-29 03:31:18.824590,292878,0.0,5.6
2021-07-29 03:31:18.980084,292813,0.0,0.0
2021-07-29 03:31:18.980084,292878,0.0,5.6
2021-07-29 03:31:19.134860,292813,0.0,0.0
2021-07-29 03:31:19.134860,292878,0.0,5.6
2021-07-29 03:31:19.290287,292813,0.0,0.0
2021-07-29 03:31:19.290287,292878,0.0,5.6
2021-07-29 03:31:19.445639,292813,0.0,0.0
2021-07-29 03:31:19.445639,292878,0.0,5.6
2021-07-29 03:31:19.600786,292813,0.0,0.0
2021-07-29 03:31:19.600786,292878,0.0,5.6
2021-07-29 03:31:19.756111,292813,0.0,0.0
2021-07-29 03:31:19.756111,292878,0.0,5.6
2021-07-29 03:31:19.911641,292813,0.0,0.0
2021-07-29 03:31:19.911641,292878,0.0,5.6
2021-07-29 03:31:20.067064,292813,0.0,0.0
2021-07-29 03:31:20.067064,292878,0.0,5.6
2021-07-29 03:31:20.222437,292813,0.0,0.0
2021-07-29 03:31:20.222437,292878,0.0,5.6
2021-07-29 03:31:20.377580,292813,0.0,0.0
2021-07-29 03:31:20.377580,292878,0.0,5.6
2021-07-29 03:31:20.533104,292813,0.0,0.0
2021-07-29 03:31:20.533104,292878,0.0,5.6
2021-07-29 03:31:20.688654,292813,0.0,0.0
2021-07-29 03:31:20.688654,292878,0.0,5.6
2021-07-29 03:31:20.844130,292813,0.0,0.0
2021-07-29 03:31:20.844130,292878,0.0,5.6
2021-07-29 03:31:20.998868,292813,0.0,0.0
2021-07-29 03:31:20.998868,292878,0.0,5.6
2021-07-29 03:31:21.154955,292813,0.0,0.0
2021-07-29 03:31:21.154955,292878,0.0,5.6
2021-07-29 03:31:21.310266,292813,0.0,0.0
2021-07-29 03:31:21.310266,292878,0.0,5.6
2021-07-29 03:31:21.465289,292813,0.0,0.0
2021-07-29 03:31:21.465289,292878,0.0,5.6
2021-07-29 03:31:21.620116,292813,0.0,0.0
2021-07-29 03:31:21.620116,292878,0.0,5.6
2021-07-29 03:31:21.775932,292813,0.0,0.0
2021-07-29 03:31:21.775932,292878,0.0,5.6
2021-07-29 03:31:21.931519,292813,0.0,0.0
2021-07-29 03:31:21.931519,292878,0.0,5.6
2021-07-29 03:31:22.087560,292813,0.0,0.0
2021-07-29 03:31:22.087560,292878,0.0,5.6
2021-07-29 03:31:22.242743,292813,0.0,0.0
2021-07-29 03:31:22.242743,292878,0.0,5.6
2021-07-29 03:31:22.397590,292813,0.0,0.0
2021-07-29 03:31:22.397590,292878,0.0,5.6
2021-07-29 03:31:22.553129,292813,0.0,0.0
2021-07-29 03:31:22.553129,292878,0.0,5.6
2021-07-29 03:31:22.708048,292813,0.0,0.0
2021-07-29 03:31:22.708048,292878,0.0,5.6
2021-07-29 03:31:22.863685,292813,0.0,0.0
2021-07-29 03:31:22.863685,292878,0.0,5.6
2021-07-29 03:31:23.018737,292813,0.0,0.0
2021-07-29 03:31:23.018737,292878,0.0,5.6
2021-07-29 03:31:23.174137,292813,0.0,0.0
2021-07-29 03:31:23.174137,292878,0.0,5.6
2021-07-29 03:31:23.329280,292813,0.0,0.0
2021-07-29 03:31:23.329280,292878,0.0,5.6
2021-07-29 03:31:23.484496,292813,0.0,0.0
2021-07-29 03:31:23.484496,292878,0.0,5.6
2021-07-29 03:31:23.639970,292813,0.0,0.0
2021-07-29 03:31:23.639970,292878,0.0,5.6
2021-07-29 03:31:23.795457,292813,0.0,0.0
2021-07-29 03:31:23.795457,292878,0.0,5.6
2021-07-29 03:31:23.951018,292813,0.0,0.0
2021-07-29 03:31:23.951018,292878,0.0,5.6
2021-07-29 03:31:24.106666,292813,0.0,0.0
2021-07-29 03:31:24.106666,292878,0.0,5.6
2021-07-29 03:31:24.261723,292813,0.0,0.0
2021-07-29 03:31:24.261723,292878,0.0,5.6
2021-07-29 03:31:24.417150,292813,0.0,0.0
2021-07-29 03:31:24.417150,292878,0.0,5.6
2021-07-29 03:31:24.572090,292813,0.0,0.0
2021-07-29 03:31:24.572090,292878,0.0,5.6
2021-07-29 03:31:24.726994,292813,0.0,0.0
2021-07-29 03:31:24.726994,292878,0.0,5.6
2021-07-29 03:31:24.882162,292813,0.0,0.0
2021-07-29 03:31:24.882162,292878,0.0,5.6
2021-07-29 03:31:25.036866,292813,0.0,0.0
2021-07-29 03:31:25.036866,292878,0.0,5.6
2021-07-29 03:31:25.191620,292813,0.0,0.0
2021-07-29 03:31:25.191620,292878,0.0,5.6
2021-07-29 03:31:25.346804,292813,0.0,0.0
2021-07-29 03:31:25.346804,292878,0.0,5.6
2021-07-29 03:31:25.502246,292813,0.0,0.0
2021-07-29 03:31:25.502246,292878,0.0,5.6
2021-07-29 03:31:25.656954,292813,0.0,0.0
2021-07-29 03:31:25.656954,292878,0.0,5.6
2021-07-29 03:31:25.812269,292813,0.0,0.0
2021-07-29 03:31:25.812269,292878,0.0,5.6
2021-07-29 03:31:25.967294,292813,0.0,0.0
2021-07-29 03:31:25.967294,292878,0.0,5.6
2021-07-29 03:31:26.122722,292813,0.0,0.0
2021-07-29 03:31:26.122722,292878,0.0,5.6
2021-07-29 03:31:26.277944,292813,0.0,0.0
2021-07-29 03:31:26.277944,292878,0.0,5.6
2021-07-29 03:31:26.433260,292813,0.0,0.0
2021-07-29 03:31:26.433260,292878,0.0,5.6
2021-07-29 03:31:26.588907,292813,0.0,0.0
2021-07-29 03:31:26.588907,292878,0.0,5.6
2021-07-29 03:31:26.746216,292813,0.0,0.0
2021-07-29 03:31:26.746216,292878,0.0,5.6
2021-07-29 03:31:26.902570,292813,0.0,0.0
2021-07-29 03:31:26.902570,292878,0.0,5.6
2021-07-29 03:31:27.058318,292813,0.0,0.0
2021-07-29 03:31:27.058318,292878,0.0,5.6
2021-07-29 03:31:27.214838,292813,0.0,0.0
2021-07-29 03:31:27.214838,292878,0.0,5.6
2021-07-29 03:31:27.371360,292813,0.0,0.0
2021-07-29 03:31:27.371360,292878,0.0,5.6
2021-07-29 03:31:27.527788,292813,0.0,0.0
2021-07-29 03:31:27.527788,292878,0.0,5.6
2021-07-29 03:31:27.684116,292813,0.0,0.0
2021-07-29 03:31:27.684116,292878,0.0,5.6
2021-07-29 03:31:27.840589,292813,0.0,0.0
2021-07-29 03:31:27.840589,292878,0.0,5.6
2021-07-29 03:31:27.997032,292813,0.0,0.0
2021-07-29 03:31:27.997032,292878,0.0,5.6
2021-07-29 03:31:28.153691,292813,0.0,0.0
2021-07-29 03:31:28.153691,292878,0.0,5.6
2021-07-29 03:31:28.310570,292813,0.0,0.0
2021-07-29 03:31:28.310570,292878,0.0,5.6
2021-07-29 03:31:28.467054,292813,0.0,0.0
2021-07-29 03:31:28.467054,292878,0.0,5.6
2021-07-29 03:31:28.623335,292813,0.0,0.0
2021-07-29 03:31:28.623335,292878,0.0,5.6
2021-07-29 03:31:28.779866,292813,0.0,0.0
2021-07-29 03:31:28.779866,292878,0.0,5.6
2021-07-29 03:31:28.936576,292813,0.0,0.0
2021-07-29 03:31:28.936576,292878,0.0,5.6
2021-07-29 03:31:29.092968,292813,0.0,0.0
2021-07-29 03:31:29.092968,292878,0.0,5.6
2021-07-29 03:31:29.250107,292813,0.0,0.0
2021-07-29 03:31:29.250107,292878,0.0,5.6
2021-07-29 03:31:29.406702,292813,0.0,0.0
2021-07-29 03:31:29.406702,292878,0.0,5.6
2021-07-29 03:31:29.563356,292813,0.0,0.0
2021-07-29 03:31:29.563356,292878,0.0,5.6
2021-07-29 03:31:29.720093,292813,0.0,0.0
2021-07-29 03:31:29.720093,292878,0.0,5.6
2021-07-29 03:31:29.877511,292813,0.0,0.0
2021-07-29 03:31:29.877511,292878,0.0,5.6
2021-07-29 03:31:30.035038,292813,0.0,0.0
2021-07-29 03:31:30.035038,292878,0.0,5.6
2021-07-29 03:31:30.192435,292813,0.0,0.0
2021-07-29 03:31:30.192435,292878,0.0,5.6
2021-07-29 03:31:30.349861,292813,0.0,0.0
2021-07-29 03:31:30.349861,292878,0.0,5.6
2021-07-29 03:31:30.507184,292813,0.0,0.0
2021-07-29 03:31:30.507184,292878,0.0,5.6
2021-07-29 03:31:30.666896,292813,0.0,0.0
2021-07-29 03:31:30.666896,292878,0.0,5.6
2021-07-29 03:31:30.824065,292878,6.2,5.6
2021-07-29 03:31:30.824065,292813,0.0,0.0
2021-07-29 03:31:30.980894,292813,0.0,0.0
2021-07-29 03:31:30.980894,292878,0.0,5.6
2021-07-29 03:31:31.138928,292813,0.0,0.0
2021-07-29 03:31:31.138928,292878,0.0,5.6
2021-07-29 03:31:31.295786,292813,0.0,0.0
2021-07-29 03:31:31.295786,292878,0.0,5.6
2021-07-29 03:31:31.452820,292813,0.0,0.0
2021-07-29 03:31:31.452820,292878,0.0,5.6
2021-07-29 03:31:31.608856,292813,0.0,0.0
2021-07-29 03:31:31.608856,292878,0.0,5.6
2021-07-29 03:31:31.765065,292813,0.0,0.0
2021-07-29 03:31:31.765065,292878,0.0,5.6
2021-07-29 03:31:31.922389,292813,0.0,0.0
2021-07-29 03:31:31.922389,292878,0.0,5.6
2021-07-29 03:31:32.079345,292813,0.0,0.0
2021-07-29 03:31:32.079345,292878,0.0,5.6
2021-07-29 03:31:32.237210,292813,0.0,0.0
2021-07-29 03:31:32.237210,292878,0.0,5.6
2021-07-29 03:31:32.394572,292813,0.0,0.0
2021-07-29 03:31:32.394572,292878,0.0,5.6
2021-07-29 03:31:32.550380,292813,0.0,0.0
2021-07-29 03:31:32.550380,292878,0.0,5.6
2021-07-29 03:31:32.707486,292813,0.0,0.0
2021-07-29 03:31:32.707486,292878,0.0,5.6
2021-07-29 03:31:32.864068,292813,0.0,0.0
2021-07-29 03:31:32.864068,292878,0.0,5.6
2021-07-29 03:31:33.021162,292813,0.0,0.0
2021-07-29 03:31:33.021162,292878,0.0,5.6
2021-07-29 03:31:33.178213,292813,0.0,0.0
2021-07-29 03:31:33.178213,292878,0.0,5.6
2021-07-29 03:31:33.335343,292813,0.0,0.0
2021-07-29 03:31:33.335343,292878,0.0,5.6
2021-07-29 03:31:33.493326,292813,0.0,0.0
2021-07-29 03:31:33.493326,292878,0.0,5.6
2021-07-29 03:31:33.650708,292813,0.0,0.0
2021-07-29 03:31:33.650708,292878,0.0,5.6
2021-07-29 03:31:33.807678,292813,0.0,0.0
2021-07-29 03:31:33.807678,292878,0.0,5.6
2021-07-29 03:31:33.964803,292813,0.0,0.0
2021-07-29 03:31:33.964803,292878,0.0,5.6
2021-07-29 03:31:34.121888,292813,0.0,0.0
2021-07-29 03:31:34.121888,292878,0.0,5.6
2021-07-29 03:31:34.279046,292813,0.0,0.0
2021-07-29 03:31:34.279046,292878,0.0,5.6
2021-07-29 03:31:34.434567,292813,0.0,0.0
2021-07-29 03:31:34.434567,292878,0.0,5.6
2021-07-29 03:31:34.591222,292813,0.0,0.0
2021-07-29 03:31:34.591222,292878,0.0,5.6
2021-07-29 03:31:34.747918,292813,0.0,0.0
2021-07-29 03:31:34.747918,292878,0.0,5.6
2021-07-29 03:31:34.904668,292813,0.0,0.0
2021-07-29 03:31:34.904668,292878,0.0,5.6
2021-07-29 03:31:35.061702,292813,0.0,0.0
2021-07-29 03:31:35.061702,292878,0.0,5.6
2021-07-29 03:31:35.218599,292813,0.0,0.0
2021-07-29 03:31:35.218599,292878,0.0,5.6
2021-07-29 03:31:35.376256,292813,0.0,0.0
2021-07-29 03:31:35.376256,292878,0.0,5.6
2021-07-29 03:31:35.534084,292813,0.0,0.0
2021-07-29 03:31:35.534084,292878,0.0,5.6
2021-07-29 03:31:35.691798,292813,0.0,0.0
2021-07-29 03:31:35.691798,292878,0.0,5.6
2021-07-29 03:31:35.848762,292813,0.0,0.0
2021-07-29 03:31:35.848762,292878,0.0,5.6
2021-07-29 03:31:36.006257,292813,0.0,0.0
2021-07-29 03:31:36.006257,292878,0.0,5.6
2021-07-29 03:31:36.163584,292813,0.0,0.0
2021-07-29 03:31:36.163584,292878,0.0,5.6
2021-07-29 03:31:36.319957,292813,0.0,0.0
2021-07-29 03:31:36.319957,292878,0.0,5.6
2021-07-29 03:31:36.476265,292813,0.0,0.0
2021-07-29 03:31:36.476265,292878,0.0,5.6
2021-07-29 03:31:36.633681,292813,0.0,0.0
2021-07-29 03:31:36.633681,292878,0.0,5.6
2021-07-29 03:31:36.789821,292813,0.0,0.0
2021-07-29 03:31:36.789821,292878,0.0,5.6
2021-07-29 03:31:36.946637,292813,0.0,0.0
2021-07-29 03:31:36.946637,292878,0.0,5.6
2021-07-29 03:31:37.103370,292813,0.0,0.0
2021-07-29 03:31:37.103370,292878,0.0,5.6
2021-07-29 03:31:37.260504,292813,0.0,0.0
2021-07-29 03:31:37.260504,292878,0.0,5.6
2021-07-29 03:31:37.417148,292813,0.0,0.0
2021-07-29 03:31:37.417148,292878,0.0,5.6
2021-07-29 03:31:37.574002,292878,6.2,5.6
2021-07-29 03:31:37.574002,292813,0.0,0.0
2021-07-29 03:31:37.730890,292813,0.0,0.0
2021-07-29 03:31:37.730890,292878,0.0,5.6
2021-07-29 03:31:37.888068,292813,0.0,0.0
2021-07-29 03:31:37.888068,292878,0.0,5.6
2021-07-29 03:31:38.044150,292813,0.0,0.0
2021-07-29 03:31:38.044150,292878,0.0,5.6
2021-07-29 03:31:38.202782,292878,6.7,5.6
2021-07-29 03:31:38.202782,292813,0.0,0.0
2021-07-29 03:31:38.358812,292813,0.0,0.0
2021-07-29 03:31:38.358812,292878,0.0,5.6
2021-07-29 03:31:38.516420,292813,0.0,0.0
2021-07-29 03:31:38.516420,292878,0.0,5.6
2021-07-29 03:31:38.673644,292813,0.0,0.0
2021-07-29 03:31:38.673644,292878,0.0,5.6
2021-07-29 03:31:38.830970,292878,6.7,5.6
2021-07-29 03:31:38.830970,292813,0.0,0.0
2021-07-29 03:31:38.987135,292813,0.0,0.0
2021-07-29 03:31:38.987135,292878,0.0,5.6
2021-07-29 03:31:39.142997,292813,0.0,0.0
2021-07-29 03:31:39.142997,292878,0.0,5.6
2021-07-29 03:31:39.299076,292813,0.0,0.0
2021-07-29 03:31:39.299076,292878,0.0,5.6
2021-07-29 03:31:39.455223,292878,6.7,5.6
2021-07-29 03:31:39.455223,292813,0.0,0.0
2021-07-29 03:31:39.612182,292813,0.0,0.0
2021-07-29 03:31:39.612182,292878,0.0,5.6
2021-07-29 03:31:39.769836,292813,0.0,0.0
2021-07-29 03:31:39.769836,292878,0.0,5.6
2021-07-29 03:31:39.927951,292813,0.0,0.0
2021-07-29 03:31:39.927951,292878,0.0,5.6
2021-07-29 03:31:40.084360,292813,0.0,0.0
2021-07-29 03:31:40.084360,292878,0.0,5.6
2021-07-29 03:31:40.241933,292813,0.0,0.0
2021-07-29 03:31:40.241933,292878,0.0,5.6
2021-07-29 03:31:40.399071,292813,0.0,0.0
2021-07-29 03:31:40.399071,292878,0.0,5.6
2021-07-29 03:31:40.555869,292813,0.0,0.0
2021-07-29 03:31:40.555869,292878,0.0,5.6
2021-07-29 03:31:40.712579,292878,6.7,5.6
2021-07-29 03:31:40.712579,292813,0.0,0.0
2021-07-29 03:31:40.869891,292813,0.0,0.0
2021-07-29 03:31:40.869891,292878,0.0,5.6
2021-07-29 03:31:41.027100,292813,0.0,0.0
2021-07-29 03:31:41.027100,292878,0.0,5.6
2021-07-29 03:31:41.184636,292813,0.0,0.0
2021-07-29 03:31:41.184636,292878,0.0,5.6
2021-07-29 03:31:41.341872,292813,0.0,0.0
2021-07-29 03:31:41.341872,292878,0.0,5.6
2021-07-29 03:31:41.499098,292813,0.0,0.0
2021-07-29 03:31:41.499098,292878,0.0,5.6
2021-07-29 03:31:41.656194,292813,0.0,0.0
2021-07-29 03:31:41.656194,292878,0.0,5.6
2021-07-29 03:31:41.813261,292813,0.0,0.0
2021-07-29 03:31:41.813261,292878,0.0,5.6
2021-07-29 03:31:41.970318,292813,0.0,0.0
2021-07-29 03:31:41.970318,292878,0.0,5.6
2021-07-29 03:31:42.127432,292813,0.0,0.0
2021-07-29 03:31:42.127432,292878,0.0,5.6
2021-07-29 03:31:42.284530,292813,0.0,0.0
2021-07-29 03:31:42.284530,292878,0.0,5.6
2021-07-29 03:31:42.441469,292813,0.0,0.0
2021-07-29 03:31:42.441469,292878,0.0,5.6
2021-07-29 03:31:42.598467,292813,0.0,0.0
2021-07-29 03:31:42.598467,292878,0.0,5.6
2021-07-29 03:31:42.755696,292813,0.0,0.0
2021-07-29 03:31:42.755696,292878,0.0,5.6
2021-07-29 03:31:42.912878,292813,0.0,0.0
2021-07-29 03:31:42.912878,292878,0.0,5.6
2021-07-29 03:31:43.069955,292813,0.0,0.0
2021-07-29 03:31:43.069955,292878,0.0,5.6
2021-07-29 03:31:43.227119,292813,0.0,0.0
2021-07-29 03:31:43.227119,292878,0.0,5.6
2021-07-29 03:31:43.383429,292813,0.0,0.0
2021-07-29 03:31:43.383429,292878,0.0,5.6
2021-07-29 03:31:43.540631,292813,0.0,0.0
2021-07-29 03:31:43.540631,292878,0.0,5.6
2021-07-29 03:31:43.697639,292813,0.0,0.0
2021-07-29 03:31:43.697639,292878,0.0,5.6
2021-07-29 03:31:43.854657,292813,0.0,0.0
2021-07-29 03:31:43.854657,292878,0.0,5.6
2021-07-29 03:31:44.011719,292813,0.0,0.0
2021-07-29 03:31:44.011719,292878,0.0,5.6
2021-07-29 03:31:44.168813,292813,0.0,0.0
2021-07-29 03:31:44.168813,292878,0.0,5.6
2021-07-29 03:31:44.325833,292813,0.0,0.0
2021-07-29 03:31:44.325833,292878,0.0,5.6
2021-07-29 03:31:44.482819,292813,0.0,0.0
2021-07-29 03:31:44.482819,292878,0.0,5.6
2021-07-29 03:31:44.639823,292813,0.0,0.0
2021-07-29 03:31:44.639823,292878,0.0,5.6
