timestamp,PID,CPU,RAM
2021-08-24 00:11:37.036561,615579,0.0,0.0
2021-08-24 00:11:37.036561,615737,0.0,1.8
2021-08-24 00:11:37.195631,615579,0.0,0.0
2021-08-24 00:11:37.195631,615737,0.0,1.8
2021-08-24 00:11:37.353084,615579,0.0,0.0
2021-08-24 00:11:37.353084,615737,0.0,1.8
2021-08-24 00:11:37.512453,615579,0.0,0.0
2021-08-24 00:11:37.512453,615737,0.0,1.8
2021-08-24 00:11:37.672206,615579,0.0,0.0
2021-08-24 00:11:37.672206,615737,0.0,1.8
2021-08-24 00:11:37.831276,615737,6.7,1.8
2021-08-24 00:11:37.831276,615579,0.0,0.0
2021-08-24 00:11:37.989425,615579,0.0,0.0
2021-08-24 00:11:37.989425,615737,0.0,1.8
2021-08-24 00:11:38.147919,615579,0.0,0.0
2021-08-24 00:11:38.147919,615737,0.0,1.8
2021-08-24 00:11:38.303375,615579,0.0,0.0
2021-08-24 00:11:38.303375,615737,0.0,1.8
2021-08-24 00:11:38.462923,615579,0.0,0.0
2021-08-24 00:11:38.462923,615737,0.0,1.8
2021-08-24 00:11:38.622670,615579,0.0,0.0
2021-08-24 00:11:38.622670,615737,0.0,1.8
2021-08-24 00:11:38.782678,615579,0.0,0.0
2021-08-24 00:11:38.782678,615737,0.0,1.8
2021-08-24 00:11:38.942128,615579,0.0,0.0
2021-08-24 00:11:38.942128,615737,0.0,1.8
2021-08-24 00:11:39.100893,615579,0.0,0.0
2021-08-24 00:11:39.100893,615737,0.0,1.8
2021-08-24 00:11:39.260147,615579,0.0,0.0
2021-08-24 00:11:39.260147,615737,0.0,1.8
2021-08-24 00:11:39.418801,615579,0.0,0.0
2021-08-24 00:11:39.418801,615737,0.0,1.8
2021-08-24 00:11:39.578176,615579,0.0,0.0
2021-08-24 00:11:39.578176,615737,0.0,1.8
2021-08-24 00:11:39.737677,615579,0.0,0.0
2021-08-24 00:11:39.737677,615737,0.0,1.8
2021-08-24 00:11:39.897276,615579,0.0,0.0
2021-08-24 00:11:39.897276,615737,0.0,1.8
2021-08-24 00:11:40.056379,615579,0.0,0.0
2021-08-24 00:11:40.056379,615737,0.0,1.8
2021-08-24 00:11:40.215296,615579,0.0,0.0
2021-08-24 00:11:40.215296,615737,0.0,1.8
2021-08-24 00:11:40.373264,615737,12.5,1.8
2021-08-24 00:11:40.373264,615579,0.0,0.0
2021-08-24 00:11:40.532772,615579,0.0,0.0
2021-08-24 00:11:40.532772,615737,0.0,1.8
2021-08-24 00:11:40.692755,615579,0.0,0.0
2021-08-24 00:11:40.692755,615737,0.0,1.8
2021-08-24 00:11:40.852354,615579,0.0,0.0
2021-08-24 00:11:40.852354,615737,0.0,1.8
2021-08-24 00:11:41.012429,615579,0.0,0.0
2021-08-24 00:11:41.012429,615737,0.0,1.8
2021-08-24 00:11:41.171734,615579,0.0,0.0
2021-08-24 00:11:41.171734,615737,0.0,1.8
2021-08-24 00:11:41.331841,615579,0.0,0.0
2021-08-24 00:11:41.331841,615737,0.0,1.8
2021-08-24 00:11:41.491605,615579,0.0,0.0
2021-08-24 00:11:41.491605,615737,0.0,1.8
2021-08-24 00:11:41.651351,615579,0.0,0.0
2021-08-24 00:11:41.651351,615737,0.0,1.8
2021-08-24 00:11:41.810927,615579,0.0,0.0
2021-08-24 00:11:41.810927,615737,0.0,1.8
2021-08-24 00:11:41.969819,615737,6.7,1.8
2021-08-24 00:11:41.969819,615579,0.0,0.0
2021-08-24 00:11:42.125571,615579,0.0,0.0
2021-08-24 00:11:42.125571,615737,0.0,1.8
2021-08-24 00:11:42.284010,615579,0.0,0.0
2021-08-24 00:11:42.284010,615737,0.0,1.8
2021-08-24 00:11:42.442891,615579,0.0,0.0
2021-08-24 00:11:42.442891,615737,0.0,1.8
2021-08-24 00:11:42.602380,615579,0.0,0.0
2021-08-24 00:11:42.602380,615737,0.0,1.8
2021-08-24 00:11:42.761446,615579,0.0,0.0
2021-08-24 00:11:42.761446,615737,0.0,1.8
2021-08-24 00:11:42.920446,615737,6.7,1.8
2021-08-24 00:11:42.920446,615579,0.0,0.0
2021-08-24 00:11:43.079219,615579,0.0,0.0
2021-08-24 00:11:43.079219,615737,0.0,1.8
2021-08-24 00:11:43.238406,615579,0.0,0.0
2021-08-24 00:11:43.238406,615737,0.0,1.8
2021-08-24 00:11:43.395912,615579,0.0,0.0
2021-08-24 00:11:43.395912,615737,0.0,1.8
2021-08-24 00:11:43.555493,615579,0.0,0.0
2021-08-24 00:11:43.555493,615737,0.0,1.8
2021-08-24 00:11:43.715408,615579,0.0,0.0
2021-08-24 00:11:43.715408,615737,0.0,1.8
2021-08-24 00:11:43.875015,615579,0.0,0.0
2021-08-24 00:11:43.875015,615737,0.0,1.8
2021-08-24 00:11:44.034369,615579,0.0,0.0
2021-08-24 00:11:44.034369,615737,0.0,1.8
2021-08-24 00:11:44.193922,615579,0.0,0.0
2021-08-24 00:11:44.193922,615737,0.0,1.8
2021-08-24 00:11:44.353460,615579,0.0,0.0
2021-08-24 00:11:44.353460,615737,0.0,1.8
2021-08-24 00:11:44.512725,615579,0.0,0.0
2021-08-24 00:11:44.512725,615737,0.0,1.8
2021-08-24 00:11:44.671577,615579,0.0,0.0
2021-08-24 00:11:44.671577,615737,0.0,1.8
2021-08-24 00:11:44.830258,615579,0.0,0.0
2021-08-24 00:11:44.830258,615737,0.0,1.8
2021-08-24 00:11:44.988703,615579,0.0,0.0
2021-08-24 00:11:44.988703,615737,0.0,1.8
2021-08-24 00:11:45.147586,615579,0.0,0.0
2021-08-24 00:11:45.147586,615737,0.0,1.8
2021-08-24 00:11:45.306404,615579,0.0,0.0
2021-08-24 00:11:45.306404,615737,0.0,1.8
2021-08-24 00:11:45.463683,615579,0.0,0.0
2021-08-24 00:11:45.463683,615737,0.0,1.8
2021-08-24 00:11:45.623182,615579,0.0,0.0
2021-08-24 00:11:45.623182,615737,0.0,1.8
2021-08-24 00:11:45.782742,615579,0.0,0.0
2021-08-24 00:11:45.782742,615737,0.0,1.8
2021-08-24 00:11:45.942220,615579,0.0,0.0
2021-08-24 00:11:45.942220,615737,0.0,1.8
2021-08-24 00:11:46.101420,615579,0.0,0.0
2021-08-24 00:11:46.101420,615737,0.0,1.8
2021-08-24 00:11:46.259664,615579,0.0,0.0
2021-08-24 00:11:46.259664,615737,0.0,1.8
2021-08-24 00:11:46.415477,615579,0.0,0.0
2021-08-24 00:11:46.415477,615737,0.0,1.8
2021-08-24 00:11:46.574377,615579,0.0,0.0
2021-08-24 00:11:46.574377,615737,0.0,1.8
2021-08-24 00:11:46.734791,615579,0.0,0.0
2021-08-24 00:11:46.734791,615737,0.0,1.8
2021-08-24 00:11:46.894727,615579,0.0,0.0
2021-08-24 00:11:46.894727,615737,0.0,1.8
2021-08-24 00:11:47.054920,615579,0.0,0.0
2021-08-24 00:11:47.054920,615737,0.0,1.8
2021-08-24 00:11:47.214240,615579,0.0,0.0
2021-08-24 00:11:47.214240,615737,0.0,1.8
2021-08-24 00:11:47.373721,615579,0.0,0.0
2021-08-24 00:11:47.373721,615737,0.0,1.8
2021-08-24 00:11:47.533323,615579,0.0,0.0
2021-08-24 00:11:47.533323,615737,0.0,1.8
2021-08-24 00:11:47.693049,615579,0.0,0.0
2021-08-24 00:11:47.693049,615737,0.0,1.8
2021-08-24 00:11:47.852793,615579,0.0,0.0
2021-08-24 00:11:47.852793,615737,0.0,1.8
2021-08-24 00:11:48.012456,615579,0.0,0.0
2021-08-24 00:11:48.012456,615737,0.0,1.8
2021-08-24 00:11:48.171674,615737,6.7,1.8
2021-08-24 00:11:48.171674,615579,0.0,0.0
2021-08-24 00:11:48.331058,615579,0.0,0.0
2021-08-24 00:11:48.331058,615737,0.0,1.8
2021-08-24 00:11:48.490969,615579,0.0,0.0
2021-08-24 00:11:48.490969,615737,0.0,1.8
2021-08-24 00:11:48.649728,615579,0.0,0.0
2021-08-24 00:11:48.649728,615737,0.0,1.8
2021-08-24 00:11:48.808871,615579,0.0,0.0
2021-08-24 00:11:48.808871,615737,0.0,1.8
2021-08-24 00:11:48.968192,615579,0.0,0.0
2021-08-24 00:11:48.968192,615737,0.0,1.8
2021-08-24 00:11:49.128068,615579,0.0,0.0
2021-08-24 00:11:49.128068,615737,0.0,1.8
2021-08-24 00:11:49.286812,615579,0.0,0.0
2021-08-24 00:11:49.286812,615737,0.0,1.8
2021-08-24 00:11:49.445955,615579,0.0,0.0
2021-08-24 00:11:49.445955,615737,0.0,1.8
2021-08-24 00:11:49.605031,615579,0.0,0.0
2021-08-24 00:11:49.605031,615737,0.0,1.8
2021-08-24 00:11:49.764413,615579,0.0,0.0
2021-08-24 00:11:49.764413,615737,0.0,1.8
2021-08-24 00:11:49.924008,615579,0.0,0.0
2021-08-24 00:11:49.924008,615737,0.0,1.8
2021-08-24 00:11:50.083263,615579,0.0,0.0
2021-08-24 00:11:50.083263,615737,0.0,1.8
2021-08-24 00:11:50.243278,615579,0.0,0.0
2021-08-24 00:11:50.243278,615737,0.0,1.8
2021-08-24 00:11:50.401727,615579,0.0,0.0
2021-08-24 00:11:50.401727,615737,0.0,1.8
2021-08-24 00:11:50.561054,615579,0.0,0.0
2021-08-24 00:11:50.561054,615737,0.0,1.8
2021-08-24 00:11:50.721495,615579,0.0,0.0
2021-08-24 00:11:50.721495,615737,0.0,1.8
2021-08-24 00:11:50.881083,615579,0.0,0.0
2021-08-24 00:11:50.881083,615737,0.0,1.8
2021-08-24 00:11:51.040790,615579,0.0,0.0
2021-08-24 00:11:51.040790,615737,0.0,1.8
2021-08-24 00:11:51.200422,615579,0.0,0.0
2021-08-24 00:11:51.200422,615737,0.0,1.8
2021-08-24 00:11:51.360173,615579,0.0,0.0
2021-08-24 00:11:51.360173,615737,0.0,1.8
2021-08-24 00:11:51.520056,615579,0.0,0.0
2021-08-24 00:11:51.520056,615737,0.0,1.8
2021-08-24 00:11:51.679614,615579,0.0,0.0
2021-08-24 00:11:51.679614,615737,0.0,1.8
2021-08-24 00:11:51.839177,615579,0.0,0.0
2021-08-24 00:11:51.839177,615737,0.0,1.8
2021-08-24 00:11:51.997399,615579,0.0,0.0
2021-08-24 00:11:51.997399,615737,0.0,1.8
2021-08-24 00:11:52.151541,615737,6.7,1.8
2021-08-24 00:11:52.151541,615579,0.0,0.0
2021-08-24 00:11:52.305666,615579,0.0,0.0
2021-08-24 00:11:52.305666,615737,0.0,1.8
2021-08-24 00:11:52.459743,615579,0.0,0.0
2021-08-24 00:11:52.459743,615737,0.0,1.8
2021-08-24 00:11:52.614515,615579,0.0,0.0
2021-08-24 00:11:52.614515,615737,0.0,1.8
2021-08-24 00:11:52.772708,615579,0.0,0.0
2021-08-24 00:11:52.772708,615737,0.0,1.8
2021-08-24 00:11:52.931276,615579,0.0,0.0
2021-08-24 00:11:52.931276,615737,0.0,1.8
2021-08-24 00:11:53.089355,615579,0.0,0.0
2021-08-24 00:11:53.089355,615737,0.0,1.8
2021-08-24 00:11:53.249924,615579,0.0,0.0
2021-08-24 00:11:53.249924,615737,0.0,1.8
2021-08-24 00:11:53.409093,615579,0.0,0.0
2021-08-24 00:11:53.409093,615737,0.0,1.8
2021-08-24 00:11:53.568023,615579,0.0,0.0
2021-08-24 00:11:53.568023,615737,0.0,1.8
2021-08-24 00:11:53.728022,615579,0.0,0.0
2021-08-24 00:11:53.728022,615737,0.0,1.8
2021-08-24 00:11:53.882002,615579,0.0,0.0
2021-08-24 00:11:53.882002,615737,0.0,1.8
2021-08-24 00:11:54.036095,615579,0.0,0.0
2021-08-24 00:11:54.036095,615737,0.0,1.8
2021-08-24 00:11:54.191030,615579,0.0,0.0
2021-08-24 00:11:54.191030,615737,0.0,1.8
2021-08-24 00:11:54.345369,615579,0.0,0.0
2021-08-24 00:11:54.345369,615737,0.0,1.8
2021-08-24 00:11:54.499949,615579,0.0,0.0
2021-08-24 00:11:54.499949,615737,0.0,1.8
2021-08-24 00:11:54.654418,615579,0.0,0.0
2021-08-24 00:11:54.654418,615737,0.0,1.8
2021-08-24 00:11:54.808736,615579,0.0,0.0
2021-08-24 00:11:54.808736,615737,0.0,1.8
2021-08-24 00:11:54.963286,615579,0.0,0.0
2021-08-24 00:11:54.963286,615737,0.0,1.8
2021-08-24 00:11:55.118180,615579,0.0,0.0
2021-08-24 00:11:55.118180,615737,0.0,1.8
2021-08-24 00:11:55.276390,615579,0.0,0.0
2021-08-24 00:11:55.276390,615737,0.0,1.8
2021-08-24 00:11:55.435919,615579,0.0,0.0
2021-08-24 00:11:55.435919,615737,0.0,1.8
2021-08-24 00:11:55.595355,615579,0.0,0.0
2021-08-24 00:11:55.595355,615737,0.0,1.8
2021-08-24 00:11:55.755111,615579,0.0,0.0
2021-08-24 00:11:55.755111,615737,0.0,1.8
2021-08-24 00:11:55.915887,615579,0.0,0.0
2021-08-24 00:11:55.915887,615737,0.0,1.8
2021-08-24 00:11:56.075082,615579,0.0,0.0
2021-08-24 00:11:56.075082,615737,0.0,1.8
2021-08-24 00:11:56.231509,615579,0.0,0.0
2021-08-24 00:11:56.231509,615737,0.0,1.8
2021-08-24 00:11:56.390332,615579,0.0,0.0
2021-08-24 00:11:56.390332,615737,0.0,1.8
2021-08-24 00:11:56.545394,615579,0.0,0.0
2021-08-24 00:11:56.545394,615737,0.0,1.8
2021-08-24 00:11:56.705653,615579,0.0,0.0
2021-08-24 00:11:56.705653,615737,0.0,1.8
2021-08-24 00:11:56.866142,615579,0.0,0.0
2021-08-24 00:11:56.866142,615737,0.0,1.8
2021-08-24 00:11:57.025605,615579,0.0,0.0
2021-08-24 00:11:57.025605,615737,0.0,1.8
2021-08-24 00:11:57.185414,615579,0.0,0.0
2021-08-24 00:11:57.185414,615737,0.0,1.8
2021-08-24 00:11:57.345815,615579,0.0,0.0
2021-08-24 00:11:57.345815,615737,0.0,1.8
2021-08-24 00:11:57.505073,615579,0.0,0.0
2021-08-24 00:11:57.505073,615737,0.0,1.8
2021-08-24 00:11:57.663740,615579,0.0,0.0
2021-08-24 00:11:57.663740,615737,0.0,1.8
2021-08-24 00:11:57.822227,615579,0.0,0.0
2021-08-24 00:11:57.822227,615737,0.0,1.8
2021-08-24 00:11:57.976091,615579,0.0,0.0
2021-08-24 00:11:57.976091,615737,0.0,1.8
2021-08-24 00:11:58.130025,615579,0.0,0.0
2021-08-24 00:11:58.130025,615737,0.0,1.8
2021-08-24 00:11:58.283928,615579,0.0,0.0
2021-08-24 00:11:58.283928,615737,0.0,1.8
2021-08-24 00:11:58.437831,615579,0.0,0.0
2021-08-24 00:11:58.437831,615737,0.0,1.8
2021-08-24 00:11:58.591827,615579,0.0,0.0
2021-08-24 00:11:58.591827,615737,0.0,1.8
2021-08-24 00:11:58.745659,615579,0.0,0.0
2021-08-24 00:11:58.745659,615737,0.0,1.8
2021-08-24 00:11:58.899504,615579,0.0,0.0
2021-08-24 00:11:58.899504,615737,0.0,1.8
2021-08-24 00:11:59.053705,615579,0.0,0.0
2021-08-24 00:11:59.053705,615737,0.0,1.8
2021-08-24 00:11:59.207983,615579,0.0,0.0
2021-08-24 00:11:59.207983,615737,0.0,1.8
2021-08-24 00:11:59.365787,615579,0.0,0.0
2021-08-24 00:11:59.365787,615737,0.0,1.8
2021-08-24 00:11:59.523384,615579,0.0,0.0
2021-08-24 00:11:59.523384,615737,0.0,1.8
2021-08-24 00:11:59.681711,615579,0.0,0.0
2021-08-24 00:11:59.681711,615737,0.0,1.8
2021-08-24 00:11:59.840940,615579,0.0,0.0
2021-08-24 00:11:59.840940,615737,0.0,1.8
2021-08-24 00:12:00.000709,615579,0.0,0.0
2021-08-24 00:12:00.000709,615737,0.0,1.8
2021-08-24 00:12:00.160111,615579,0.0,0.0
2021-08-24 00:12:00.160111,615737,0.0,1.8
2021-08-24 00:12:00.319487,615579,0.0,0.0
2021-08-24 00:12:00.319487,615737,0.0,1.8
2021-08-24 00:12:00.479790,615579,0.0,0.0
2021-08-24 00:12:00.479790,615737,0.0,1.8
2021-08-24 00:12:00.635543,615579,0.0,0.0
2021-08-24 00:12:00.635543,615737,0.0,1.8
2021-08-24 00:12:00.794936,615579,0.0,0.0
2021-08-24 00:12:00.794936,615737,0.0,1.8
2021-08-24 00:12:00.954413,615579,0.0,0.0
2021-08-24 00:12:00.954413,615737,0.0,1.8
2021-08-24 00:12:01.113646,615579,0.0,0.0
2021-08-24 00:12:01.113646,615737,0.0,1.8
2021-08-24 00:12:01.270997,615579,0.0,0.0
2021-08-24 00:12:01.270997,615737,0.0,1.8
2021-08-24 00:12:01.429508,615579,0.0,0.0
2021-08-24 00:12:01.429508,615737,0.0,1.8
2021-08-24 00:12:01.584573,615579,0.0,0.0
2021-08-24 00:12:01.584573,615737,0.0,1.8
2021-08-24 00:12:01.743824,615579,0.0,0.0
2021-08-24 00:12:01.743824,615737,0.0,1.8
2021-08-24 00:12:01.903451,615579,0.0,0.0
2021-08-24 00:12:01.903451,615737,0.0,1.8
2021-08-24 00:12:02.062960,615579,0.0,0.0
2021-08-24 00:12:02.062960,615737,0.0,1.8
2021-08-24 00:12:02.222734,615579,0.0,0.0
2021-08-24 00:12:02.222734,615737,0.0,1.8
2021-08-24 00:12:02.382493,615579,0.0,0.0
2021-08-24 00:12:02.382493,615737,0.0,1.8
2021-08-24 00:12:02.541912,615579,0.0,0.0
2021-08-24 00:12:02.541912,615737,0.0,1.8
2021-08-24 00:12:02.700778,615579,0.0,0.0
2021-08-24 00:12:02.700778,615737,0.0,1.8
2021-08-24 00:12:02.860213,615579,0.0,0.0
2021-08-24 00:12:02.860213,615737,0.0,1.8
2021-08-24 00:12:03.019546,615579,0.0,0.0
2021-08-24 00:12:03.019546,615737,0.0,1.8
2021-08-24 00:12:03.177267,615579,0.0,0.0
2021-08-24 00:12:03.177267,615737,0.0,1.8
2021-08-24 00:12:03.331231,615579,0.0,0.0
2021-08-24 00:12:03.331231,615737,0.0,1.8
2021-08-24 00:12:03.485068,615579,0.0,0.0
2021-08-24 00:12:03.485068,615737,0.0,1.8
2021-08-24 00:12:03.639408,615579,0.0,0.0
2021-08-24 00:12:03.639408,615737,0.0,1.8
2021-08-24 00:12:03.793629,615579,0.0,0.0
2021-08-24 00:12:03.793629,615737,0.0,1.8
2021-08-24 00:12:03.947888,615579,0.0,0.0
2021-08-24 00:12:03.947888,615737,0.0,1.8
2021-08-24 00:12:04.102296,615579,0.0,0.0
2021-08-24 00:12:04.102296,615737,0.0,1.8
2021-08-24 00:12:04.256796,615579,0.0,0.0
2021-08-24 00:12:04.256796,615737,0.0,1.8
2021-08-24 00:12:04.413512,615579,0.0,0.0
2021-08-24 00:12:04.413512,615737,0.0,1.8
2021-08-24 00:12:04.567939,615579,0.0,0.0
2021-08-24 00:12:04.567939,615737,0.0,1.8
2021-08-24 00:12:04.722109,615579,0.0,0.0
2021-08-24 00:12:04.722109,615737,0.0,1.8
2021-08-24 00:12:04.875935,615579,0.0,0.0
2021-08-24 00:12:04.875935,615737,0.0,1.8
2021-08-24 00:12:05.029734,615579,0.0,0.0
2021-08-24 00:12:05.029734,615737,0.0,1.8
2021-08-24 00:12:05.183670,615579,0.0,0.0
2021-08-24 00:12:05.183670,615737,0.0,1.8
2021-08-24 00:12:05.338101,615579,0.0,0.0
2021-08-24 00:12:05.338101,615737,0.0,1.8
2021-08-24 00:12:05.492204,615579,0.0,0.0
2021-08-24 00:12:05.492204,615737,0.0,1.8
2021-08-24 00:12:05.646941,615579,0.0,0.0
2021-08-24 00:12:05.646941,615737,0.0,1.8
2021-08-24 00:12:05.803844,615579,0.0,0.0
2021-08-24 00:12:05.803844,615737,0.0,1.8
2021-08-24 00:12:05.961332,615579,0.0,0.0
2021-08-24 00:12:05.961332,615737,0.0,1.8
2021-08-24 00:12:06.119026,615579,0.0,0.0
2021-08-24 00:12:06.119026,615737,0.0,1.8
2021-08-24 00:12:06.277831,615737,6.7,1.8
2021-08-24 00:12:06.277831,615579,0.0,0.0
2021-08-24 00:12:06.437306,615579,0.0,0.0
2021-08-24 00:12:06.437306,615737,0.0,1.8
2021-08-24 00:12:06.597062,615579,0.0,0.0
2021-08-24 00:12:06.597062,615737,0.0,1.8
2021-08-24 00:12:06.755867,615579,0.0,0.0
2021-08-24 00:12:06.755867,615737,0.0,1.8
2021-08-24 00:12:06.915414,615579,0.0,0.0
2021-08-24 00:12:06.915414,615737,0.0,1.8
2021-08-24 00:12:07.075011,615579,0.0,0.0
2021-08-24 00:12:07.075011,615737,0.0,1.8
2021-08-24 00:12:07.234624,615579,0.0,0.0
2021-08-24 00:12:07.234624,615737,0.0,1.8
2021-08-24 00:12:07.394064,615579,0.0,0.0
2021-08-24 00:12:07.394064,615737,0.0,1.8
2021-08-24 00:12:07.554110,615579,0.0,0.0
2021-08-24 00:12:07.554110,615737,0.0,1.8
2021-08-24 00:12:07.712791,615579,0.0,0.0
2021-08-24 00:12:07.712791,615737,0.0,1.8
2021-08-24 00:12:07.871630,615579,0.0,0.0
2021-08-24 00:12:07.871630,615737,0.0,1.8
2021-08-24 00:12:08.031168,615579,0.0,0.0
2021-08-24 00:12:08.031168,615737,0.0,1.8
2021-08-24 00:12:08.189983,615579,0.0,0.0
2021-08-24 00:12:08.189983,615737,0.0,1.8
2021-08-24 00:12:08.347281,615579,0.0,0.0
2021-08-24 00:12:08.347281,615737,0.0,1.8
2021-08-24 00:12:08.507006,615579,0.0,0.0
2021-08-24 00:12:08.507006,615737,0.0,1.8
2021-08-24 00:12:08.665747,615579,0.0,0.0
2021-08-24 00:12:08.665747,615737,0.0,1.8
2021-08-24 00:12:08.825157,615579,0.0,0.0
2021-08-24 00:12:08.825157,615737,0.0,1.8
2021-08-24 00:12:08.984626,615579,0.0,0.0
2021-08-24 00:12:08.984626,615737,0.0,1.8
2021-08-24 00:12:09.144140,615579,0.0,0.0
2021-08-24 00:12:09.144140,615737,0.0,1.8
2021-08-24 00:12:09.303506,615737,6.7,1.8
2021-08-24 00:12:09.303506,615579,0.0,0.0
2021-08-24 00:12:09.463344,615579,0.0,0.0
2021-08-24 00:12:09.463344,615737,0.0,1.8
2021-08-24 00:12:09.622548,615579,0.0,0.0
2021-08-24 00:12:09.622548,615737,0.0,1.8
2021-08-24 00:12:09.781153,615579,0.0,0.0
2021-08-24 00:12:09.781153,615737,0.0,1.8
2021-08-24 00:12:09.940640,615579,0.0,0.0
2021-08-24 00:12:09.940640,615737,0.0,1.8
2021-08-24 00:12:10.100102,615579,0.0,0.0
2021-08-24 00:12:10.100102,615737,0.0,1.8
2021-08-24 00:12:10.259021,615737,6.7,1.8
2021-08-24 00:12:10.259021,615579,0.0,0.0
2021-08-24 00:12:10.418621,615579,0.0,0.0
2021-08-24 00:12:10.418621,615737,0.0,1.8
2021-08-24 00:12:10.577752,615579,0.0,0.0
2021-08-24 00:12:10.577752,615737,0.0,1.8
2021-08-24 00:12:10.733293,615579,0.0,0.0
2021-08-24 00:12:10.733293,615737,0.0,1.8
2021-08-24 00:12:10.892091,615579,0.0,0.0
2021-08-24 00:12:10.892091,615737,0.0,1.8
2021-08-24 00:12:11.051751,615579,0.0,0.0
2021-08-24 00:12:11.051751,615737,0.0,1.8
2021-08-24 00:12:11.211195,615579,0.0,0.0
2021-08-24 00:12:11.211195,615737,0.0,1.8
2021-08-24 00:12:11.370597,615579,0.0,0.0
2021-08-24 00:12:11.370597,615737,0.0,1.8
2021-08-24 00:12:11.529941,615579,0.0,0.0
2021-08-24 00:12:11.529941,615737,0.0,1.8
2021-08-24 00:12:11.689311,615579,0.0,0.0
2021-08-24 00:12:11.689311,615737,0.0,1.8
2021-08-24 00:12:11.848661,615579,0.0,0.0
2021-08-24 00:12:11.848661,615737,0.0,1.8
2021-08-24 00:12:12.007676,615579,0.0,0.0
2021-08-24 00:12:12.007676,615737,0.0,1.8
2021-08-24 00:12:12.164937,615579,0.0,0.0
2021-08-24 00:12:12.164937,615737,0.0,1.8
2021-08-24 00:12:12.318955,615579,0.0,0.0
2021-08-24 00:12:12.318955,615737,0.0,1.8
2021-08-24 00:12:12.472836,615579,0.0,0.0
2021-08-24 00:12:12.472836,615737,0.0,1.8
2021-08-24 00:12:12.626661,615579,0.0,0.0
2021-08-24 00:12:12.626661,615737,0.0,1.8
2021-08-24 00:12:12.780813,615579,0.0,0.0
2021-08-24 00:12:12.780813,615737,0.0,1.8
2021-08-24 00:12:12.935199,615579,0.0,0.0
2021-08-24 00:12:12.935199,615737,0.0,1.8
2021-08-24 00:12:13.092262,615579,0.0,0.0
2021-08-24 00:12:13.092262,615737,0.0,1.8
2021-08-24 00:12:13.249704,615579,0.0,0.0
2021-08-24 00:12:13.249704,615737,0.0,1.8
2021-08-24 00:12:13.403695,615579,0.0,0.0
2021-08-24 00:12:13.403695,615737,0.0,1.8
2021-08-24 00:12:13.557521,615579,0.0,0.0
2021-08-24 00:12:13.557521,615737,0.0,1.8
2021-08-24 00:12:13.711602,615579,0.0,0.0
2021-08-24 00:12:13.711602,615737,0.0,1.8
2021-08-24 00:12:13.865797,615579,0.0,0.0
2021-08-24 00:12:13.865797,615737,0.0,1.8
2021-08-24 00:12:14.020438,615579,0.0,0.0
2021-08-24 00:12:14.020438,615737,0.0,1.8
2021-08-24 00:12:14.176857,615579,0.0,0.0
2021-08-24 00:12:14.176857,615737,0.0,1.8
2021-08-24 00:12:14.331400,615579,0.0,0.0
2021-08-24 00:12:14.331400,615737,0.0,1.8
2021-08-24 00:12:14.485748,615579,0.0,0.0
2021-08-24 00:12:14.485748,615737,0.0,1.8
2021-08-24 00:12:14.639832,615579,0.0,0.0
2021-08-24 00:12:14.639832,615737,0.0,1.8
2021-08-24 00:12:14.794782,615579,0.0,0.0
2021-08-24 00:12:14.794782,615737,0.0,1.8
2021-08-24 00:12:14.952940,615579,0.0,0.0
2021-08-24 00:12:14.952940,615737,0.0,1.8
2021-08-24 00:12:15.109717,615579,0.0,0.0
2021-08-24 00:12:15.109717,615737,0.0,1.8
2021-08-24 00:12:15.264324,615579,0.0,0.0
2021-08-24 00:12:15.264324,615737,0.0,1.8
2021-08-24 00:12:15.418656,615579,0.0,0.0
2021-08-24 00:12:15.418656,615737,0.0,1.8
2021-08-24 00:12:15.572853,615579,0.0,0.0
2021-08-24 00:12:15.572853,615737,0.0,1.8
2021-08-24 00:12:15.727774,615579,0.0,0.0
2021-08-24 00:12:15.727774,615737,0.0,1.8
2021-08-24 00:12:15.885553,615579,0.0,0.0
2021-08-24 00:12:15.885553,615737,0.0,1.8
2021-08-24 00:12:16.042970,615579,0.0,0.0
2021-08-24 00:12:16.042970,615737,0.0,1.8
2021-08-24 00:12:16.201482,615579,0.0,0.0
2021-08-24 00:12:16.201482,615737,0.0,1.8
2021-08-24 00:12:16.360806,615737,6.7,1.8
2021-08-24 00:12:16.360806,615579,0.0,0.0
2021-08-24 00:12:16.520370,615579,0.0,0.0
2021-08-24 00:12:16.520370,615737,0.0,1.8
2021-08-24 00:12:16.679893,615579,0.0,0.0
2021-08-24 00:12:16.679893,615737,0.0,1.8
2021-08-24 00:12:16.838674,615579,0.0,0.0
2021-08-24 00:12:16.838674,615737,0.0,1.8
2021-08-24 00:12:16.998417,615579,0.0,0.0
2021-08-24 00:12:16.998417,615737,0.0,1.8
2021-08-24 00:12:17.157952,615579,0.0,0.0
2021-08-24 00:12:17.157952,615737,0.0,1.8
2021-08-24 00:12:17.317433,615579,0.0,0.0
2021-08-24 00:12:17.317433,615737,0.0,1.8
2021-08-24 00:12:17.477150,615579,0.0,0.0
2021-08-24 00:12:17.477150,615737,0.0,1.8
2021-08-24 00:12:17.635694,615579,0.0,0.0
2021-08-24 00:12:17.635694,615737,0.0,1.8
2021-08-24 00:12:17.791585,615579,0.0,0.0
2021-08-24 00:12:17.791585,615737,0.0,1.8
2021-08-24 00:12:17.950531,615579,0.0,0.0
2021-08-24 00:12:17.950531,615737,0.0,1.8
2021-08-24 00:12:18.110174,615579,0.0,0.0
2021-08-24 00:12:18.110174,615737,0.0,1.8
2021-08-24 00:12:18.269328,615579,0.0,0.0
2021-08-24 00:12:18.269328,615737,0.0,1.8
2021-08-24 00:12:18.429454,615579,0.0,0.0
2021-08-24 00:12:18.429454,615737,0.0,1.8
2021-08-24 00:12:18.589120,615579,0.0,0.0
2021-08-24 00:12:18.589120,615737,0.0,1.8
2021-08-24 00:12:18.748099,615579,0.0,0.0
2021-08-24 00:12:18.748099,615737,0.0,1.8
2021-08-24 00:12:18.907066,615579,0.0,0.0
2021-08-24 00:12:18.907066,615737,0.0,1.8
2021-08-24 00:12:19.066572,615579,0.0,0.0
2021-08-24 00:12:19.066572,615737,0.0,1.8
2021-08-24 00:12:19.225817,615579,0.0,0.0
2021-08-24 00:12:19.225817,615737,0.0,1.8
2021-08-24 00:12:19.385957,615579,0.0,0.0
2021-08-24 00:12:19.385957,615737,0.0,1.8
2021-08-24 00:12:19.545214,615579,0.0,0.0
2021-08-24 00:12:19.545214,615737,0.0,1.8
2021-08-24 00:12:19.704407,615579,0.0,0.0
2021-08-24 00:12:19.704407,615737,0.0,1.8
2021-08-24 00:12:19.862765,615579,0.0,0.0
2021-08-24 00:12:19.862765,615737,0.0,1.8
2021-08-24 00:12:20.021987,615579,0.0,0.0
2021-08-24 00:12:20.021987,615737,0.0,1.8
2021-08-24 00:12:20.181303,615579,0.0,0.0
2021-08-24 00:12:20.181303,615737,0.0,1.8
2021-08-24 00:12:20.340764,615737,6.7,1.8
2021-08-24 00:12:20.340764,615579,0.0,0.0
2021-08-24 00:12:20.499729,615579,0.0,0.0
2021-08-24 00:12:20.499729,615737,0.0,1.8
2021-08-24 00:12:20.658435,615579,0.0,0.0
2021-08-24 00:12:20.658435,615737,0.0,1.8
2021-08-24 00:12:20.816837,615579,0.0,0.0
2021-08-24 00:12:20.816837,615737,0.0,1.8
2021-08-24 00:12:20.975413,615579,0.0,0.0
2021-08-24 00:12:20.975413,615737,0.0,1.8
2021-08-24 00:12:21.134373,615579,0.0,0.0
2021-08-24 00:12:21.134373,615737,0.0,1.8
2021-08-24 00:12:21.293439,615579,0.0,0.0
2021-08-24 00:12:21.293439,615737,0.0,1.8
2021-08-24 00:12:21.452815,615737,6.2,1.8
2021-08-24 00:12:21.452815,615579,0.0,0.0
2021-08-24 00:12:21.612149,615579,0.0,0.0
2021-08-24 00:12:21.612149,615737,0.0,1.8
2021-08-24 00:12:21.771489,615579,0.0,0.0
2021-08-24 00:12:21.771489,615737,0.0,1.8
2021-08-24 00:12:21.929935,615579,0.0,0.0
2021-08-24 00:12:21.929935,615737,0.0,1.8
2021-08-24 00:12:22.088329,615579,0.0,0.0
2021-08-24 00:12:22.088329,615737,0.0,1.8
2021-08-24 00:12:22.247761,615579,0.0,0.0
2021-08-24 00:12:22.247761,615737,0.0,1.8
2021-08-24 00:12:22.407200,615579,0.0,0.0
2021-08-24 00:12:22.407200,615737,0.0,1.8
2021-08-24 00:12:22.565890,615579,0.0,0.0
2021-08-24 00:12:22.565890,615737,0.0,1.8
2021-08-24 00:12:22.724917,615579,0.0,0.0
2021-08-24 00:12:22.724917,615737,0.0,1.8
2021-08-24 00:12:22.882860,615579,0.0,0.0
2021-08-24 00:12:22.882860,615737,0.0,1.8
2021-08-24 00:12:23.042115,615579,0.0,0.0
2021-08-24 00:12:23.042115,615737,0.0,1.8
2021-08-24 00:12:23.201504,615579,0.0,0.0
2021-08-24 00:12:23.201504,615737,0.0,1.8
2021-08-24 00:12:23.360723,615579,0.0,0.0
2021-08-24 00:12:23.360723,615737,0.0,1.8
2021-08-24 00:12:23.520238,615579,0.0,0.0
2021-08-24 00:12:23.520238,615737,0.0,1.8
2021-08-24 00:12:23.679735,615579,0.0,0.0
2021-08-24 00:12:23.679735,615737,0.0,1.8
2021-08-24 00:12:23.839654,615579,0.0,0.0
2021-08-24 00:12:23.839654,615737,0.0,1.8
2021-08-24 00:12:23.999200,615579,0.0,0.0
2021-08-24 00:12:23.999200,615737,0.0,1.8
2021-08-24 00:12:24.159108,615579,0.0,0.0
2021-08-24 00:12:24.159108,615737,0.0,1.8
2021-08-24 00:12:24.318540,615579,0.0,0.0
2021-08-24 00:12:24.318540,615737,0.0,1.8
2021-08-24 00:12:24.478097,615579,0.0,0.0
2021-08-24 00:12:24.478097,615737,0.0,1.8
2021-08-24 00:12:24.637786,615579,0.0,0.0
2021-08-24 00:12:24.637786,615737,0.0,1.8
2021-08-24 00:12:24.798332,615579,0.0,0.0
2021-08-24 00:12:24.798332,615737,0.0,1.8
2021-08-24 00:12:24.957769,615579,0.0,0.0
2021-08-24 00:12:24.957769,615737,0.0,1.8
2021-08-24 00:12:25.117486,615579,0.0,0.0
2021-08-24 00:12:25.117486,615737,0.0,1.8
2021-08-24 00:12:25.273333,615579,0.0,0.0
2021-08-24 00:12:25.273333,615737,0.0,1.8
2021-08-24 00:12:25.427347,615579,0.0,0.0
2021-08-24 00:12:25.427347,615737,0.0,1.8
2021-08-24 00:12:25.581357,615579,0.0,0.0
2021-08-24 00:12:25.581357,615737,0.0,1.8
2021-08-24 00:12:25.735757,615579,0.0,0.0
2021-08-24 00:12:25.735757,615737,0.0,1.8
2021-08-24 00:12:25.891100,615579,0.0,0.0
2021-08-24 00:12:25.891100,615737,0.0,1.8
2021-08-24 00:12:26.050540,615579,0.0,0.0
2021-08-24 00:12:26.050540,615737,0.0,1.8
2021-08-24 00:12:26.210027,615579,0.0,0.0
2021-08-24 00:12:26.210027,615737,0.0,1.8
2021-08-24 00:12:26.369684,615579,0.0,0.0
2021-08-24 00:12:26.369684,615737,0.0,1.8
2021-08-24 00:12:26.529458,615737,6.7,1.8
2021-08-24 00:12:26.529458,615579,0.0,0.0
2021-08-24 00:12:26.688861,615579,0.0,0.0
2021-08-24 00:12:26.688861,615737,0.0,1.8
2021-08-24 00:12:26.848070,615579,0.0,0.0
2021-08-24 00:12:26.848070,615737,0.0,1.8
2021-08-24 00:12:27.006803,615579,0.0,0.0
2021-08-24 00:12:27.006803,615737,0.0,1.8
2021-08-24 00:12:27.166352,615579,0.0,0.0
2021-08-24 00:12:27.166352,615737,0.0,1.8
2021-08-24 00:12:27.325759,615579,0.0,0.0
2021-08-24 00:12:27.325759,615737,0.0,1.8
2021-08-24 00:12:27.485187,615579,0.0,0.0
2021-08-24 00:12:27.485187,615737,0.0,1.8
2021-08-24 00:12:27.644421,615579,0.0,0.0
2021-08-24 00:12:27.644421,615737,0.0,1.8
2021-08-24 00:12:27.804067,615579,0.0,0.0
2021-08-24 00:12:27.804067,615737,0.0,1.8
2021-08-24 00:12:27.963531,615579,0.0,0.0
2021-08-24 00:12:27.963531,615737,0.0,1.8
2021-08-24 00:12:28.122472,615579,0.0,0.0
2021-08-24 00:12:28.122472,615737,0.0,1.8
2021-08-24 00:12:28.282474,615579,0.0,0.0
2021-08-24 00:12:28.282474,615737,0.0,1.8
2021-08-24 00:12:28.441866,615579,0.0,0.0
2021-08-24 00:12:28.441866,615737,0.0,1.8
2021-08-24 00:12:28.600454,615579,0.0,0.0
2021-08-24 00:12:28.600454,615737,0.0,1.8
2021-08-24 00:12:28.758931,615579,0.0,0.0
2021-08-24 00:12:28.758931,615737,0.0,1.8
2021-08-24 00:12:28.914372,615579,0.0,0.0
2021-08-24 00:12:28.914372,615737,0.0,1.8
2021-08-24 00:12:29.073872,615579,0.0,0.0
2021-08-24 00:12:29.073872,615737,0.0,1.8
2021-08-24 00:12:29.233602,615579,0.0,0.0
2021-08-24 00:12:29.233602,615737,0.0,1.8
2021-08-24 00:12:29.393706,615579,0.0,0.0
2021-08-24 00:12:29.393706,615737,0.0,1.8
2021-08-24 00:12:29.553051,615579,0.0,0.0
2021-08-24 00:12:29.553051,615737,0.0,1.8
2021-08-24 00:12:29.712512,615579,0.0,0.0
2021-08-24 00:12:29.712512,615737,0.0,1.8
2021-08-24 00:12:29.872075,615579,0.0,0.0
2021-08-24 00:12:29.872075,615737,0.0,1.8
2021-08-24 00:12:30.031622,615579,0.0,0.0
2021-08-24 00:12:30.031622,615737,0.0,1.8
2021-08-24 00:12:30.191101,615579,0.0,0.0
2021-08-24 00:12:30.191101,615737,0.0,1.8
2021-08-24 00:12:30.350595,615579,0.0,0.0
2021-08-24 00:12:30.350595,615737,0.0,1.8
2021-08-24 00:12:30.509951,615579,0.0,0.0
2021-08-24 00:12:30.509951,615737,0.0,1.8
2021-08-24 00:12:30.669747,615579,0.0,0.0
2021-08-24 00:12:30.669747,615737,0.0,1.8
2021-08-24 00:12:30.829145,615579,0.0,0.0
2021-08-24 00:12:30.829145,615737,0.0,1.8
2021-08-24 00:12:30.988227,615579,0.0,0.0
2021-08-24 00:12:30.988227,615737,0.0,1.8
2021-08-24 00:12:31.147451,615579,0.0,0.0
2021-08-24 00:12:31.147451,615737,0.0,1.8
2021-08-24 00:12:31.307498,615579,0.0,0.0
2021-08-24 00:12:31.307498,615737,0.0,1.8
2021-08-24 00:12:31.467112,615737,6.7,1.8
2021-08-24 00:12:31.467112,615579,0.0,0.0
2021-08-24 00:12:31.626127,615579,0.0,0.0
2021-08-24 00:12:31.626127,615737,0.0,1.8
2021-08-24 00:12:31.784562,615579,0.0,0.0
2021-08-24 00:12:31.784562,615737,0.0,1.8
2021-08-24 00:12:31.940255,615579,0.0,0.0
2021-08-24 00:12:31.940255,615737,0.0,1.8
2021-08-24 00:12:32.099007,615579,0.0,0.0
2021-08-24 00:12:32.099007,615737,0.0,1.8
2021-08-24 00:12:32.258364,615579,0.0,0.0
2021-08-24 00:12:32.258364,615737,0.0,1.8
2021-08-24 00:12:32.417206,615579,0.0,0.0
2021-08-24 00:12:32.417206,615737,0.0,1.8
2021-08-24 00:12:32.576364,615579,0.0,0.0
2021-08-24 00:12:32.576364,615737,0.0,1.8
2021-08-24 00:12:32.736097,615579,0.0,0.0
2021-08-24 00:12:32.736097,615737,0.0,1.8
2021-08-24 00:12:32.895274,615579,0.0,0.0
2021-08-24 00:12:32.895274,615737,0.0,1.8
2021-08-24 00:12:33.054149,615579,0.0,0.0
2021-08-24 00:12:33.054149,615737,0.0,1.8
2021-08-24 00:12:33.213555,615579,0.0,0.0
2021-08-24 00:12:33.213555,615737,0.0,1.8
2021-08-24 00:12:33.373056,615579,0.0,0.0
2021-08-24 00:12:33.373056,615737,0.0,1.8
2021-08-24 00:12:33.533113,615737,6.2,1.8
2021-08-24 00:12:33.533113,615579,0.0,0.0
2021-08-24 00:12:33.692611,615579,0.0,0.0
2021-08-24 00:12:33.692611,615737,0.0,1.8
2021-08-24 00:12:33.851890,615579,0.0,0.0
2021-08-24 00:12:33.851890,615737,0.0,1.8
2021-08-24 00:12:34.010568,615579,0.0,0.0
2021-08-24 00:12:34.010568,615737,0.0,1.8
2021-08-24 00:12:34.169919,615579,0.0,0.0
2021-08-24 00:12:34.169919,615737,0.0,1.8
2021-08-24 00:12:34.329239,615579,0.0,0.0
2021-08-24 00:12:34.329239,615737,0.0,1.8
2021-08-24 00:12:34.488452,615579,0.0,0.0
2021-08-24 00:12:34.488452,615737,0.0,1.8
2021-08-24 00:12:34.647832,615579,0.0,0.0
2021-08-24 00:12:34.647832,615737,0.0,1.8
2021-08-24 00:12:34.807397,615579,0.0,0.0
2021-08-24 00:12:34.807397,615737,0.0,1.8
2021-08-24 00:12:34.966973,615579,0.0,0.0
2021-08-24 00:12:34.966973,615737,0.0,1.8
2021-08-24 00:12:35.126391,615579,0.0,0.0
2021-08-24 00:12:35.126391,615737,0.0,1.8
2021-08-24 00:12:35.286000,615579,0.0,0.0
2021-08-24 00:12:35.286000,615737,0.0,1.8
2021-08-24 00:12:35.445669,615579,0.0,0.0
2021-08-24 00:12:35.445669,615737,0.0,1.8
2021-08-24 00:12:35.605206,615579,0.0,0.0
2021-08-24 00:12:35.605206,615737,0.0,1.8
2021-08-24 00:12:35.764662,615579,0.0,0.0
2021-08-24 00:12:35.764662,615737,0.0,1.8
2021-08-24 00:12:35.923686,615579,0.0,0.0
2021-08-24 00:12:35.923686,615737,0.0,1.8
2021-08-24 00:12:36.082538,615579,0.0,0.0
2021-08-24 00:12:36.082538,615737,0.0,1.8
2021-08-24 00:12:36.241913,615579,0.0,0.0
2021-08-24 00:12:36.241913,615737,0.0,1.8
2021-08-24 00:12:36.401237,615579,0.0,0.0
2021-08-24 00:12:36.401237,615737,0.0,1.8
2021-08-24 00:12:36.560710,615579,0.0,0.0
2021-08-24 00:12:36.560710,615737,0.0,1.8
2021-08-24 00:12:36.720446,615579,0.0,0.0
2021-08-24 00:12:36.720446,615737,0.0,1.8
2021-08-24 00:12:36.880603,615737,6.7,1.8
2021-08-24 00:12:36.880603,615579,0.0,0.0
2021-08-24 00:12:37.038855,615579,0.0,0.0
2021-08-24 00:12:37.038855,615737,0.0,1.8
2021-08-24 00:12:37.198686,615579,0.0,0.0
2021-08-24 00:12:37.198686,615737,0.0,1.8
2021-08-24 00:12:37.358209,615579,0.0,0.0
2021-08-24 00:12:37.358209,615737,0.0,1.8
2021-08-24 00:12:37.517646,615579,0.0,0.0
2021-08-24 00:12:37.517646,615737,0.0,1.8
2021-08-24 00:12:37.677473,615579,0.0,0.0
2021-08-24 00:12:37.677473,615737,0.0,1.8
2021-08-24 00:12:37.837594,615579,0.0,0.0
2021-08-24 00:12:37.837594,615737,0.0,1.8
2021-08-24 00:12:37.998401,615579,0.0,0.0
2021-08-24 00:12:37.998401,615737,0.0,1.8
2021-08-24 00:12:38.157778,615579,0.0,0.0
2021-08-24 00:12:38.157778,615737,0.0,1.8
2021-08-24 00:12:38.317246,615579,0.0,0.0
2021-08-24 00:12:38.317246,615737,0.0,1.8
2021-08-24 00:12:38.476257,615579,0.0,0.0
2021-08-24 00:12:38.476257,615737,0.0,1.8
2021-08-24 00:12:38.635501,615579,0.0,0.0
2021-08-24 00:12:38.635501,615737,0.0,1.8
2021-08-24 00:12:38.794927,615579,0.0,0.0
2021-08-24 00:12:38.794927,615737,0.0,1.8
2021-08-24 00:12:38.953881,615579,0.0,0.0
2021-08-24 00:12:38.953881,615737,0.0,1.8
2021-08-24 00:12:39.112636,615579,0.0,0.0
2021-08-24 00:12:39.112636,615737,0.0,1.8
2021-08-24 00:12:39.272006,615579,0.0,0.0
2021-08-24 00:12:39.272006,615737,0.0,1.8
2021-08-24 00:12:39.431854,615579,0.0,0.0
2021-08-24 00:12:39.431854,615737,0.0,1.8
2021-08-24 00:12:39.591683,615737,6.7,1.8
2021-08-24 00:12:39.591683,615579,0.0,0.0
2021-08-24 00:12:39.750940,615579,0.0,0.0
2021-08-24 00:12:39.750940,615737,0.0,1.8
2021-08-24 00:12:39.909697,615579,0.0,0.0
2021-08-24 00:12:39.909697,615737,0.0,1.8
2021-08-24 00:12:40.065557,615579,0.0,0.0
2021-08-24 00:12:40.065557,615737,0.0,1.8
2021-08-24 00:12:40.224855,615579,0.0,0.0
2021-08-24 00:12:40.224855,615737,0.0,1.8
2021-08-24 00:12:40.384107,615579,0.0,0.0
2021-08-24 00:12:40.384107,615737,0.0,1.8
2021-08-24 00:12:40.543185,615579,0.0,0.0
2021-08-24 00:12:40.543185,615737,0.0,1.8
2021-08-24 00:12:40.702379,615579,0.0,0.0
2021-08-24 00:12:40.702379,615737,0.0,1.8
2021-08-24 00:12:40.861971,615579,0.0,0.0
2021-08-24 00:12:40.861971,615737,0.0,1.8
2021-08-24 00:12:41.022238,615579,0.0,0.0
2021-08-24 00:12:41.022238,615737,0.0,1.8
2021-08-24 00:12:41.181319,615579,0.0,0.0
2021-08-24 00:12:41.181319,615737,0.0,1.8
2021-08-24 00:12:41.340769,615579,0.0,0.0
2021-08-24 00:12:41.340769,615737,0.0,1.8
2021-08-24 00:12:41.500132,615579,0.0,0.0
2021-08-24 00:12:41.500132,615737,0.0,1.8
2021-08-24 00:12:41.659207,615579,0.0,0.0
2021-08-24 00:12:41.659207,615737,0.0,1.8
2021-08-24 00:12:41.818670,615579,0.0,0.0
2021-08-24 00:12:41.818670,615737,0.0,1.8
2021-08-24 00:12:41.978264,615579,0.0,0.0
2021-08-24 00:12:41.978264,615737,0.0,1.8
2021-08-24 00:12:42.137358,615579,0.0,0.0
2021-08-24 00:12:42.137358,615737,0.0,1.8
2021-08-24 00:12:42.296552,615579,0.0,0.0
2021-08-24 00:12:42.296552,615737,0.0,1.8
2021-08-24 00:12:42.456679,615579,0.0,0.0
2021-08-24 00:12:42.456679,615737,0.0,1.8
2021-08-24 00:12:42.615983,615579,0.0,0.0
2021-08-24 00:12:42.615983,615737,0.0,1.8
2021-08-24 00:12:42.775048,615579,0.0,0.0
2021-08-24 00:12:42.775048,615737,0.0,1.8
2021-08-24 00:12:42.933435,615579,0.0,0.0
2021-08-24 00:12:42.933435,615737,0.0,1.8
2021-08-24 00:12:43.091541,615579,0.0,0.0
2021-08-24 00:12:43.091541,615737,0.0,1.8
2021-08-24 00:12:43.251434,615579,0.0,0.0
2021-08-24 00:12:43.251434,615737,0.0,1.8
2021-08-24 00:12:43.411108,615579,0.0,0.0
2021-08-24 00:12:43.411108,615737,0.0,1.8
2021-08-24 00:12:43.571321,615579,0.0,0.0
2021-08-24 00:12:43.571321,615737,0.0,1.8
2021-08-24 00:12:43.731063,615737,6.7,1.8
2021-08-24 00:12:43.731063,615579,0.0,0.0
2021-08-24 00:12:43.891467,615579,0.0,0.0
2021-08-24 00:12:43.891467,615737,0.0,1.8
2021-08-24 00:12:44.051751,615579,0.0,0.0
2021-08-24 00:12:44.051751,615737,0.0,1.8
2021-08-24 00:12:44.211970,615579,0.0,0.0
2021-08-24 00:12:44.211970,615737,0.0,1.8
2021-08-24 00:12:44.371235,615579,0.0,0.0
2021-08-24 00:12:44.371235,615737,0.0,1.8
2021-08-24 00:12:44.530693,615579,0.0,0.0
2021-08-24 00:12:44.530693,615737,0.0,1.8
2021-08-24 00:12:44.690277,615579,0.0,0.0
2021-08-24 00:12:44.690277,615737,0.0,1.8
2021-08-24 00:12:44.849944,615579,0.0,0.0
2021-08-24 00:12:44.849944,615737,0.0,1.8
2021-08-24 00:12:45.009320,615579,0.0,0.0
2021-08-24 00:12:45.009320,615737,0.0,1.8
2021-08-24 00:12:45.168377,615579,0.0,0.0
2021-08-24 00:12:45.168377,615737,0.0,1.8
2021-08-24 00:12:45.328022,615579,0.0,0.0
2021-08-24 00:12:45.328022,615737,0.0,1.8
2021-08-24 00:12:45.487823,615579,0.0,0.0
2021-08-24 00:12:45.487823,615737,0.0,1.8
2021-08-24 00:12:45.647266,615579,0.0,0.0
2021-08-24 00:12:45.647266,615737,0.0,1.8
2021-08-24 00:12:45.806402,615579,0.0,0.0
2021-08-24 00:12:45.806402,615737,0.0,1.8
2021-08-24 00:12:45.965457,615579,0.0,0.0
2021-08-24 00:12:45.965457,615737,0.0,1.8
2021-08-24 00:12:46.124483,615579,0.0,0.0
2021-08-24 00:12:46.124483,615737,0.0,1.8
2021-08-24 00:12:46.283702,615579,0.0,0.0
2021-08-24 00:12:46.283702,615737,0.0,1.8
2021-08-24 00:12:46.442974,615579,0.0,0.0
2021-08-24 00:12:46.442974,615737,0.0,1.8
2021-08-24 00:12:46.601533,615579,0.0,0.0
2021-08-24 00:12:46.601533,615737,0.0,1.8
2021-08-24 00:12:46.760857,615579,0.0,0.0
2021-08-24 00:12:46.760857,615737,0.0,1.8
2021-08-24 00:12:46.920256,615579,0.0,0.0
2021-08-24 00:12:46.920256,615737,0.0,1.8
2021-08-24 00:12:47.079704,615579,0.0,0.0
2021-08-24 00:12:47.079704,615737,0.0,1.8
2021-08-24 00:12:47.239077,615579,0.0,0.0
2021-08-24 00:12:47.239077,615737,0.0,1.8
2021-08-24 00:12:47.398442,615579,0.0,0.0
2021-08-24 00:12:47.398442,615737,0.0,1.8
2021-08-24 00:12:47.557957,615579,0.0,0.0
2021-08-24 00:12:47.557957,615737,0.0,1.8
2021-08-24 00:12:47.717203,615579,0.0,0.0
2021-08-24 00:12:47.717203,615737,0.0,1.8
2021-08-24 00:12:47.876636,615579,0.0,0.0
2021-08-24 00:12:47.876636,615737,0.0,1.8
2021-08-24 00:12:48.035952,615579,0.0,0.0
2021-08-24 00:12:48.035952,615737,0.0,1.8
2021-08-24 00:12:48.194852,615579,0.0,0.0
2021-08-24 00:12:48.194852,615737,0.0,1.8
2021-08-24 00:12:48.354014,615579,0.0,0.0
2021-08-24 00:12:48.354014,615737,0.0,1.8
2021-08-24 00:12:48.513734,615579,0.0,0.0
2021-08-24 00:12:48.513734,615737,0.0,1.8
2021-08-24 00:12:48.673870,615579,0.0,0.0
2021-08-24 00:12:48.673870,615737,0.0,1.8
2021-08-24 00:12:48.833358,615579,0.0,0.0
2021-08-24 00:12:48.833358,615737,0.0,1.8
2021-08-24 00:12:48.992128,615579,0.0,0.0
2021-08-24 00:12:48.992128,615737,0.0,1.8
2021-08-24 00:12:49.149301,615737,6.7,1.8
2021-08-24 00:12:49.149301,615579,0.0,0.0
2021-08-24 00:12:49.308761,615737,6.7,1.8
2021-08-24 00:12:49.308761,615579,0.0,0.0
2021-08-24 00:12:49.467856,615579,0.0,0.0
2021-08-24 00:12:49.467856,615737,0.0,1.8
2021-08-24 00:12:49.627647,615579,0.0,0.0
2021-08-24 00:12:49.627647,615737,0.0,1.8
2021-08-24 00:12:49.787209,615579,0.0,0.0
2021-08-24 00:12:49.787209,615737,0.0,1.8
2021-08-24 00:12:49.946694,615579,0.0,0.0
2021-08-24 00:12:49.946694,615737,0.0,1.8
2021-08-24 00:12:50.106434,615579,0.0,0.0
2021-08-24 00:12:50.106434,615737,0.0,1.8
2021-08-24 00:12:50.265979,615579,0.0,0.0
2021-08-24 00:12:50.265979,615737,0.0,1.8
2021-08-24 00:12:50.425583,615579,0.0,0.0
2021-08-24 00:12:50.425583,615737,0.0,1.8
2021-08-24 00:12:50.584949,615579,0.0,0.0
2021-08-24 00:12:50.584949,615737,0.0,1.8
2021-08-24 00:12:50.744281,615579,0.0,0.0
2021-08-24 00:12:50.744281,615737,0.0,1.8
2021-08-24 00:12:50.903159,615579,0.0,0.0
2021-08-24 00:12:50.903159,615737,0.0,1.8
2021-08-24 00:12:51.061983,615579,0.0,0.0
2021-08-24 00:12:51.061983,615737,0.0,1.8
2021-08-24 00:12:51.219494,615579,0.0,0.0
2021-08-24 00:12:51.219494,615737,0.0,1.8
2021-08-24 00:12:51.378091,615579,0.0,0.0
2021-08-24 00:12:51.378091,615737,0.0,1.8
2021-08-24 00:12:51.537190,615579,0.0,0.0
2021-08-24 00:12:51.537190,615737,0.0,1.8
2021-08-24 00:12:51.695517,615579,0.0,0.0
2021-08-24 00:12:51.695517,615737,0.0,1.8
2021-08-24 00:12:51.851275,615579,0.0,0.0
2021-08-24 00:12:51.851275,615737,0.0,1.8
2021-08-24 00:12:52.010337,615579,0.0,0.0
2021-08-24 00:12:52.010337,615737,0.0,1.8
2021-08-24 00:12:52.170028,615579,0.0,0.0
2021-08-24 00:12:52.170028,615737,0.0,1.8
2021-08-24 00:12:52.328781,615579,0.0,0.0
2021-08-24 00:12:52.328781,615737,0.0,1.8
2021-08-24 00:12:52.488112,615579,0.0,0.0
2021-08-24 00:12:52.488112,615737,0.0,1.8
2021-08-24 00:12:52.647602,615579,0.0,0.0
2021-08-24 00:12:52.647602,615737,0.0,1.8
2021-08-24 00:12:52.807173,615579,0.0,0.0
2021-08-24 00:12:52.807173,615737,0.0,1.8
2021-08-24 00:12:52.965974,615579,0.0,0.0
2021-08-24 00:12:52.965974,615737,0.0,1.8
2021-08-24 00:12:53.125344,615579,0.0,0.0
2021-08-24 00:12:53.125344,615737,0.0,1.8
2021-08-24 00:12:53.284058,615579,0.0,0.0
2021-08-24 00:12:53.284058,615737,0.0,1.8
2021-08-24 00:12:53.443205,615579,0.0,0.0
2021-08-24 00:12:53.443205,615737,0.0,1.8
2021-08-24 00:12:53.602628,615579,0.0,0.0
2021-08-24 00:12:53.602628,615737,0.0,1.8
2021-08-24 00:12:53.762089,615579,0.0,0.0
2021-08-24 00:12:53.762089,615737,0.0,1.8
2021-08-24 00:12:53.921207,615579,0.0,0.0
2021-08-24 00:12:53.921207,615737,0.0,1.8
2021-08-24 00:12:54.080275,615579,0.0,0.0
2021-08-24 00:12:54.080275,615737,0.0,1.8
2021-08-24 00:12:54.238820,615579,0.0,0.0
2021-08-24 00:12:54.238820,615737,0.0,1.8
2021-08-24 00:12:54.398303,615579,0.0,0.0
2021-08-24 00:12:54.398303,615737,0.0,1.8
2021-08-24 00:12:54.557835,615579,0.0,0.0
2021-08-24 00:12:54.557835,615737,0.0,1.8
2021-08-24 00:12:54.717248,615579,0.0,0.0
2021-08-24 00:12:54.717248,615737,0.0,1.8
2021-08-24 00:12:54.877133,615737,6.7,1.8
2021-08-24 00:12:54.877133,615579,0.0,0.0
2021-08-24 00:12:55.037009,615579,0.0,0.0
2021-08-24 00:12:55.037009,615737,0.0,1.8
2021-08-24 00:12:55.195527,615579,0.0,0.0
2021-08-24 00:12:55.195527,615737,0.0,1.8
2021-08-24 00:12:55.355345,615579,0.0,0.0
2021-08-24 00:12:55.355345,615737,0.0,1.8
2021-08-24 00:12:55.515498,615579,0.0,0.0
2021-08-24 00:12:55.515498,615737,0.0,1.8
2021-08-24 00:12:55.675547,615579,0.0,0.0
2021-08-24 00:12:55.675547,615737,0.0,1.8
2021-08-24 00:12:55.835139,615579,0.0,0.0
2021-08-24 00:12:55.835139,615737,0.0,1.8
2021-08-24 00:12:55.994439,615579,0.0,0.0
2021-08-24 00:12:55.994439,615737,0.0,1.8
2021-08-24 00:12:56.153419,615579,0.0,0.0
2021-08-24 00:12:56.153419,615737,0.0,1.8
2021-08-24 00:12:56.312158,615579,0.0,0.0
2021-08-24 00:12:56.312158,615737,0.0,1.8
2021-08-24 00:12:56.471093,615579,0.0,0.0
2021-08-24 00:12:56.471093,615737,0.0,1.8
2021-08-24 00:12:56.630339,615579,0.0,0.0
2021-08-24 00:12:56.630339,615737,0.0,1.8
2021-08-24 00:12:56.789386,615579,0.0,0.0
2021-08-24 00:12:56.789386,615737,0.0,1.8
2021-08-24 00:12:56.948292,615579,0.0,0.0
2021-08-24 00:12:56.948292,615737,0.0,1.8
2021-08-24 00:12:57.107028,615579,0.0,0.0
2021-08-24 00:12:57.107028,615737,0.0,1.8
2021-08-24 00:12:57.263216,615579,0.0,0.0
2021-08-24 00:12:57.263216,615737,0.0,1.8
2021-08-24 00:12:57.422415,615579,0.0,0.0
2021-08-24 00:12:57.422415,615737,0.0,1.8
2021-08-24 00:12:57.582135,615579,0.0,0.0
2021-08-24 00:12:57.582135,615737,0.0,1.8
2021-08-24 00:12:57.741557,615579,0.0,0.0
2021-08-24 00:12:57.741557,615737,0.0,1.8
2021-08-24 00:12:57.900907,615579,0.0,0.0
2021-08-24 00:12:57.900907,615737,0.0,1.8
2021-08-24 00:12:58.060480,615579,0.0,0.0
2021-08-24 00:12:58.060480,615737,0.0,1.8
2021-08-24 00:12:58.219688,615579,0.0,0.0
2021-08-24 00:12:58.219688,615737,0.0,1.8
2021-08-24 00:12:58.378795,615579,0.0,0.0
2021-08-24 00:12:58.378795,615737,0.0,1.8
2021-08-24 00:12:58.537702,615579,0.0,0.0
2021-08-24 00:12:58.537702,615737,0.0,1.8
2021-08-24 00:12:58.697224,615579,0.0,0.0
2021-08-24 00:12:58.697224,615737,0.0,1.8
2021-08-24 00:12:58.856840,615579,0.0,0.0
2021-08-24 00:12:58.856840,615737,0.0,1.8
2021-08-24 00:12:59.016319,615579,0.0,0.0
2021-08-24 00:12:59.016319,615737,0.0,1.8
2021-08-24 00:12:59.175081,615579,0.0,0.0
2021-08-24 00:12:59.175081,615737,0.0,1.8
2021-08-24 00:12:59.331484,615579,0.0,0.0
2021-08-24 00:12:59.331484,615737,0.0,1.8
2021-08-24 00:12:59.491175,615737,6.7,1.8
2021-08-24 00:12:59.491175,615579,0.0,0.0
2021-08-24 00:12:59.650827,615579,0.0,0.0
2021-08-24 00:12:59.650827,615737,0.0,1.8
2021-08-24 00:12:59.810442,615579,0.0,0.0
2021-08-24 00:12:59.810442,615737,0.0,1.8
2021-08-24 00:12:59.969797,615737,6.7,1.8
2021-08-24 00:12:59.969797,615579,0.0,0.0
2021-08-24 00:13:00.128571,615579,0.0,0.0
2021-08-24 00:13:00.128571,615737,0.0,1.8
2021-08-24 00:13:00.284699,615579,0.0,0.0
2021-08-24 00:13:00.284699,615737,0.0,1.8
2021-08-24 00:13:00.444409,615579,0.0,0.0
2021-08-24 00:13:00.444409,615737,0.0,1.8
2021-08-24 00:13:00.603955,615579,0.0,0.0
2021-08-24 00:13:00.603955,615737,0.0,1.8
2021-08-24 00:13:00.763346,615579,0.0,0.0
2021-08-24 00:13:00.763346,615737,0.0,1.8
2021-08-24 00:13:00.922838,615579,0.0,0.0
2021-08-24 00:13:00.922838,615737,0.0,1.8
2021-08-24 00:13:01.082878,615579,0.0,0.0
2021-08-24 00:13:01.082878,615737,0.0,1.8
2021-08-24 00:13:01.242327,615579,0.0,0.0
2021-08-24 00:13:01.242327,615737,0.0,1.8
2021-08-24 00:13:01.401657,615579,0.0,0.0
2021-08-24 00:13:01.401657,615737,0.0,1.8
2021-08-24 00:13:01.561284,615579,0.0,0.0
2021-08-24 00:13:01.561284,615737,0.0,1.8
2021-08-24 00:13:01.721005,615579,0.0,0.0
2021-08-24 00:13:01.721005,615737,0.0,1.8
2021-08-24 00:13:01.880668,615579,0.0,0.0
2021-08-24 00:13:01.880668,615737,0.0,1.8
2021-08-24 00:13:02.040069,615579,0.0,0.0
2021-08-24 00:13:02.040069,615737,0.0,1.8
2021-08-24 00:13:02.198954,615579,0.0,0.0
2021-08-24 00:13:02.198954,615737,0.0,1.8
2021-08-24 00:13:02.356459,615579,0.0,0.0
2021-08-24 00:13:02.356459,615737,0.0,1.8
2021-08-24 00:13:02.515752,615579,0.0,0.0
2021-08-24 00:13:02.515752,615737,0.0,1.8
2021-08-24 00:13:02.675412,615579,0.0,0.0
2021-08-24 00:13:02.675412,615737,0.0,1.8
2021-08-24 00:13:02.834361,615579,0.0,0.0
2021-08-24 00:13:02.834361,615737,0.0,1.8
2021-08-24 00:13:02.993810,615579,0.0,0.0
2021-08-24 00:13:02.993810,615737,0.0,1.8
2021-08-24 00:13:03.152506,615579,0.0,0.0
2021-08-24 00:13:03.152506,615737,0.0,1.8
2021-08-24 00:13:03.308045,615579,0.0,0.0
2021-08-24 00:13:03.308045,615737,0.0,1.8
2021-08-24 00:13:03.467160,615579,0.0,0.0
2021-08-24 00:13:03.467160,615737,0.0,1.8
2021-08-24 00:13:03.626581,615579,0.0,0.0
2021-08-24 00:13:03.626581,615737,0.0,1.8
2021-08-24 00:13:03.785910,615579,0.0,0.0
2021-08-24 00:13:03.785910,615737,0.0,1.8
2021-08-24 00:13:03.944985,615579,0.0,0.0
2021-08-24 00:13:03.944985,615737,0.0,1.8
2021-08-24 00:13:04.104206,615579,0.0,0.0
2021-08-24 00:13:04.104206,615737,0.0,1.8
2021-08-24 00:13:04.263186,615579,0.0,0.0
2021-08-24 00:13:04.263186,615737,0.0,1.8
2021-08-24 00:13:04.421958,615579,0.0,0.0
2021-08-24 00:13:04.421958,615737,0.0,1.8
2021-08-24 00:13:04.581262,615579,0.0,0.0
2021-08-24 00:13:04.581262,615737,0.0,1.8
2021-08-24 00:13:04.740293,615579,0.0,0.0
2021-08-24 00:13:04.740293,615737,0.0,1.8
2021-08-24 00:13:04.899771,615579,0.0,0.0
2021-08-24 00:13:04.899771,615737,0.0,1.8
2021-08-24 00:13:05.059554,615737,6.7,1.8
2021-08-24 00:13:05.059554,615579,0.0,0.0
2021-08-24 00:13:05.219135,615579,0.0,0.0
2021-08-24 00:13:05.219135,615737,0.0,1.8
2021-08-24 00:13:05.378696,615579,0.0,0.0
2021-08-24 00:13:05.378696,615737,0.0,1.8
2021-08-24 00:13:05.538300,615579,0.0,0.0
2021-08-24 00:13:05.538300,615737,0.0,1.8
2021-08-24 00:13:05.697591,615579,0.0,0.0
2021-08-24 00:13:05.697591,615737,0.0,1.8
2021-08-24 00:13:05.858164,615579,0.0,0.0
2021-08-24 00:13:05.858164,615737,0.0,1.8
2021-08-24 00:13:06.017401,615579,0.0,0.0
2021-08-24 00:13:06.017401,615737,0.0,1.8
2021-08-24 00:13:06.177458,615579,0.0,0.0
2021-08-24 00:13:06.177458,615737,0.0,1.8
2021-08-24 00:13:06.336024,615579,0.0,0.0
2021-08-24 00:13:06.336024,615737,0.0,1.8
2021-08-24 00:13:06.495474,615579,0.0,0.0
2021-08-24 00:13:06.495474,615737,0.0,1.8
2021-08-24 00:13:06.654754,615579,0.0,0.0
2021-08-24 00:13:06.654754,615737,0.0,1.8
2021-08-24 00:13:06.816218,615579,0.0,0.0
2021-08-24 00:13:06.816218,615737,0.0,1.8
2021-08-24 00:13:06.976926,615579,0.0,0.0
2021-08-24 00:13:06.976926,615737,0.0,1.8
2021-08-24 00:13:07.139160,615579,0.0,0.0
2021-08-24 00:13:07.139160,615737,0.0,1.8
2021-08-24 00:13:07.298867,615579,0.0,0.0
2021-08-24 00:13:07.298867,615737,0.0,1.8
2021-08-24 00:13:07.460025,615579,0.0,0.0
2021-08-24 00:13:07.460025,615737,0.0,1.8
2021-08-24 00:13:07.622428,615579,0.0,0.0
2021-08-24 00:13:07.622428,615737,0.0,1.8
2021-08-24 00:13:07.783519,615579,0.0,0.0
2021-08-24 00:13:07.783519,615737,0.0,1.8
2021-08-24 00:13:07.943527,615579,0.0,0.0
2021-08-24 00:13:07.943527,615737,0.0,1.8
2021-08-24 00:13:08.105023,615737,6.7,1.8
2021-08-24 00:13:08.105023,615579,0.0,0.0
2021-08-24 00:13:08.266268,615579,0.0,0.0
2021-08-24 00:13:08.266268,615737,0.0,1.8
2021-08-24 00:13:08.427539,615579,0.0,0.0
2021-08-24 00:13:08.427539,615737,0.0,1.8
2021-08-24 00:13:08.589216,615579,0.0,0.0
2021-08-24 00:13:08.589216,615737,0.0,1.8
2021-08-24 00:13:08.749064,615579,0.0,0.0
2021-08-24 00:13:08.749064,615737,0.0,1.8
2021-08-24 00:13:08.910205,615579,0.0,0.0
2021-08-24 00:13:08.910205,615737,0.0,1.8
2021-08-24 00:13:09.071325,615579,0.0,0.0
2021-08-24 00:13:09.071325,615737,0.0,1.8
2021-08-24 00:13:09.232074,615579,0.0,0.0
2021-08-24 00:13:09.232074,615737,0.0,1.8
2021-08-24 00:13:09.391888,615579,0.0,0.0
2021-08-24 00:13:09.391888,615737,0.0,1.8
2021-08-24 00:13:09.553029,615579,0.0,0.0
2021-08-24 00:13:09.553029,615737,0.0,1.8
2021-08-24 00:13:09.714774,615579,0.0,0.0
2021-08-24 00:13:09.714774,615737,0.0,1.8
2021-08-24 00:13:09.875997,615579,0.0,0.0
2021-08-24 00:13:09.875997,615737,0.0,1.8
2021-08-24 00:13:10.037362,615579,0.0,0.0
2021-08-24 00:13:10.037362,615737,0.0,1.8
2021-08-24 00:13:10.198800,615579,0.0,0.0
2021-08-24 00:13:10.198800,615737,0.0,1.8
2021-08-24 00:13:10.359996,615579,0.0,0.0
2021-08-24 00:13:10.359996,615737,0.0,1.8
2021-08-24 00:13:10.522002,615579,0.0,0.0
2021-08-24 00:13:10.522002,615737,0.0,1.8
2021-08-24 00:13:10.683203,615579,0.0,0.0
2021-08-24 00:13:10.683203,615737,0.0,1.8
2021-08-24 00:13:10.845607,615579,0.0,0.0
2021-08-24 00:13:10.845607,615737,0.0,1.8
2021-08-24 00:13:11.006806,615579,0.0,0.0
2021-08-24 00:13:11.006806,615737,0.0,1.8
2021-08-24 00:13:11.168945,615579,0.0,0.0
2021-08-24 00:13:11.168945,615737,0.0,1.8
2021-08-24 00:13:11.330011,615579,0.0,0.0
2021-08-24 00:13:11.330011,615737,0.0,1.8
2021-08-24 00:13:11.491330,615579,0.0,0.0
2021-08-24 00:13:11.491330,615737,0.0,1.8
2021-08-24 00:13:11.652805,615579,0.0,0.0
2021-08-24 00:13:11.652805,615737,0.0,1.8
2021-08-24 00:13:11.813928,615579,0.0,0.0
2021-08-24 00:13:11.813928,615737,0.0,1.8
2021-08-24 00:13:11.975287,615579,0.0,0.0
2021-08-24 00:13:11.975287,615737,0.0,1.8
2021-08-24 00:13:12.136910,615579,0.0,0.0
2021-08-24 00:13:12.136910,615737,0.0,1.8
2021-08-24 00:13:12.294321,615579,0.0,0.0
2021-08-24 00:13:12.294321,615737,0.0,1.8
2021-08-24 00:13:12.449744,615737,13.3,1.8
2021-08-24 00:13:12.449744,615579,0.0,0.0
2021-08-24 00:13:12.609718,615579,0.0,0.0
2021-08-24 00:13:12.609718,615737,0.0,1.8
2021-08-24 00:13:12.771101,615579,0.0,0.0
2021-08-24 00:13:12.771101,615737,0.0,1.8
2021-08-24 00:13:12.931129,615579,0.0,0.0
2021-08-24 00:13:12.931129,615737,0.0,1.8
2021-08-24 00:13:13.092515,615579,0.0,0.0
2021-08-24 00:13:13.092515,615737,0.0,1.8
2021-08-24 00:13:13.252505,615579,0.0,0.0
2021-08-24 00:13:13.252505,615737,0.0,1.8
2021-08-24 00:13:13.413759,615579,0.0,0.0
2021-08-24 00:13:13.413759,615737,0.0,1.8
2021-08-24 00:13:13.574381,615579,0.0,0.0
2021-08-24 00:13:13.574381,615737,0.0,1.8
2021-08-24 00:13:13.735760,615579,0.0,0.0
2021-08-24 00:13:13.735760,615737,0.0,1.8
2021-08-24 00:13:13.895958,615579,0.0,0.0
2021-08-24 00:13:13.895958,615737,0.0,1.8
2021-08-24 00:13:14.057053,615579,0.0,0.0
2021-08-24 00:13:14.057053,615737,0.0,1.8
2021-08-24 00:13:14.217110,615579,0.0,0.0
2021-08-24 00:13:14.217110,615737,0.0,1.8
2021-08-24 00:13:14.376435,615579,0.0,0.0
2021-08-24 00:13:14.376435,615737,0.0,1.8
2021-08-24 00:13:14.534144,615579,0.0,0.0
2021-08-24 00:13:14.534144,615737,0.0,1.8
2021-08-24 00:13:14.693965,615579,0.0,0.0
2021-08-24 00:13:14.693965,615737,0.0,1.8
2021-08-24 00:13:14.853775,615579,0.0,0.0
2021-08-24 00:13:14.853775,615737,0.0,1.8
2021-08-24 00:13:15.013988,615579,0.0,0.0
2021-08-24 00:13:15.013988,615737,0.0,1.8
2021-08-24 00:13:15.173672,615579,0.0,0.0
2021-08-24 00:13:15.173672,615737,0.0,1.8
2021-08-24 00:13:15.333105,615579,0.0,0.0
2021-08-24 00:13:15.333105,615737,0.0,1.8
2021-08-24 00:13:15.488408,615737,6.7,1.8
2021-08-24 00:13:15.488408,615579,0.0,0.0
2021-08-24 00:13:15.647775,615579,0.0,0.0
2021-08-24 00:13:15.647775,615737,0.0,1.8
2021-08-24 00:13:15.807434,615579,0.0,0.0
2021-08-24 00:13:15.807434,615737,0.0,1.8
2021-08-24 00:13:15.967294,615579,0.0,0.0
2021-08-24 00:13:15.967294,615737,0.0,1.8
2021-08-24 00:13:16.126648,615579,0.0,0.0
2021-08-24 00:13:16.126648,615737,0.0,1.8
2021-08-24 00:13:16.285571,615579,0.0,0.0
2021-08-24 00:13:16.285571,615737,0.0,1.8
2021-08-24 00:13:16.444800,615579,0.0,0.0
2021-08-24 00:13:16.444800,615737,0.0,1.8
2021-08-24 00:13:16.604140,615579,0.0,0.0
2021-08-24 00:13:16.604140,615737,0.0,1.8
2021-08-24 00:13:16.763628,615579,0.0,0.0
2021-08-24 00:13:16.763628,615737,0.0,1.8
2021-08-24 00:13:16.923168,615579,0.0,0.0
2021-08-24 00:13:16.923168,615737,0.0,1.8
2021-08-24 00:13:17.082600,615579,0.0,0.0
2021-08-24 00:13:17.082600,615737,0.0,1.8
2021-08-24 00:13:17.241857,615579,0.0,0.0
2021-08-24 00:13:17.241857,615737,0.0,1.8
