timestamp,PID,CPU,RAM
2021-07-30 03:16:44.805523,3165295,0.0,0.0
2021-07-30 03:16:44.805523,3165455,0.0,1.8
2021-07-30 03:16:44.963767,3165295,0.0,0.0
2021-07-30 03:16:44.963767,3165455,0.0,1.8
2021-07-30 03:16:45.119804,3165295,0.0,0.0
2021-07-30 03:16:45.119804,3165455,0.0,1.8
2021-07-30 03:16:45.274917,3165295,0.0,0.0
2021-07-30 03:16:45.274917,3165455,0.0,1.8
2021-07-30 03:16:45.432878,3165295,0.0,0.0
2021-07-30 03:16:45.432878,3165455,0.0,1.8
2021-07-30 03:16:45.591646,3165295,0.0,0.0
2021-07-30 03:16:45.591646,3165455,0.0,1.8
2021-07-30 03:16:45.750133,3165295,0.0,0.0
2021-07-30 03:16:45.750133,3165455,0.0,1.8
2021-07-30 03:16:45.908772,3165295,0.0,0.0
2021-07-30 03:16:45.908772,3165455,0.0,1.8
2021-07-30 03:16:46.067579,3165295,0.0,0.0
2021-07-30 03:16:46.067579,3165455,0.0,1.8
2021-07-30 03:16:46.225944,3165295,0.0,0.0
2021-07-30 03:16:46.225944,3165455,0.0,1.8
2021-07-30 03:16:46.384728,3165295,0.0,0.0
2021-07-30 03:16:46.384728,3165455,0.0,1.8
2021-07-30 03:16:46.543833,3165295,0.0,0.0
2021-07-30 03:16:46.543833,3165455,0.0,1.8
2021-07-30 03:16:46.702732,3165295,0.0,0.0
2021-07-30 03:16:46.702732,3165455,0.0,1.8
2021-07-30 03:16:46.861427,3165295,0.0,0.0
2021-07-30 03:16:46.861427,3165455,0.0,1.8
2021-07-30 03:16:47.020089,3165295,0.0,0.0
2021-07-30 03:16:47.020089,3165455,0.0,1.8
2021-07-30 03:16:47.178143,3165295,0.0,0.0
2021-07-30 03:16:47.178143,3165455,0.0,1.8
2021-07-30 03:16:47.335563,3165295,0.0,0.0
2021-07-30 03:16:47.335563,3165455,0.0,1.8
2021-07-30 03:16:47.494134,3165295,0.0,0.0
2021-07-30 03:16:47.494134,3165455,0.0,1.8
2021-07-30 03:16:47.651676,3165295,0.0,0.0
2021-07-30 03:16:47.651676,3165455,0.0,1.8
2021-07-30 03:16:47.809988,3165295,0.0,0.0
2021-07-30 03:16:47.809988,3165455,0.0,1.8
2021-07-30 03:16:47.968611,3165295,0.0,0.0
2021-07-30 03:16:47.968611,3165455,0.0,1.8
2021-07-30 03:16:48.126482,3165455,13.3,1.8
2021-07-30 03:16:48.126482,3165295,0.0,0.0
2021-07-30 03:16:48.281662,3165295,0.0,0.0
2021-07-30 03:16:48.281662,3165455,0.0,1.8
2021-07-30 03:16:48.440124,3165295,0.0,0.0
2021-07-30 03:16:48.440124,3165455,0.0,1.8
2021-07-30 03:16:48.598888,3165295,0.0,0.0
2021-07-30 03:16:48.598888,3165455,0.0,1.8
2021-07-30 03:16:48.757522,3165295,0.0,0.0
2021-07-30 03:16:48.757522,3165455,0.0,1.8
2021-07-30 03:16:48.916062,3165295,0.0,0.0
2021-07-30 03:16:48.916062,3165455,0.0,1.8
2021-07-30 03:16:49.074510,3165295,0.0,0.0
2021-07-30 03:16:49.074510,3165455,0.0,1.8
2021-07-30 03:16:49.233332,3165295,0.0,0.0
2021-07-30 03:16:49.233332,3165455,0.0,1.8
2021-07-30 03:16:49.391899,3165295,0.0,0.0
2021-07-30 03:16:49.391899,3165455,0.0,1.8
2021-07-30 03:16:49.550311,3165295,0.0,0.0
2021-07-30 03:16:49.550311,3165455,0.0,1.8
2021-07-30 03:16:49.708714,3165295,0.0,0.0
2021-07-30 03:16:49.708714,3165455,0.0,1.8
2021-07-30 03:16:49.866713,3165295,0.0,0.0
2021-07-30 03:16:49.866713,3165455,0.0,1.8
2021-07-30 03:16:50.024884,3165295,0.0,0.0
2021-07-30 03:16:50.024884,3165455,0.0,1.8
2021-07-30 03:16:50.183180,3165295,0.0,0.0
2021-07-30 03:16:50.183180,3165455,0.0,1.8
2021-07-30 03:16:50.339690,3165295,0.0,0.0
2021-07-30 03:16:50.339690,3165455,0.0,1.8
2021-07-30 03:16:50.498353,3165295,0.0,0.0
2021-07-30 03:16:50.498353,3165455,0.0,1.8
2021-07-30 03:16:50.656928,3165295,0.0,0.0
2021-07-30 03:16:50.656928,3165455,0.0,1.8
2021-07-30 03:16:50.815632,3165455,6.7,1.8
2021-07-30 03:16:50.815632,3165295,0.0,0.0
2021-07-30 03:16:50.974364,3165295,0.0,0.0
2021-07-30 03:16:50.974364,3165455,0.0,1.8
2021-07-30 03:16:51.133078,3165295,0.0,0.0
2021-07-30 03:16:51.133078,3165455,0.0,1.8
2021-07-30 03:16:51.291888,3165295,0.0,0.0
2021-07-30 03:16:51.291888,3165455,0.0,1.8
2021-07-30 03:16:51.450575,3165295,0.0,0.0
2021-07-30 03:16:51.450575,3165455,0.0,1.8
2021-07-30 03:16:51.609493,3165295,0.0,0.0
2021-07-30 03:16:51.609493,3165455,0.0,1.8
2021-07-30 03:16:51.768665,3165295,0.0,0.0
2021-07-30 03:16:51.768665,3165455,0.0,1.8
2021-07-30 03:16:51.927335,3165295,0.0,0.0
2021-07-30 03:16:51.927335,3165455,0.0,1.8
2021-07-30 03:16:52.086386,3165295,0.0,0.0
2021-07-30 03:16:52.086386,3165455,0.0,1.8
2021-07-30 03:16:52.244950,3165295,0.0,0.0
2021-07-30 03:16:52.244950,3165455,0.0,1.8
2021-07-30 03:16:52.402924,3165295,0.0,0.0
2021-07-30 03:16:52.402924,3165455,0.0,1.8
2021-07-30 03:16:52.560577,3165295,0.0,0.0
2021-07-30 03:16:52.560577,3165455,0.0,1.8
2021-07-30 03:16:52.718720,3165295,0.0,0.0
2021-07-30 03:16:52.718720,3165455,0.0,1.8
2021-07-30 03:16:52.876957,3165295,0.0,0.0
2021-07-30 03:16:52.876957,3165455,0.0,1.8
2021-07-30 03:16:53.035285,3165295,0.0,0.0
2021-07-30 03:16:53.035285,3165455,0.0,1.8
2021-07-30 03:16:53.192861,3165295,0.0,0.0
2021-07-30 03:16:53.192861,3165455,0.0,1.8
2021-07-30 03:16:53.348124,3165295,0.0,0.0
2021-07-30 03:16:53.348124,3165455,0.0,1.8
2021-07-30 03:16:53.506624,3165295,0.0,0.0
2021-07-30 03:16:53.506624,3165455,0.0,1.8
2021-07-30 03:16:53.665103,3165295,0.0,0.0
2021-07-30 03:16:53.665103,3165455,0.0,1.8
2021-07-30 03:16:53.823763,3165295,0.0,0.0
2021-07-30 03:16:53.823763,3165455,0.0,1.8
2021-07-30 03:16:53.982311,3165295,0.0,0.0
2021-07-30 03:16:53.982311,3165455,0.0,1.8
2021-07-30 03:16:54.141063,3165295,0.0,0.0
2021-07-30 03:16:54.141063,3165455,0.0,1.8
2021-07-30 03:16:54.299944,3165295,0.0,0.0
2021-07-30 03:16:54.299944,3165455,0.0,1.8
2021-07-30 03:16:54.458386,3165295,0.0,0.0
2021-07-30 03:16:54.458386,3165455,0.0,1.8
2021-07-30 03:16:54.616990,3165455,6.7,1.8
2021-07-30 03:16:54.616990,3165295,0.0,0.0
2021-07-30 03:16:54.775824,3165295,0.0,0.0
2021-07-30 03:16:54.775824,3165455,0.0,1.8
2021-07-30 03:16:54.934217,3165295,0.0,0.0
2021-07-30 03:16:54.934217,3165455,0.0,1.8
2021-07-30 03:16:55.092697,3165295,0.0,0.0
2021-07-30 03:16:55.092697,3165455,0.0,1.8
2021-07-30 03:16:55.251224,3165295,0.0,0.0
2021-07-30 03:16:55.251224,3165455,0.0,1.8
2021-07-30 03:16:55.409255,3165295,0.0,0.0
2021-07-30 03:16:55.409255,3165455,0.0,1.8
2021-07-30 03:16:55.567654,3165295,0.0,0.0
2021-07-30 03:16:55.567654,3165455,0.0,1.8
2021-07-30 03:16:55.726330,3165295,0.0,0.0
2021-07-30 03:16:55.726330,3165455,0.0,1.8
2021-07-30 03:16:55.884811,3165295,0.0,0.0
2021-07-30 03:16:55.884811,3165455,0.0,1.8
2021-07-30 03:16:56.042975,3165295,0.0,0.0
2021-07-30 03:16:56.042975,3165455,0.0,1.8
2021-07-30 03:16:56.201456,3165295,0.0,0.0
2021-07-30 03:16:56.201456,3165455,0.0,1.8
2021-07-30 03:16:56.357833,3165295,0.0,0.0
2021-07-30 03:16:56.357833,3165455,0.0,1.8
2021-07-30 03:16:56.516887,3165295,0.0,0.0
2021-07-30 03:16:56.516887,3165455,0.0,1.8
2021-07-30 03:16:56.675539,3165295,0.0,0.0
2021-07-30 03:16:56.675539,3165455,0.0,1.8
2021-07-30 03:16:56.834688,3165295,0.0,0.0
2021-07-30 03:16:56.834688,3165455,0.0,1.8
2021-07-30 03:16:56.993335,3165295,0.0,0.0
2021-07-30 03:16:56.993335,3165455,0.0,1.8
2021-07-30 03:16:57.152023,3165295,0.0,0.0
2021-07-30 03:16:57.152023,3165455,0.0,1.8
2021-07-30 03:16:57.310630,3165295,0.0,0.0
2021-07-30 03:16:57.310630,3165455,0.0,1.8
2021-07-30 03:16:57.469050,3165295,0.0,0.0
2021-07-30 03:16:57.469050,3165455,0.0,1.8
2021-07-30 03:16:57.626723,3165295,0.0,0.0
2021-07-30 03:16:57.626723,3165455,0.0,1.8
2021-07-30 03:16:57.785351,3165295,0.0,0.0
2021-07-30 03:16:57.785351,3165455,0.0,1.8
2021-07-30 03:16:57.944044,3165455,6.7,1.8
2021-07-30 03:16:57.944044,3165295,0.0,0.0
2021-07-30 03:16:58.102725,3165295,0.0,0.0
2021-07-30 03:16:58.102725,3165455,0.0,1.8
2021-07-30 03:16:58.260749,3165295,0.0,0.0
2021-07-30 03:16:58.260749,3165455,0.0,1.8
2021-07-30 03:16:58.416538,3165295,0.0,0.0
2021-07-30 03:16:58.416538,3165455,0.0,1.8
2021-07-30 03:16:58.574118,3165295,0.0,0.0
2021-07-30 03:16:58.574118,3165455,0.0,1.8
2021-07-30 03:16:58.732537,3165295,0.0,0.0
2021-07-30 03:16:58.732537,3165455,0.0,1.8
2021-07-30 03:16:58.890883,3165295,0.0,0.0
2021-07-30 03:16:58.890883,3165455,0.0,1.8
2021-07-30 03:16:59.049938,3165295,0.0,0.0
2021-07-30 03:16:59.049938,3165455,0.0,1.8
2021-07-30 03:16:59.208245,3165295,0.0,0.0
2021-07-30 03:16:59.208245,3165455,0.0,1.8
2021-07-30 03:16:59.365474,3165295,0.0,0.0
2021-07-30 03:16:59.365474,3165455,0.0,1.8
2021-07-30 03:16:59.521018,3165295,0.0,0.0
2021-07-30 03:16:59.521018,3165455,0.0,1.8
2021-07-30 03:16:59.678149,3165295,0.0,0.0
2021-07-30 03:16:59.678149,3165455,0.0,1.8
2021-07-30 03:16:59.835145,3165295,0.0,0.0
2021-07-30 03:16:59.835145,3165455,0.0,1.8
2021-07-30 03:16:59.992065,3165295,0.0,0.0
2021-07-30 03:16:59.992065,3165455,0.0,1.8
2021-07-30 03:17:00.148743,3165295,0.0,0.0
2021-07-30 03:17:00.148743,3165455,0.0,1.8
2021-07-30 03:17:00.305109,3165295,0.0,0.0
2021-07-30 03:17:00.305109,3165455,0.0,1.8
2021-07-30 03:17:00.459677,3165295,0.0,0.0
2021-07-30 03:17:00.459677,3165455,0.0,1.8
2021-07-30 03:17:00.617241,3165295,0.0,0.0
2021-07-30 03:17:00.617241,3165455,0.0,1.8
2021-07-30 03:17:00.773225,3165295,0.0,0.0
2021-07-30 03:17:00.773225,3165455,0.0,1.8
2021-07-30 03:17:00.928694,3165295,0.0,0.0
2021-07-30 03:17:00.928694,3165455,0.0,1.8
2021-07-30 03:17:01.083494,3165295,0.0,0.0
2021-07-30 03:17:01.083494,3165455,0.0,1.8
2021-07-30 03:17:01.238233,3165295,0.0,0.0
2021-07-30 03:17:01.238233,3165455,0.0,1.8
2021-07-30 03:17:01.392804,3165295,0.0,0.0
2021-07-30 03:17:01.392804,3165455,0.0,1.8
2021-07-30 03:17:01.546632,3165295,0.0,0.0
2021-07-30 03:17:01.546632,3165455,0.0,1.8
2021-07-30 03:17:01.700856,3165295,0.0,0.0
2021-07-30 03:17:01.700856,3165455,0.0,1.8
2021-07-30 03:17:01.857528,3165295,0.0,0.0
2021-07-30 03:17:01.857528,3165455,0.0,1.8
2021-07-30 03:17:02.015901,3165295,0.0,0.0
2021-07-30 03:17:02.015901,3165455,0.0,1.8
2021-07-30 03:17:02.175489,3165295,0.0,0.0
2021-07-30 03:17:02.175489,3165455,0.0,1.8
2021-07-30 03:17:02.335642,3165295,0.0,0.0
2021-07-30 03:17:02.335642,3165455,0.0,1.8
2021-07-30 03:17:02.495500,3165295,0.0,0.0
2021-07-30 03:17:02.495500,3165455,0.0,1.8
2021-07-30 03:17:02.655130,3165295,0.0,0.0
2021-07-30 03:17:02.655130,3165455,0.0,1.8
2021-07-30 03:17:02.813725,3165295,0.0,0.0
2021-07-30 03:17:02.813725,3165455,0.0,1.8
2021-07-30 03:17:02.968205,3165295,0.0,0.0
2021-07-30 03:17:02.968205,3165455,0.0,1.8
2021-07-30 03:17:03.122667,3165295,0.0,0.0
2021-07-30 03:17:03.122667,3165455,0.0,1.8
2021-07-30 03:17:03.277193,3165295,0.0,0.0
2021-07-30 03:17:03.277193,3165455,0.0,1.8
2021-07-30 03:17:03.431057,3165295,0.0,0.0
2021-07-30 03:17:03.431057,3165455,0.0,1.8
2021-07-30 03:17:03.585060,3165295,0.0,0.0
2021-07-30 03:17:03.585060,3165455,0.0,1.8
2021-07-30 03:17:03.740311,3165295,0.0,0.0
2021-07-30 03:17:03.740311,3165455,0.0,1.8
2021-07-30 03:17:03.894482,3165295,0.0,0.0
2021-07-30 03:17:03.894482,3165455,0.0,1.8
2021-07-30 03:17:04.048829,3165455,6.7,1.8
2021-07-30 03:17:04.048829,3165295,0.0,0.0
2021-07-30 03:17:04.203205,3165295,0.0,0.0
2021-07-30 03:17:04.203205,3165455,0.0,1.8
2021-07-30 03:17:04.357225,3165295,0.0,0.0
2021-07-30 03:17:04.357225,3165455,0.0,1.8
2021-07-30 03:17:04.511239,3165295,0.0,0.0
2021-07-30 03:17:04.511239,3165455,0.0,1.8
2021-07-30 03:17:04.665182,3165295,0.0,0.0
2021-07-30 03:17:04.665182,3165455,0.0,1.8
2021-07-30 03:17:04.819274,3165295,0.0,0.0
2021-07-30 03:17:04.819274,3165455,0.0,1.8
2021-07-30 03:17:04.973000,3165295,0.0,0.0
2021-07-30 03:17:04.973000,3165455,0.0,1.8
2021-07-30 03:17:05.126756,3165295,0.0,0.0
2021-07-30 03:17:05.126756,3165455,0.0,1.8
2021-07-30 03:17:05.281104,3165295,0.0,0.0
2021-07-30 03:17:05.281104,3165455,0.0,1.8
2021-07-30 03:17:05.437664,3165295,0.0,0.0
2021-07-30 03:17:05.437664,3165455,0.0,1.8
2021-07-30 03:17:05.595150,3165295,0.0,0.0
2021-07-30 03:17:05.595150,3165455,0.0,1.8
2021-07-30 03:17:05.752782,3165295,0.0,0.0
2021-07-30 03:17:05.752782,3165455,0.0,1.8
2021-07-30 03:17:05.909569,3165295,0.0,0.0
2021-07-30 03:17:05.909569,3165455,0.0,1.8
2021-07-30 03:17:06.067581,3165295,0.0,0.0
2021-07-30 03:17:06.067581,3165455,0.0,1.8
2021-07-30 03:17:06.223550,3165295,0.0,0.0
2021-07-30 03:17:06.223550,3165455,0.0,1.8
2021-07-30 03:17:06.380978,3165295,0.0,0.0
2021-07-30 03:17:06.380978,3165455,0.0,1.8
2021-07-30 03:17:06.538127,3165295,0.0,0.0
2021-07-30 03:17:06.538127,3165455,0.0,1.8
2021-07-30 03:17:06.695134,3165295,0.0,0.0
2021-07-30 03:17:06.695134,3165455,0.0,1.8
2021-07-30 03:17:06.852712,3165295,0.0,0.0
2021-07-30 03:17:06.852712,3165455,0.0,1.8
2021-07-30 03:17:07.010053,3165295,0.0,0.0
2021-07-30 03:17:07.010053,3165455,0.0,1.8
2021-07-30 03:17:07.164503,3165295,0.0,0.0
2021-07-30 03:17:07.164503,3165455,0.0,1.8
2021-07-30 03:17:07.320592,3165295,0.0,0.0
2021-07-30 03:17:07.320592,3165455,0.0,1.8
2021-07-30 03:17:07.474665,3165295,0.0,0.0
2021-07-30 03:17:07.474665,3165455,0.0,1.8
2021-07-30 03:17:07.628303,3165295,0.0,0.0
2021-07-30 03:17:07.628303,3165455,0.0,1.8
2021-07-30 03:17:07.782137,3165295,0.0,0.0
2021-07-30 03:17:07.782137,3165455,0.0,1.8
2021-07-30 03:17:07.935887,3165295,0.0,0.0
2021-07-30 03:17:07.935887,3165455,0.0,1.8
2021-07-30 03:17:08.089602,3165295,0.0,0.0
2021-07-30 03:17:08.089602,3165455,0.0,1.8
2021-07-30 03:17:08.243256,3165295,0.0,0.0
2021-07-30 03:17:08.243256,3165455,0.0,1.8
2021-07-30 03:17:08.397093,3165295,0.0,0.0
2021-07-30 03:17:08.397093,3165455,0.0,1.8
2021-07-30 03:17:08.550996,3165295,0.0,0.0
2021-07-30 03:17:08.550996,3165455,0.0,1.8
2021-07-30 03:17:08.705372,3165295,0.0,0.0
2021-07-30 03:17:08.705372,3165455,0.0,1.8
2021-07-30 03:17:08.863766,3165295,0.0,0.0
2021-07-30 03:17:08.863766,3165455,0.0,1.8
2021-07-30 03:17:09.022525,3165295,0.0,0.0
2021-07-30 03:17:09.022525,3165455,0.0,1.8
2021-07-30 03:17:09.180931,3165455,6.7,1.8
2021-07-30 03:17:09.180931,3165295,0.0,0.0
2021-07-30 03:17:09.338507,3165295,0.0,0.0
2021-07-30 03:17:09.338507,3165455,0.0,1.8
2021-07-30 03:17:09.493287,3165295,0.0,0.0
2021-07-30 03:17:09.493287,3165455,0.0,1.8
2021-07-30 03:17:09.650399,3165295,0.0,0.0
2021-07-30 03:17:09.650399,3165455,0.0,1.8
2021-07-30 03:17:09.806443,3165455,6.7,1.8
2021-07-30 03:17:09.806443,3165295,0.0,0.0
2021-07-30 03:17:09.964999,3165295,0.0,0.0
2021-07-30 03:17:09.964999,3165455,0.0,1.8
2021-07-30 03:17:10.123570,3165295,0.0,0.0
2021-07-30 03:17:10.123570,3165455,0.0,1.8
2021-07-30 03:17:10.282268,3165295,0.0,0.0
2021-07-30 03:17:10.282268,3165455,0.0,1.8
2021-07-30 03:17:10.441232,3165295,0.0,0.0
2021-07-30 03:17:10.441232,3165455,0.0,1.8
2021-07-30 03:17:10.600029,3165295,0.0,0.0
2021-07-30 03:17:10.600029,3165455,0.0,1.8
2021-07-30 03:17:10.758203,3165295,0.0,0.0
2021-07-30 03:17:10.758203,3165455,0.0,1.8
2021-07-30 03:17:10.916450,3165295,0.0,0.0
2021-07-30 03:17:10.916450,3165455,0.0,1.8
2021-07-30 03:17:11.075212,3165295,0.0,0.0
2021-07-30 03:17:11.075212,3165455,0.0,1.8
2021-07-30 03:17:11.233684,3165295,0.0,0.0
2021-07-30 03:17:11.233684,3165455,0.0,1.8
2021-07-30 03:17:11.391512,3165295,0.0,0.0
2021-07-30 03:17:11.391512,3165455,0.0,1.8
2021-07-30 03:17:11.545944,3165295,0.0,0.0
2021-07-30 03:17:11.545944,3165455,0.0,1.8
2021-07-30 03:17:11.700820,3165295,0.0,0.0
2021-07-30 03:17:11.700820,3165455,0.0,1.8
2021-07-30 03:17:11.855454,3165295,0.0,0.0
2021-07-30 03:17:11.855454,3165455,0.0,1.8
2021-07-30 03:17:12.010170,3165295,0.0,0.0
2021-07-30 03:17:12.010170,3165455,0.0,1.8
2021-07-30 03:17:12.164838,3165295,0.0,0.0
2021-07-30 03:17:12.164838,3165455,0.0,1.8
2021-07-30 03:17:12.319281,3165295,0.0,0.0
2021-07-30 03:17:12.319281,3165455,0.0,1.8
2021-07-30 03:17:12.473712,3165295,0.0,0.0
2021-07-30 03:17:12.473712,3165455,0.0,1.8
2021-07-30 03:17:12.627508,3165295,0.0,0.0
2021-07-30 03:17:12.627508,3165455,0.0,1.8
2021-07-30 03:17:12.781288,3165295,0.0,0.0
2021-07-30 03:17:12.781288,3165455,0.0,1.8
2021-07-30 03:17:12.935148,3165295,0.0,0.0
2021-07-30 03:17:12.935148,3165455,0.0,1.8
2021-07-30 03:17:13.088990,3165295,0.0,0.0
2021-07-30 03:17:13.088990,3165455,0.0,1.8
2021-07-30 03:17:13.242894,3165295,0.0,0.0
2021-07-30 03:17:13.242894,3165455,0.0,1.8
2021-07-30 03:17:13.397401,3165295,0.0,0.0
2021-07-30 03:17:13.397401,3165455,0.0,1.8
2021-07-30 03:17:13.551223,3165295,0.0,0.0
2021-07-30 03:17:13.551223,3165455,0.0,1.8
2021-07-30 03:17:13.704878,3165295,0.0,0.0
2021-07-30 03:17:13.704878,3165455,0.0,1.8
2021-07-30 03:17:13.858478,3165295,0.0,0.0
2021-07-30 03:17:13.858478,3165455,0.0,1.8
2021-07-30 03:17:14.012152,3165295,0.0,0.0
2021-07-30 03:17:14.012152,3165455,0.0,1.8
2021-07-30 03:17:14.165834,3165295,0.0,0.0
2021-07-30 03:17:14.165834,3165455,0.0,1.8
2021-07-30 03:17:14.319681,3165295,0.0,0.0
2021-07-30 03:17:14.319681,3165455,0.0,1.8
2021-07-30 03:17:14.473583,3165295,0.0,0.0
2021-07-30 03:17:14.473583,3165455,0.0,1.8
2021-07-30 03:17:14.627883,3165295,0.0,0.0
2021-07-30 03:17:14.627883,3165455,0.0,1.8
2021-07-30 03:17:14.782369,3165295,0.0,0.0
2021-07-30 03:17:14.782369,3165455,0.0,1.8
2021-07-30 03:17:14.936632,3165295,0.0,0.0
2021-07-30 03:17:14.936632,3165455,0.0,1.8
2021-07-30 03:17:15.090846,3165295,0.0,0.0
2021-07-30 03:17:15.090846,3165455,0.0,1.8
2021-07-30 03:17:15.245119,3165295,0.0,0.0
2021-07-30 03:17:15.245119,3165455,0.0,1.8
2021-07-30 03:17:15.399532,3165295,0.0,0.0
2021-07-30 03:17:15.399532,3165455,0.0,1.8
2021-07-30 03:17:15.553847,3165295,0.0,0.0
2021-07-30 03:17:15.553847,3165455,0.0,1.8
2021-07-30 03:17:15.708627,3165295,0.0,0.0
2021-07-30 03:17:15.708627,3165455,0.0,1.8
2021-07-30 03:17:15.863525,3165295,0.0,0.0
2021-07-30 03:17:15.863525,3165455,0.0,1.8
2021-07-30 03:17:16.018446,3165295,0.0,0.0
2021-07-30 03:17:16.018446,3165455,0.0,1.8
2021-07-30 03:17:16.173310,3165295,0.0,0.0
2021-07-30 03:17:16.173310,3165455,0.0,1.8
2021-07-30 03:17:16.328003,3165295,0.0,0.0
2021-07-30 03:17:16.328003,3165455,0.0,1.8
2021-07-30 03:17:16.482666,3165295,0.0,0.0
2021-07-30 03:17:16.482666,3165455,0.0,1.8
2021-07-30 03:17:16.636693,3165295,0.0,0.0
2021-07-30 03:17:16.636693,3165455,0.0,1.8
2021-07-30 03:17:16.791689,3165295,0.0,0.0
2021-07-30 03:17:16.791689,3165455,0.0,1.8
2021-07-30 03:17:16.950709,3165295,0.0,0.0
2021-07-30 03:17:16.950709,3165455,0.0,1.8
2021-07-30 03:17:17.109280,3165295,0.0,0.0
2021-07-30 03:17:17.109280,3165455,0.0,1.8
2021-07-30 03:17:17.267903,3165295,0.0,0.0
2021-07-30 03:17:17.267903,3165455,0.0,1.8
2021-07-30 03:17:17.425422,3165455,6.7,1.8
2021-07-30 03:17:17.425422,3165295,0.0,0.0
2021-07-30 03:17:17.580223,3165295,0.0,0.0
2021-07-30 03:17:17.580223,3165455,0.0,1.8
2021-07-30 03:17:17.738911,3165295,0.0,0.0
2021-07-30 03:17:17.738911,3165455,0.0,1.8
2021-07-30 03:17:17.896800,3165295,0.0,0.0
2021-07-30 03:17:17.896800,3165455,0.0,1.8
2021-07-30 03:17:18.054656,3165295,0.0,0.0
2021-07-30 03:17:18.054656,3165455,0.0,1.8
2021-07-30 03:17:18.212660,3165295,0.0,0.0
2021-07-30 03:17:18.212660,3165455,0.0,1.8
2021-07-30 03:17:18.370321,3165295,0.0,0.0
2021-07-30 03:17:18.370321,3165455,0.0,1.8
2021-07-30 03:17:18.528718,3165295,0.0,0.0
2021-07-30 03:17:18.528718,3165455,0.0,1.8
2021-07-30 03:17:18.689263,3165295,0.0,0.0
2021-07-30 03:17:18.689263,3165455,0.0,1.8
2021-07-30 03:17:18.848950,3165455,6.7,1.8
2021-07-30 03:17:18.848950,3165295,0.0,0.0
2021-07-30 03:17:19.008411,3165295,0.0,0.0
2021-07-30 03:17:19.008411,3165455,0.0,1.8
2021-07-30 03:17:19.168060,3165295,0.0,0.0
2021-07-30 03:17:19.168060,3165455,0.0,1.8
2021-07-30 03:17:19.328341,3165295,0.0,0.0
2021-07-30 03:17:19.328341,3165455,0.0,1.8
2021-07-30 03:17:19.487161,3165295,0.0,0.0
2021-07-30 03:17:19.487161,3165455,0.0,1.8
2021-07-30 03:17:19.645145,3165295,0.0,0.0
2021-07-30 03:17:19.645145,3165455,0.0,1.8
2021-07-30 03:17:19.804438,3165295,0.0,0.0
2021-07-30 03:17:19.804438,3165455,0.0,1.8
2021-07-30 03:17:19.962979,3165295,0.0,0.0
2021-07-30 03:17:19.962979,3165455,0.0,1.8
2021-07-30 03:17:20.122177,3165295,0.0,0.0
2021-07-30 03:17:20.122177,3165455,0.0,1.8
2021-07-30 03:17:20.281247,3165295,0.0,0.0
2021-07-30 03:17:20.281247,3165455,0.0,1.8
2021-07-30 03:17:20.439936,3165295,0.0,0.0
2021-07-30 03:17:20.439936,3165455,0.0,1.8
2021-07-30 03:17:20.597677,3165295,0.0,0.0
2021-07-30 03:17:20.597677,3165455,0.0,1.8
2021-07-30 03:17:20.756307,3165295,0.0,0.0
2021-07-30 03:17:20.756307,3165455,0.0,1.8
2021-07-30 03:17:20.910630,3165295,0.0,0.0
2021-07-30 03:17:20.910630,3165455,0.0,1.8
2021-07-30 03:17:21.065041,3165295,0.0,0.0
2021-07-30 03:17:21.065041,3165455,0.0,1.8
2021-07-30 03:17:21.219295,3165295,0.0,0.0
2021-07-30 03:17:21.219295,3165455,0.0,1.8
2021-07-30 03:17:21.373489,3165295,0.0,0.0
2021-07-30 03:17:21.373489,3165455,0.0,1.8
2021-07-30 03:17:21.527767,3165295,0.0,0.0
2021-07-30 03:17:21.527767,3165455,0.0,1.8
2021-07-30 03:17:21.682190,3165295,0.0,0.0
2021-07-30 03:17:21.682190,3165455,0.0,1.8
2021-07-30 03:17:21.836166,3165295,0.0,0.0
2021-07-30 03:17:21.836166,3165455,0.0,1.8
2021-07-30 03:17:21.990019,3165295,0.0,0.0
2021-07-30 03:17:21.990019,3165455,0.0,1.8
2021-07-30 03:17:22.143839,3165295,0.0,0.0
2021-07-30 03:17:22.143839,3165455,0.0,1.8
2021-07-30 03:17:22.297397,3165295,0.0,0.0
2021-07-30 03:17:22.297397,3165455,0.0,1.8
2021-07-30 03:17:22.450894,3165295,0.0,0.0
2021-07-30 03:17:22.450894,3165455,0.0,1.8
2021-07-30 03:17:22.604926,3165455,6.7,1.8
2021-07-30 03:17:22.604926,3165295,0.0,0.0
2021-07-30 03:17:22.758973,3165295,0.0,0.0
2021-07-30 03:17:22.758973,3165455,0.0,1.8
2021-07-30 03:17:22.912856,3165295,0.0,0.0
2021-07-30 03:17:22.912856,3165455,0.0,1.8
2021-07-30 03:17:23.066868,3165295,0.0,0.0
2021-07-30 03:17:23.066868,3165455,0.0,1.8
2021-07-30 03:17:23.220402,3165295,0.0,0.0
2021-07-30 03:17:23.220402,3165455,0.0,1.8
2021-07-30 03:17:23.374117,3165295,0.0,0.0
2021-07-30 03:17:23.374117,3165455,0.0,1.8
2021-07-30 03:17:23.528131,3165295,0.0,0.0
2021-07-30 03:17:23.528131,3165455,0.0,1.8
2021-07-30 03:17:23.681884,3165295,0.0,0.0
2021-07-30 03:17:23.681884,3165455,0.0,1.8
2021-07-30 03:17:23.835686,3165295,0.0,0.0
2021-07-30 03:17:23.835686,3165455,0.0,1.8
2021-07-30 03:17:23.989403,3165295,0.0,0.0
2021-07-30 03:17:23.989403,3165455,0.0,1.8
2021-07-30 03:17:24.143296,3165295,0.0,0.0
2021-07-30 03:17:24.143296,3165455,0.0,1.8
2021-07-30 03:17:24.296807,3165295,0.0,0.0
2021-07-30 03:17:24.296807,3165455,0.0,1.8
2021-07-30 03:17:24.450610,3165295,0.0,0.0
2021-07-30 03:17:24.450610,3165455,0.0,1.8
2021-07-30 03:17:24.604513,3165295,0.0,0.0
2021-07-30 03:17:24.604513,3165455,0.0,1.8
2021-07-30 03:17:24.760392,3165295,0.0,0.0
2021-07-30 03:17:24.760392,3165455,0.0,1.8
2021-07-30 03:17:24.918545,3165295,0.0,0.0
2021-07-30 03:17:24.918545,3165455,0.0,1.8
2021-07-30 03:17:25.074479,3165295,0.0,0.0
2021-07-30 03:17:25.074479,3165455,0.0,1.8
2021-07-30 03:17:25.229094,3165295,0.0,0.0
2021-07-30 03:17:25.229094,3165455,0.0,1.8
2021-07-30 03:17:25.384422,3165295,0.0,0.0
2021-07-30 03:17:25.384422,3165455,0.0,1.8
2021-07-30 03:17:25.543650,3165295,0.0,0.0
2021-07-30 03:17:25.543650,3165455,0.0,1.8
2021-07-30 03:17:25.703437,3165295,0.0,0.0
2021-07-30 03:17:25.703437,3165455,0.0,1.8
2021-07-30 03:17:25.859124,3165295,0.0,0.0
2021-07-30 03:17:25.859124,3165455,0.0,1.8
2021-07-30 03:17:26.015092,3165295,0.0,0.0
2021-07-30 03:17:26.015092,3165455,0.0,1.8
2021-07-30 03:17:26.171063,3165295,0.0,0.0
2021-07-30 03:17:26.171063,3165455,0.0,1.8
2021-07-30 03:17:26.327343,3165295,0.0,0.0
2021-07-30 03:17:26.327343,3165455,0.0,1.8
2021-07-30 03:17:26.481466,3165295,0.0,0.0
2021-07-30 03:17:26.481466,3165455,0.0,1.8
2021-07-30 03:17:26.636231,3165295,0.0,0.0
2021-07-30 03:17:26.636231,3165455,0.0,1.8
2021-07-30 03:17:26.794315,3165295,0.0,0.0
2021-07-30 03:17:26.794315,3165455,0.0,1.8
2021-07-30 03:17:26.952759,3165295,0.0,0.0
2021-07-30 03:17:26.952759,3165455,0.0,1.8
2021-07-30 03:17:27.110427,3165295,0.0,0.0
2021-07-30 03:17:27.110427,3165455,0.0,1.8
2021-07-30 03:17:27.267545,3165295,0.0,0.0
2021-07-30 03:17:27.267545,3165455,0.0,1.8
2021-07-30 03:17:27.423953,3165295,0.0,0.0
2021-07-30 03:17:27.423953,3165455,0.0,1.8
2021-07-30 03:17:27.580034,3165295,0.0,0.0
2021-07-30 03:17:27.580034,3165455,0.0,1.8
2021-07-30 03:17:27.734638,3165295,0.0,0.0
2021-07-30 03:17:27.734638,3165455,0.0,1.8
2021-07-30 03:17:27.889715,3165295,0.0,0.0
2021-07-30 03:17:27.889715,3165455,0.0,1.8
2021-07-30 03:17:28.045108,3165295,0.0,0.0
2021-07-30 03:17:28.045108,3165455,0.0,1.8
2021-07-30 03:17:28.200587,3165295,0.0,0.0
2021-07-30 03:17:28.200587,3165455,0.0,1.8
2021-07-30 03:17:28.356454,3165295,0.0,0.0
2021-07-30 03:17:28.356454,3165455,0.0,1.8
2021-07-30 03:17:28.514422,3165295,0.0,0.0
2021-07-30 03:17:28.514422,3165455,0.0,1.8
2021-07-30 03:17:28.670349,3165295,0.0,0.0
2021-07-30 03:17:28.670349,3165455,0.0,1.8
2021-07-30 03:17:28.826094,3165295,0.0,0.0
2021-07-30 03:17:28.826094,3165455,0.0,1.8
2021-07-30 03:17:28.980454,3165295,0.0,0.0
2021-07-30 03:17:28.980454,3165455,0.0,1.8
2021-07-30 03:17:29.136967,3165295,0.0,0.0
2021-07-30 03:17:29.136967,3165455,0.0,1.8
2021-07-30 03:17:29.291027,3165295,0.0,0.0
2021-07-30 03:17:29.291027,3165455,0.0,1.8
2021-07-30 03:17:29.445626,3165295,0.0,0.0
2021-07-30 03:17:29.445626,3165455,0.0,1.8
2021-07-30 03:17:29.603249,3165295,0.0,0.0
2021-07-30 03:17:29.603249,3165455,0.0,1.8
2021-07-30 03:17:29.760578,3165295,0.0,0.0
2021-07-30 03:17:29.760578,3165455,0.0,1.8
2021-07-30 03:17:29.918018,3165295,0.0,0.0
2021-07-30 03:17:29.918018,3165455,0.0,1.8
2021-07-30 03:17:30.073309,3165295,0.0,0.0
2021-07-30 03:17:30.073309,3165455,0.0,1.8
2021-07-30 03:17:30.230434,3165295,0.0,0.0
2021-07-30 03:17:30.230434,3165455,0.0,1.8
2021-07-30 03:17:30.387291,3165295,0.0,0.0
2021-07-30 03:17:30.387291,3165455,0.0,1.8
2021-07-30 03:17:30.545196,3165295,0.0,0.0
2021-07-30 03:17:30.545196,3165455,0.0,1.8
2021-07-30 03:17:30.703997,3165295,0.0,0.0
2021-07-30 03:17:30.703997,3165455,0.0,1.8
2021-07-30 03:17:30.862785,3165295,0.0,0.0
2021-07-30 03:17:30.862785,3165455,0.0,1.8
2021-07-30 03:17:31.021811,3165295,0.0,0.0
2021-07-30 03:17:31.021811,3165455,0.0,1.8
2021-07-30 03:17:31.179487,3165295,0.0,0.0
2021-07-30 03:17:31.179487,3165455,0.0,1.8
2021-07-30 03:17:31.336633,3165295,0.0,0.0
2021-07-30 03:17:31.336633,3165455,0.0,1.8
2021-07-30 03:17:31.493527,3165295,0.0,0.0
2021-07-30 03:17:31.493527,3165455,0.0,1.8
2021-07-30 03:17:31.651754,3165455,6.7,1.8
2021-07-30 03:17:31.651754,3165295,0.0,0.0
2021-07-30 03:17:31.810729,3165295,0.0,0.0
2021-07-30 03:17:31.810729,3165455,0.0,1.8
2021-07-30 03:17:31.968427,3165295,0.0,0.0
2021-07-30 03:17:31.968427,3165455,0.0,1.8
2021-07-30 03:17:32.126102,3165295,0.0,0.0
2021-07-30 03:17:32.126102,3165455,0.0,1.8
2021-07-30 03:17:32.282727,3165295,0.0,0.0
2021-07-30 03:17:32.282727,3165455,0.0,1.8
2021-07-30 03:17:32.440517,3165295,0.0,0.0
2021-07-30 03:17:32.440517,3165455,0.0,1.8
2021-07-30 03:17:32.597407,3165295,0.0,0.0
2021-07-30 03:17:32.597407,3165455,0.0,1.8
2021-07-30 03:17:32.752168,3165295,0.0,0.0
2021-07-30 03:17:32.752168,3165455,0.0,1.8
2021-07-30 03:17:32.910762,3165295,0.0,0.0
2021-07-30 03:17:32.910762,3165455,0.0,1.8
2021-07-30 03:17:33.067574,3165295,0.0,0.0
2021-07-30 03:17:33.067574,3165455,0.0,1.8
2021-07-30 03:17:33.224699,3165295,0.0,0.0
2021-07-30 03:17:33.224699,3165455,0.0,1.8
2021-07-30 03:17:33.380674,3165295,0.0,0.0
2021-07-30 03:17:33.380674,3165455,0.0,1.8
2021-07-30 03:17:33.537656,3165295,0.0,0.0
2021-07-30 03:17:33.537656,3165455,0.0,1.8
2021-07-30 03:17:33.694445,3165295,0.0,0.0
2021-07-30 03:17:33.694445,3165455,0.0,1.8
2021-07-30 03:17:33.850225,3165295,0.0,0.0
2021-07-30 03:17:33.850225,3165455,0.0,1.8
2021-07-30 03:17:34.005812,3165295,0.0,0.0
2021-07-30 03:17:34.005812,3165455,0.0,1.8
2021-07-30 03:17:34.164527,3165295,0.0,0.0
2021-07-30 03:17:34.164527,3165455,0.0,1.8
2021-07-30 03:17:34.322846,3165295,0.0,0.0
2021-07-30 03:17:34.322846,3165455,0.0,1.8
2021-07-30 03:17:34.480788,3165295,0.0,0.0
2021-07-30 03:17:34.480788,3165455,0.0,1.8
2021-07-30 03:17:34.640221,3165295,0.0,0.0
2021-07-30 03:17:34.640221,3165455,0.0,1.8
2021-07-30 03:17:34.797978,3165295,0.0,0.0
2021-07-30 03:17:34.797978,3165455,0.0,1.8
2021-07-30 03:17:34.956925,3165295,0.0,0.0
2021-07-30 03:17:34.956925,3165455,0.0,1.8
2021-07-30 03:17:35.114692,3165295,0.0,0.0
2021-07-30 03:17:35.114692,3165455,0.0,1.8
2021-07-30 03:17:35.273989,3165455,6.7,1.8
2021-07-30 03:17:35.273989,3165295,0.0,0.0
2021-07-30 03:17:35.433046,3165295,0.0,0.0
2021-07-30 03:17:35.433046,3165455,0.0,1.8
2021-07-30 03:17:35.590614,3165295,0.0,0.0
2021-07-30 03:17:35.590614,3165455,0.0,1.8
2021-07-30 03:17:35.749871,3165295,0.0,0.0
2021-07-30 03:17:35.749871,3165455,0.0,1.8
2021-07-30 03:17:35.908063,3165295,0.0,0.0
2021-07-30 03:17:35.908063,3165455,0.0,1.8
2021-07-30 03:17:36.067411,3165295,0.0,0.0
2021-07-30 03:17:36.067411,3165455,0.0,1.8
2021-07-30 03:17:36.226109,3165295,0.0,0.0
2021-07-30 03:17:36.226109,3165455,0.0,1.8
2021-07-30 03:17:36.385251,3165295,0.0,0.0
2021-07-30 03:17:36.385251,3165455,0.0,1.8
2021-07-30 03:17:36.544418,3165295,0.0,0.0
2021-07-30 03:17:36.544418,3165455,0.0,1.8
2021-07-30 03:17:36.703460,3165295,0.0,0.0
2021-07-30 03:17:36.703460,3165455,0.0,1.8
2021-07-30 03:17:36.861324,3165295,0.0,0.0
2021-07-30 03:17:36.861324,3165455,0.0,1.8
2021-07-30 03:17:37.020213,3165295,0.0,0.0
2021-07-30 03:17:37.020213,3165455,0.0,1.8
2021-07-30 03:17:37.179178,3165295,0.0,0.0
2021-07-30 03:17:37.179178,3165455,0.0,1.8
2021-07-30 03:17:37.337622,3165295,0.0,0.0
2021-07-30 03:17:37.337622,3165455,0.0,1.8
2021-07-30 03:17:37.496328,3165295,0.0,0.0
2021-07-30 03:17:37.496328,3165455,0.0,1.8
2021-07-30 03:17:37.653861,3165295,0.0,0.0
2021-07-30 03:17:37.653861,3165455,0.0,1.8
2021-07-30 03:17:37.808445,3165295,0.0,0.0
2021-07-30 03:17:37.808445,3165455,0.0,1.8
2021-07-30 03:17:37.967162,3165295,0.0,0.0
2021-07-30 03:17:37.967162,3165455,0.0,1.8
2021-07-30 03:17:38.125820,3165295,0.0,0.0
2021-07-30 03:17:38.125820,3165455,0.0,1.8
2021-07-30 03:17:38.284195,3165295,0.0,0.0
2021-07-30 03:17:38.284195,3165455,0.0,1.8
2021-07-30 03:17:38.442311,3165295,0.0,0.0
2021-07-30 03:17:38.442311,3165455,0.0,1.8
2021-07-30 03:17:38.600707,3165295,0.0,0.0
2021-07-30 03:17:38.600707,3165455,0.0,1.8
2021-07-30 03:17:38.759438,3165295,0.0,0.0
2021-07-30 03:17:38.759438,3165455,0.0,1.8
2021-07-30 03:17:38.917347,3165455,6.7,1.8
2021-07-30 03:17:38.917347,3165295,0.0,0.0
2021-07-30 03:17:39.075891,3165295,0.0,0.0
2021-07-30 03:17:39.075891,3165455,0.0,1.8
2021-07-30 03:17:39.234654,3165295,0.0,0.0
2021-07-30 03:17:39.234654,3165455,0.0,1.8
2021-07-30 03:17:39.393211,3165295,0.0,0.0
2021-07-30 03:17:39.393211,3165455,0.0,1.8
2021-07-30 03:17:39.551940,3165295,0.0,0.0
2021-07-30 03:17:39.551940,3165455,0.0,1.8
2021-07-30 03:17:39.709948,3165295,0.0,0.0
2021-07-30 03:17:39.709948,3165455,0.0,1.8
2021-07-30 03:17:39.865092,3165295,0.0,0.0
2021-07-30 03:17:39.865092,3165455,0.0,1.8
2021-07-30 03:17:40.024371,3165295,0.0,0.0
2021-07-30 03:17:40.024371,3165455,0.0,1.8
2021-07-30 03:17:40.184036,3165295,0.0,0.0
2021-07-30 03:17:40.184036,3165455,0.0,1.8
2021-07-30 03:17:40.342752,3165295,0.0,0.0
2021-07-30 03:17:40.342752,3165455,0.0,1.8
2021-07-30 03:17:40.501213,3165295,0.0,0.0
2021-07-30 03:17:40.501213,3165455,0.0,1.8
2021-07-30 03:17:40.659980,3165295,0.0,0.0
2021-07-30 03:17:40.659980,3165455,0.0,1.8
2021-07-30 03:17:40.818605,3165295,0.0,0.0
2021-07-30 03:17:40.818605,3165455,0.0,1.8
2021-07-30 03:17:40.976961,3165295,0.0,0.0
2021-07-30 03:17:40.976961,3165455,0.0,1.8
2021-07-30 03:17:41.135778,3165295,0.0,0.0
2021-07-30 03:17:41.135778,3165455,0.0,1.8
2021-07-30 03:17:41.294539,3165295,0.0,0.0
2021-07-30 03:17:41.294539,3165455,0.0,1.8
2021-07-30 03:17:41.453072,3165295,0.0,0.0
2021-07-30 03:17:41.453072,3165455,0.0,1.8
2021-07-30 03:17:41.611846,3165295,0.0,0.0
2021-07-30 03:17:41.611846,3165455,0.0,1.8
2021-07-30 03:17:41.770118,3165295,0.0,0.0
2021-07-30 03:17:41.770118,3165455,0.0,1.8
2021-07-30 03:17:41.927350,3165295,0.0,0.0
2021-07-30 03:17:41.927350,3165455,0.0,1.8
2021-07-30 03:17:42.083912,3165295,0.0,0.0
2021-07-30 03:17:42.083912,3165455,0.0,1.8
2021-07-30 03:17:42.240237,3165295,0.0,0.0
2021-07-30 03:17:42.240237,3165455,0.0,1.8
2021-07-30 03:17:42.394891,3165295,0.0,0.0
2021-07-30 03:17:42.394891,3165455,0.0,1.8
2021-07-30 03:17:42.549634,3165295,0.0,0.0
2021-07-30 03:17:42.549634,3165455,0.0,1.8
2021-07-30 03:17:42.705688,3165295,0.0,0.0
2021-07-30 03:17:42.705688,3165455,0.0,1.8
2021-07-30 03:17:42.859816,3165295,0.0,0.0
2021-07-30 03:17:42.859816,3165455,0.0,1.8
2021-07-30 03:17:43.013543,3165295,0.0,0.0
2021-07-30 03:17:43.013543,3165455,0.0,1.8
2021-07-30 03:17:43.167343,3165295,0.0,0.0
2021-07-30 03:17:43.167343,3165455,0.0,1.8
2021-07-30 03:17:43.321026,3165295,0.0,0.0
2021-07-30 03:17:43.321026,3165455,0.0,1.8
2021-07-30 03:17:43.474668,3165295,0.0,0.0
2021-07-30 03:17:43.474668,3165455,0.0,1.8
2021-07-30 03:17:43.628943,3165295,0.0,0.0
2021-07-30 03:17:43.628943,3165455,0.0,1.8
2021-07-30 03:17:43.783056,3165295,0.0,0.0
2021-07-30 03:17:43.783056,3165455,0.0,1.8
2021-07-30 03:17:43.936771,3165295,0.0,0.0
2021-07-30 03:17:43.936771,3165455,0.0,1.8
2021-07-30 03:17:44.090767,3165295,0.0,0.0
2021-07-30 03:17:44.090767,3165455,0.0,1.8
2021-07-30 03:17:44.244322,3165295,0.0,0.0
2021-07-30 03:17:44.244322,3165455,0.0,1.8
2021-07-30 03:17:44.398729,3165295,0.0,0.0
2021-07-30 03:17:44.398729,3165455,0.0,1.8
2021-07-30 03:17:44.556279,3165295,0.0,0.0
2021-07-30 03:17:44.556279,3165455,0.0,1.8
2021-07-30 03:17:44.712623,3165295,0.0,0.0
2021-07-30 03:17:44.712623,3165455,0.0,1.8
2021-07-30 03:17:44.871270,3165295,0.0,0.0
2021-07-30 03:17:44.871270,3165455,0.0,1.8
2021-07-30 03:17:45.027227,3165455,6.7,1.8
2021-07-30 03:17:45.027227,3165295,0.0,0.0
2021-07-30 03:17:45.183813,3165295,0.0,0.0
2021-07-30 03:17:45.183813,3165455,0.0,1.8
2021-07-30 03:17:45.341571,3165295,0.0,0.0
2021-07-30 03:17:45.341571,3165455,0.0,1.8
2021-07-30 03:17:45.497521,3165295,0.0,0.0
2021-07-30 03:17:45.497521,3165455,0.0,1.8
2021-07-30 03:17:45.653051,3165295,0.0,0.0
2021-07-30 03:17:45.653051,3165455,0.0,1.8
2021-07-30 03:17:45.808603,3165295,0.0,0.0
2021-07-30 03:17:45.808603,3165455,0.0,1.8
2021-07-30 03:17:45.963873,3165295,0.0,0.0
2021-07-30 03:17:45.963873,3165455,0.0,1.8
2021-07-30 03:17:46.118176,3165295,0.0,0.0
2021-07-30 03:17:46.118176,3165455,0.0,1.8
2021-07-30 03:17:46.272406,3165295,0.0,0.0
2021-07-30 03:17:46.272406,3165455,0.0,1.8
2021-07-30 03:17:46.426670,3165295,0.0,0.0
2021-07-30 03:17:46.426670,3165455,0.0,1.8
2021-07-30 03:17:46.580972,3165295,0.0,0.0
2021-07-30 03:17:46.580972,3165455,0.0,1.8
2021-07-30 03:17:46.735230,3165295,0.0,0.0
2021-07-30 03:17:46.735230,3165455,0.0,1.8
2021-07-30 03:17:46.889482,3165295,0.0,0.0
2021-07-30 03:17:46.889482,3165455,0.0,1.8
2021-07-30 03:17:47.043682,3165295,0.0,0.0
2021-07-30 03:17:47.043682,3165455,0.0,1.8
2021-07-30 03:17:47.198575,3165295,0.0,0.0
2021-07-30 03:17:47.198575,3165455,0.0,1.8
2021-07-30 03:17:47.353388,3165295,0.0,0.0
2021-07-30 03:17:47.353388,3165455,0.0,1.8
2021-07-30 03:17:47.508321,3165295,0.0,0.0
2021-07-30 03:17:47.508321,3165455,0.0,1.8
2021-07-30 03:17:47.662888,3165295,0.0,0.0
2021-07-30 03:17:47.662888,3165455,0.0,1.8
2021-07-30 03:17:47.820293,3165295,0.0,0.0
2021-07-30 03:17:47.820293,3165455,0.0,1.8
2021-07-30 03:17:47.978173,3165295,0.0,0.0
2021-07-30 03:17:47.978173,3165455,0.0,1.8
2021-07-30 03:17:48.138050,3165295,0.0,0.0
2021-07-30 03:17:48.138050,3165455,0.0,1.8
2021-07-30 03:17:48.295979,3165295,0.0,0.0
2021-07-30 03:17:48.295979,3165455,0.0,1.8
2021-07-30 03:17:48.453051,3165295,0.0,0.0
2021-07-30 03:17:48.453051,3165455,0.0,1.8
2021-07-30 03:17:48.611005,3165295,0.0,0.0
2021-07-30 03:17:48.611005,3165455,0.0,1.8
2021-07-30 03:17:48.767111,3165295,0.0,0.0
2021-07-30 03:17:48.767111,3165455,0.0,1.8
2021-07-30 03:17:48.924868,3165295,0.0,0.0
2021-07-30 03:17:48.924868,3165455,0.0,1.8
2021-07-30 03:17:49.082899,3165295,0.0,0.0
2021-07-30 03:17:49.082899,3165455,0.0,1.8
2021-07-30 03:17:49.239425,3165295,0.0,0.0
2021-07-30 03:17:49.239425,3165455,0.0,1.8
2021-07-30 03:17:49.394978,3165295,0.0,0.0
2021-07-30 03:17:49.394978,3165455,0.0,1.8
2021-07-30 03:17:49.553355,3165295,0.0,0.0
2021-07-30 03:17:49.553355,3165455,0.0,1.8
2021-07-30 03:17:49.711108,3165455,6.7,1.8
2021-07-30 03:17:49.711108,3165295,0.0,0.0
2021-07-30 03:17:49.868730,3165295,0.0,0.0
2021-07-30 03:17:49.868730,3165455,0.0,1.8
2021-07-30 03:17:50.025028,3165295,0.0,0.0
2021-07-30 03:17:50.025028,3165455,0.0,1.8
2021-07-30 03:17:50.181267,3165295,0.0,0.0
2021-07-30 03:17:50.181267,3165455,0.0,1.8
2021-07-30 03:17:50.337970,3165295,0.0,0.0
2021-07-30 03:17:50.337970,3165455,0.0,1.8
2021-07-30 03:17:50.497092,3165295,0.0,0.0
2021-07-30 03:17:50.497092,3165455,0.0,1.8
2021-07-30 03:17:50.655303,3165295,0.0,0.0
2021-07-30 03:17:50.655303,3165455,0.0,1.8
2021-07-30 03:17:50.814355,3165455,6.7,1.8
2021-07-30 03:17:50.814355,3165295,0.0,0.0
2021-07-30 03:17:50.972235,3165295,0.0,0.0
2021-07-30 03:17:50.972235,3165455,0.0,1.8
2021-07-30 03:17:51.128930,3165295,0.0,0.0
2021-07-30 03:17:51.128930,3165455,0.0,1.8
2021-07-30 03:17:51.285466,3165295,0.0,0.0
2021-07-30 03:17:51.285466,3165455,0.0,1.8
2021-07-30 03:17:51.443213,3165295,0.0,0.0
2021-07-30 03:17:51.443213,3165455,0.0,1.8
2021-07-30 03:17:51.600744,3165295,0.0,0.0
2021-07-30 03:17:51.600744,3165455,0.0,1.8
2021-07-30 03:17:51.757885,3165295,0.0,0.0
2021-07-30 03:17:51.757885,3165455,0.0,1.8
2021-07-30 03:17:51.917131,3165295,0.0,0.0
2021-07-30 03:17:51.917131,3165455,0.0,1.8
2021-07-30 03:17:52.076374,3165295,0.0,0.0
2021-07-30 03:17:52.076374,3165455,0.0,1.8
2021-07-30 03:17:52.234465,3165295,0.0,0.0
2021-07-30 03:17:52.234465,3165455,0.0,1.8
2021-07-30 03:17:52.390775,3165295,0.0,0.0
2021-07-30 03:17:52.390775,3165455,0.0,1.8
2021-07-30 03:17:52.545318,3165295,0.0,0.0
2021-07-30 03:17:52.545318,3165455,0.0,1.8
2021-07-30 03:17:52.703124,3165295,0.0,0.0
2021-07-30 03:17:52.703124,3165455,0.0,1.8
2021-07-30 03:17:52.858721,3165295,0.0,0.0
2021-07-30 03:17:52.858721,3165455,0.0,1.8
2021-07-30 03:17:53.014173,3165295,0.0,0.0
2021-07-30 03:17:53.014173,3165455,0.0,1.8
2021-07-30 03:17:53.172034,3165295,0.0,0.0
2021-07-30 03:17:53.172034,3165455,0.0,1.8
2021-07-30 03:17:53.329486,3165295,0.0,0.0
2021-07-30 03:17:53.329486,3165455,0.0,1.8
2021-07-30 03:17:53.484993,3165295,0.0,0.0
2021-07-30 03:17:53.484993,3165455,0.0,1.8
2021-07-30 03:17:53.642961,3165295,0.0,0.0
2021-07-30 03:17:53.642961,3165455,0.0,1.8
2021-07-30 03:17:53.798655,3165295,0.0,0.0
2021-07-30 03:17:53.798655,3165455,0.0,1.8
2021-07-30 03:17:53.953200,3165295,0.0,0.0
2021-07-30 03:17:53.953200,3165455,0.0,1.8
2021-07-30 03:17:54.111262,3165295,0.0,0.0
2021-07-30 03:17:54.111262,3165455,0.0,1.8
2021-07-30 03:17:54.269578,3165295,0.0,0.0
2021-07-30 03:17:54.269578,3165455,0.0,1.8
2021-07-30 03:17:54.426830,3165295,0.0,0.0
2021-07-30 03:17:54.426830,3165455,0.0,1.8
2021-07-30 03:17:54.583554,3165295,0.0,0.0
2021-07-30 03:17:54.583554,3165455,0.0,1.8
2021-07-30 03:17:54.741178,3165295,0.0,0.0
2021-07-30 03:17:54.741178,3165455,0.0,1.8
2021-07-30 03:17:54.898308,3165295,0.0,0.0
2021-07-30 03:17:54.898308,3165455,0.0,1.8
2021-07-30 03:17:55.055864,3165295,0.0,0.0
2021-07-30 03:17:55.055864,3165455,0.0,1.8
2021-07-30 03:17:55.213833,3165295,0.0,0.0
2021-07-30 03:17:55.213833,3165455,0.0,1.8
2021-07-30 03:17:55.373255,3165295,0.0,0.0
2021-07-30 03:17:55.373255,3165455,0.0,1.8
2021-07-30 03:17:55.531606,3165295,0.0,0.0
2021-07-30 03:17:55.531606,3165455,0.0,1.8
2021-07-30 03:17:55.689672,3165295,0.0,0.0
2021-07-30 03:17:55.689672,3165455,0.0,1.8
2021-07-30 03:17:55.846989,3165295,0.0,0.0
2021-07-30 03:17:55.846989,3165455,0.0,1.8
2021-07-30 03:17:56.004736,3165295,0.0,0.0
2021-07-30 03:17:56.004736,3165455,0.0,1.8
2021-07-30 03:17:56.161972,3165295,0.0,0.0
2021-07-30 03:17:56.161972,3165455,0.0,1.8
2021-07-30 03:17:56.320429,3165295,0.0,0.0
2021-07-30 03:17:56.320429,3165455,0.0,1.8
2021-07-30 03:17:56.478786,3165295,0.0,0.0
2021-07-30 03:17:56.478786,3165455,0.0,1.8
2021-07-30 03:17:56.636984,3165295,0.0,0.0
2021-07-30 03:17:56.636984,3165455,0.0,1.8
2021-07-30 03:17:56.796274,3165295,0.0,0.0
2021-07-30 03:17:56.796274,3165455,0.0,1.8
2021-07-30 03:17:56.954786,3165295,0.0,0.0
2021-07-30 03:17:56.954786,3165455,0.0,1.8
2021-07-30 03:17:57.113008,3165295,0.0,0.0
2021-07-30 03:17:57.113008,3165455,0.0,1.8
2021-07-30 03:17:57.271826,3165295,0.0,0.0
2021-07-30 03:17:57.271826,3165455,0.0,1.8
2021-07-30 03:17:57.430316,3165295,0.0,0.0
2021-07-30 03:17:57.430316,3165455,0.0,1.8
2021-07-30 03:17:57.589035,3165295,0.0,0.0
2021-07-30 03:17:57.589035,3165455,0.0,1.8
2021-07-30 03:17:57.747932,3165295,0.0,0.0
2021-07-30 03:17:57.747932,3165455,0.0,1.8
2021-07-30 03:17:57.905795,3165295,0.0,0.0
2021-07-30 03:17:57.905795,3165455,0.0,1.8
2021-07-30 03:17:58.062233,3165295,0.0,0.0
2021-07-30 03:17:58.062233,3165455,0.0,1.8
2021-07-30 03:17:58.221802,3165295,0.0,0.0
2021-07-30 03:17:58.221802,3165455,0.0,1.8
2021-07-30 03:17:58.380620,3165295,0.0,0.0
2021-07-30 03:17:58.380620,3165455,0.0,1.8
2021-07-30 03:17:58.539683,3165295,0.0,0.0
2021-07-30 03:17:58.539683,3165455,0.0,1.8
2021-07-30 03:17:58.698526,3165295,0.0,0.0
2021-07-30 03:17:58.698526,3165455,0.0,1.8
2021-07-30 03:17:58.856988,3165295,0.0,0.0
2021-07-30 03:17:58.856988,3165455,0.0,1.8
2021-07-30 03:17:59.015614,3165295,0.0,0.0
2021-07-30 03:17:59.015614,3165455,0.0,1.8
2021-07-30 03:17:59.173774,3165295,0.0,0.0
2021-07-30 03:17:59.173774,3165455,0.0,1.8
2021-07-30 03:17:59.332342,3165295,0.0,0.0
2021-07-30 03:17:59.332342,3165455,0.0,1.8
2021-07-30 03:17:59.491086,3165295,0.0,0.0
2021-07-30 03:17:59.491086,3165455,0.0,1.8
2021-07-30 03:17:59.649701,3165295,0.0,0.0
2021-07-30 03:17:59.649701,3165455,0.0,1.8
2021-07-30 03:17:59.808245,3165295,0.0,0.0
2021-07-30 03:17:59.808245,3165455,0.0,1.8
2021-07-30 03:17:59.966840,3165295,0.0,0.0
2021-07-30 03:17:59.966840,3165455,0.0,1.8
2021-07-30 03:18:00.124760,3165295,0.0,0.0
2021-07-30 03:18:00.124760,3165455,0.0,1.8
2021-07-30 03:18:00.282907,3165295,0.0,0.0
2021-07-30 03:18:00.282907,3165455,0.0,1.8
2021-07-30 03:18:00.441354,3165295,0.0,0.0
2021-07-30 03:18:00.441354,3165455,0.0,1.8
2021-07-30 03:18:00.600085,3165295,0.0,0.0
2021-07-30 03:18:00.600085,3165455,0.0,1.8
2021-07-30 03:18:00.758769,3165295,0.0,0.0
2021-07-30 03:18:00.758769,3165455,0.0,1.8
2021-07-30 03:18:00.916318,3165455,6.7,1.8
2021-07-30 03:18:00.916318,3165295,0.0,0.0
2021-07-30 03:18:01.072139,3165295,0.0,0.0
2021-07-30 03:18:01.072139,3165455,0.0,1.8
2021-07-30 03:18:01.230338,3165295,0.0,0.0
2021-07-30 03:18:01.230338,3165455,0.0,1.8
2021-07-30 03:18:01.385969,3165295,0.0,0.0
2021-07-30 03:18:01.385969,3165455,0.0,1.8
2021-07-30 03:18:01.544317,3165295,0.0,0.0
2021-07-30 03:18:01.544317,3165455,0.0,1.8
2021-07-30 03:18:01.702509,3165295,0.0,0.0
2021-07-30 03:18:01.702509,3165455,0.0,1.8
2021-07-30 03:18:01.860744,3165295,0.0,0.0
2021-07-30 03:18:01.860744,3165455,0.0,1.8
2021-07-30 03:18:02.018945,3165295,0.0,0.0
2021-07-30 03:18:02.018945,3165455,0.0,1.8
2021-07-30 03:18:02.176846,3165295,0.0,0.0
2021-07-30 03:18:02.176846,3165455,0.0,1.8
2021-07-30 03:18:02.335205,3165295,0.0,0.0
2021-07-30 03:18:02.335205,3165455,0.0,1.8
2021-07-30 03:18:02.493820,3165295,0.0,0.0
2021-07-30 03:18:02.493820,3165455,0.0,1.8
2021-07-30 03:18:02.652449,3165295,0.0,0.0
2021-07-30 03:18:02.652449,3165455,0.0,1.8
2021-07-30 03:18:02.810794,3165295,0.0,0.0
2021-07-30 03:18:02.810794,3165455,0.0,1.8
2021-07-30 03:18:02.968900,3165295,0.0,0.0
2021-07-30 03:18:02.968900,3165455,0.0,1.8
2021-07-30 03:18:03.125063,3165295,0.0,0.0
2021-07-30 03:18:03.125063,3165455,0.0,1.8
2021-07-30 03:18:03.282981,3165295,0.0,0.0
2021-07-30 03:18:03.282981,3165455,0.0,1.8
2021-07-30 03:18:03.440760,3165295,0.0,0.0
2021-07-30 03:18:03.440760,3165455,0.0,1.8
2021-07-30 03:18:03.598861,3165295,0.0,0.0
2021-07-30 03:18:03.598861,3165455,0.0,1.8
2021-07-30 03:18:03.757052,3165295,0.0,0.0
2021-07-30 03:18:03.757052,3165455,0.0,1.8
2021-07-30 03:18:03.915431,3165295,0.0,0.0
2021-07-30 03:18:03.915431,3165455,0.0,1.8
2021-07-30 03:18:04.073417,3165295,0.0,0.0
2021-07-30 03:18:04.073417,3165455,0.0,1.8
2021-07-30 03:18:04.232257,3165455,6.7,1.8
2021-07-30 03:18:04.232257,3165295,0.0,0.0
2021-07-30 03:18:04.391606,3165295,0.0,0.0
2021-07-30 03:18:04.391606,3165455,0.0,1.8
2021-07-30 03:18:04.550349,3165295,0.0,0.0
2021-07-30 03:18:04.550349,3165455,0.0,1.8
2021-07-30 03:18:04.708298,3165295,0.0,0.0
2021-07-30 03:18:04.708298,3165455,0.0,1.8
2021-07-30 03:18:04.866053,3165295,0.0,0.0
2021-07-30 03:18:04.866053,3165455,0.0,1.8
2021-07-30 03:18:05.023434,3165455,6.7,1.8
2021-07-30 03:18:05.023434,3165295,0.0,0.0
2021-07-30 03:18:05.179994,3165295,0.0,0.0
2021-07-30 03:18:05.179994,3165455,0.0,1.8
2021-07-30 03:18:05.338733,3165295,0.0,0.0
2021-07-30 03:18:05.338733,3165455,0.0,1.8
2021-07-30 03:18:05.497440,3165295,0.0,0.0
2021-07-30 03:18:05.497440,3165455,0.0,1.8
2021-07-30 03:18:05.656076,3165295,0.0,0.0
2021-07-30 03:18:05.656076,3165455,0.0,1.8
2021-07-30 03:18:05.814863,3165295,0.0,0.0
2021-07-30 03:18:05.814863,3165455,0.0,1.8
2021-07-30 03:18:05.973469,3165295,0.0,0.0
2021-07-30 03:18:05.973469,3165455,0.0,1.8
2021-07-30 03:18:06.128790,3165295,0.0,0.0
2021-07-30 03:18:06.128790,3165455,0.0,1.8
2021-07-30 03:18:06.287958,3165295,0.0,0.0
2021-07-30 03:18:06.287958,3165455,0.0,1.8
2021-07-30 03:18:06.447129,3165295,0.0,0.0
2021-07-30 03:18:06.447129,3165455,0.0,1.8
2021-07-30 03:18:06.605666,3165295,0.0,0.0
2021-07-30 03:18:06.605666,3165455,0.0,1.8
2021-07-30 03:18:06.764338,3165295,0.0,0.0
2021-07-30 03:18:06.764338,3165455,0.0,1.8
2021-07-30 03:18:06.922970,3165295,0.0,0.0
2021-07-30 03:18:06.922970,3165455,0.0,1.8
2021-07-30 03:18:07.081158,3165295,0.0,0.0
2021-07-30 03:18:07.081158,3165455,0.0,1.8
2021-07-30 03:18:07.238306,3165295,0.0,0.0
2021-07-30 03:18:07.238306,3165455,0.0,1.8
2021-07-30 03:18:07.397075,3165295,0.0,0.0
2021-07-30 03:18:07.397075,3165455,0.0,1.8
2021-07-30 03:18:07.555408,3165295,0.0,0.0
2021-07-30 03:18:07.555408,3165455,0.0,1.8
2021-07-30 03:18:07.714079,3165295,0.0,0.0
2021-07-30 03:18:07.714079,3165455,0.0,1.8
2021-07-30 03:18:07.872583,3165295,0.0,0.0
2021-07-30 03:18:07.872583,3165455,0.0,1.8
2021-07-30 03:18:08.030355,3165295,0.0,0.0
2021-07-30 03:18:08.030355,3165455,0.0,1.8
2021-07-30 03:18:08.185432,3165295,0.0,0.0
2021-07-30 03:18:08.185432,3165455,0.0,1.8
2021-07-30 03:18:08.343782,3165295,0.0,0.0
2021-07-30 03:18:08.343782,3165455,0.0,1.8
2021-07-30 03:18:08.502431,3165295,0.0,0.0
2021-07-30 03:18:08.502431,3165455,0.0,1.8
2021-07-30 03:18:08.660912,3165455,6.7,1.8
2021-07-30 03:18:08.660912,3165295,0.0,0.0
2021-07-30 03:18:08.819500,3165295,0.0,0.0
2021-07-30 03:18:08.819500,3165455,0.0,1.8
2021-07-30 03:18:08.978062,3165295,0.0,0.0
2021-07-30 03:18:08.978062,3165455,0.0,1.8
2021-07-30 03:18:09.136219,3165295,0.0,0.0
2021-07-30 03:18:09.136219,3165455,0.0,1.8
2021-07-30 03:18:09.294549,3165295,0.0,0.0
2021-07-30 03:18:09.294549,3165455,0.0,1.8
2021-07-30 03:18:09.453067,3165295,0.0,0.0
2021-07-30 03:18:09.453067,3165455,0.0,1.8
2021-07-30 03:18:09.611804,3165295,0.0,0.0
2021-07-30 03:18:09.611804,3165455,0.0,1.8
2021-07-30 03:18:09.770553,3165295,0.0,0.0
2021-07-30 03:18:09.770553,3165455,0.0,1.8
2021-07-30 03:18:09.929037,3165295,0.0,0.0
2021-07-30 03:18:09.929037,3165455,0.0,1.8
2021-07-30 03:18:10.087754,3165295,0.0,0.0
2021-07-30 03:18:10.087754,3165455,0.0,1.8
2021-07-30 03:18:10.246620,3165295,0.0,0.0
2021-07-30 03:18:10.246620,3165455,0.0,1.8
2021-07-30 03:18:10.406320,3165295,0.0,0.0
2021-07-30 03:18:10.406320,3165455,0.0,1.8
2021-07-30 03:18:10.564816,3165295,0.0,0.0
2021-07-30 03:18:10.564816,3165455,0.0,1.8
2021-07-30 03:18:10.723509,3165295,0.0,0.0
2021-07-30 03:18:10.723509,3165455,0.0,1.8
2021-07-30 03:18:10.882081,3165295,0.0,0.0
2021-07-30 03:18:10.882081,3165455,0.0,1.8
2021-07-30 03:18:11.039931,3165295,0.0,0.0
2021-07-30 03:18:11.039931,3165455,0.0,1.8
2021-07-30 03:18:11.194856,3165295,0.0,0.0
2021-07-30 03:18:11.194856,3165455,0.0,1.8
2021-07-30 03:18:11.353206,3165295,0.0,0.0
2021-07-30 03:18:11.353206,3165455,0.0,1.8
2021-07-30 03:18:11.512021,3165295,0.0,0.0
2021-07-30 03:18:11.512021,3165455,0.0,1.8
2021-07-30 03:18:11.671013,3165295,0.0,0.0
2021-07-30 03:18:11.671013,3165455,0.0,1.8
2021-07-30 03:18:11.829536,3165295,0.0,0.0
2021-07-30 03:18:11.829536,3165455,0.0,1.8
2021-07-30 03:18:11.988288,3165295,0.0,0.0
2021-07-30 03:18:11.988288,3165455,0.0,1.8
2021-07-30 03:18:12.147057,3165295,0.0,0.0
2021-07-30 03:18:12.147057,3165455,0.0,1.8
2021-07-30 03:18:12.305443,3165295,0.0,0.0
2021-07-30 03:18:12.305443,3165455,0.0,1.8
2021-07-30 03:18:12.463990,3165295,0.0,0.0
2021-07-30 03:18:12.463990,3165455,0.0,1.8
2021-07-30 03:18:12.621906,3165295,0.0,0.0
2021-07-30 03:18:12.621906,3165455,0.0,1.8
2021-07-30 03:18:12.780068,3165295,0.0,0.0
2021-07-30 03:18:12.780068,3165455,0.0,1.8
2021-07-30 03:18:12.938663,3165295,0.0,0.0
2021-07-30 03:18:12.938663,3165455,0.0,1.8
2021-07-30 03:18:13.096708,3165295,0.0,0.0
2021-07-30 03:18:13.096708,3165455,0.0,1.8
2021-07-30 03:18:13.253692,3165295,0.0,0.0
2021-07-30 03:18:13.253692,3165455,0.0,1.8
2021-07-30 03:18:13.412192,3165295,0.0,0.0
2021-07-30 03:18:13.412192,3165455,0.0,1.8
2021-07-30 03:18:13.570665,3165295,0.0,0.0
2021-07-30 03:18:13.570665,3165455,0.0,1.8
2021-07-30 03:18:13.729308,3165295,0.0,0.0
2021-07-30 03:18:13.729308,3165455,0.0,1.8
2021-07-30 03:18:13.888045,3165295,0.0,0.0
2021-07-30 03:18:13.888045,3165455,0.0,1.8
2021-07-30 03:18:14.046594,3165455,6.7,1.8
2021-07-30 03:18:14.046594,3165295,0.0,0.0
2021-07-30 03:18:14.204896,3165295,0.0,0.0
2021-07-30 03:18:14.204896,3165455,0.0,1.8
2021-07-30 03:18:14.363656,3165295,0.0,0.0
2021-07-30 03:18:14.363656,3165455,0.0,1.8
2021-07-30 03:18:14.522097,3165295,0.0,0.0
2021-07-30 03:18:14.522097,3165455,0.0,1.8
2021-07-30 03:18:14.681056,3165295,0.0,0.0
2021-07-30 03:18:14.681056,3165455,0.0,1.8
2021-07-30 03:18:14.839898,3165295,0.0,0.0
2021-07-30 03:18:14.839898,3165455,0.0,1.8
2021-07-30 03:18:14.998401,3165295,0.0,0.0
2021-07-30 03:18:14.998401,3165455,0.0,1.8
2021-07-30 03:18:15.157093,3165295,0.0,0.0
2021-07-30 03:18:15.157093,3165455,0.0,1.8
2021-07-30 03:18:15.315820,3165295,0.0,0.0
2021-07-30 03:18:15.315820,3165455,0.0,1.8
2021-07-30 03:18:15.474277,3165295,0.0,0.0
2021-07-30 03:18:15.474277,3165455,0.0,1.8
2021-07-30 03:18:15.632928,3165295,0.0,0.0
2021-07-30 03:18:15.632928,3165455,0.0,1.8
2021-07-30 03:18:15.791456,3165295,0.0,0.0
2021-07-30 03:18:15.791456,3165455,0.0,1.8
2021-07-30 03:18:15.949964,3165295,0.0,0.0
2021-07-30 03:18:15.949964,3165455,0.0,1.8
2021-07-30 03:18:16.107966,3165455,6.7,1.8
2021-07-30 03:18:16.107966,3165295,0.0,0.0
2021-07-30 03:18:16.262660,3165295,0.0,0.0
2021-07-30 03:18:16.262660,3165455,0.0,1.8
2021-07-30 03:18:16.421588,3165295,0.0,0.0
2021-07-30 03:18:16.421588,3165455,0.0,1.8
2021-07-30 03:18:16.580730,3165295,0.0,0.0
2021-07-30 03:18:16.580730,3165455,0.0,1.8
2021-07-30 03:18:16.739843,3165295,0.0,0.0
2021-07-30 03:18:16.739843,3165455,0.0,1.8
2021-07-30 03:18:16.898681,3165295,0.0,0.0
2021-07-30 03:18:16.898681,3165455,0.0,1.8
2021-07-30 03:18:17.057399,3165295,0.0,0.0
2021-07-30 03:18:17.057399,3165455,0.0,1.8
2021-07-30 03:18:17.214144,3165295,0.0,0.0
2021-07-30 03:18:17.214144,3165455,0.0,1.8
2021-07-30 03:18:17.373022,3165295,0.0,0.0
2021-07-30 03:18:17.373022,3165455,0.0,1.8
2021-07-30 03:18:17.531962,3165295,0.0,0.0
2021-07-30 03:18:17.531962,3165455,0.0,1.8
2021-07-30 03:18:17.690417,3165295,0.0,0.0
2021-07-30 03:18:17.690417,3165455,0.0,1.8
2021-07-30 03:18:17.849159,3165295,0.0,0.0
2021-07-30 03:18:17.849159,3165455,0.0,1.8
2021-07-30 03:18:18.007883,3165295,0.0,0.0
2021-07-30 03:18:18.007883,3165455,0.0,1.8
2021-07-30 03:18:18.166005,3165295,0.0,0.0
2021-07-30 03:18:18.166005,3165455,0.0,1.8
2021-07-30 03:18:18.323354,3165295,0.0,0.0
2021-07-30 03:18:18.323354,3165455,0.0,1.8
2021-07-30 03:18:18.482051,3165295,0.0,0.0
2021-07-30 03:18:18.482051,3165455,0.0,1.8
2021-07-30 03:18:18.640409,3165295,0.0,0.0
2021-07-30 03:18:18.640409,3165455,0.0,1.8
2021-07-30 03:18:18.799073,3165295,0.0,0.0
2021-07-30 03:18:18.799073,3165455,0.0,1.8
2021-07-30 03:18:18.957591,3165295,0.0,0.0
2021-07-30 03:18:18.957591,3165455,0.0,1.8
2021-07-30 03:18:19.115141,3165295,0.0,0.0
2021-07-30 03:18:19.115141,3165455,0.0,1.8
2021-07-30 03:18:19.269856,3165295,0.0,0.0
2021-07-30 03:18:19.269856,3165455,0.0,1.8
2021-07-30 03:18:19.428578,3165295,0.0,0.0
2021-07-30 03:18:19.428578,3165455,0.0,1.8
2021-07-30 03:18:19.587106,3165295,0.0,0.0
2021-07-30 03:18:19.587106,3165455,0.0,1.8
2021-07-30 03:18:19.745737,3165295,0.0,0.0
2021-07-30 03:18:19.745737,3165455,0.0,1.8
2021-07-30 03:18:19.904450,3165295,0.0,0.0
2021-07-30 03:18:19.904450,3165455,0.0,1.8
2021-07-30 03:18:20.062914,3165295,0.0,0.0
2021-07-30 03:18:20.062914,3165455,0.0,1.8
2021-07-30 03:18:20.221448,3165455,6.7,1.8
2021-07-30 03:18:20.221448,3165295,0.0,0.0
2021-07-30 03:18:20.379537,3165295,0.0,0.0
2021-07-30 03:18:20.379537,3165455,0.0,1.8
2021-07-30 03:18:20.537989,3165295,0.0,0.0
2021-07-30 03:18:20.537989,3165455,0.0,1.8
2021-07-30 03:18:20.696658,3165295,0.0,0.0
2021-07-30 03:18:20.696658,3165455,0.0,1.8
2021-07-30 03:18:20.855299,3165295,0.0,0.0
2021-07-30 03:18:20.855299,3165455,0.0,1.8
2021-07-30 03:18:21.013914,3165295,0.0,0.0
2021-07-30 03:18:21.013914,3165455,0.0,1.8
2021-07-30 03:18:21.172386,3165295,0.0,0.0
2021-07-30 03:18:21.172386,3165455,0.0,1.8
2021-07-30 03:18:21.331267,3165295,0.0,0.0
2021-07-30 03:18:21.331267,3165455,0.0,1.8
2021-07-30 03:18:21.490488,3165295,0.0,0.0
2021-07-30 03:18:21.490488,3165455,0.0,1.8
2021-07-30 03:18:21.649185,3165295,0.0,0.0
2021-07-30 03:18:21.649185,3165455,0.0,1.8
2021-07-30 03:18:21.808461,3165295,0.0,0.0
2021-07-30 03:18:21.808461,3165455,0.0,1.8
2021-07-30 03:18:21.967017,3165295,0.0,0.0
2021-07-30 03:18:21.967017,3165455,0.0,1.8
2021-07-30 03:18:22.125847,3165295,0.0,0.0
2021-07-30 03:18:22.125847,3165455,0.0,1.8
2021-07-30 03:18:22.284486,3165295,0.0,0.0
2021-07-30 03:18:22.284486,3165455,0.0,1.8
2021-07-30 03:18:22.443195,3165295,0.0,0.0
2021-07-30 03:18:22.443195,3165455,0.0,1.8
2021-07-30 03:18:22.601792,3165295,0.0,0.0
2021-07-30 03:18:22.601792,3165455,0.0,1.8
2021-07-30 03:18:22.760723,3165295,0.0,0.0
2021-07-30 03:18:22.760723,3165455,0.0,1.8
2021-07-30 03:18:22.918859,3165295,0.0,0.0
2021-07-30 03:18:22.918859,3165455,0.0,1.8
2021-07-30 03:18:23.077186,3165295,0.0,0.0
2021-07-30 03:18:23.077186,3165455,0.0,1.8
2021-07-30 03:18:23.235858,3165295,0.0,0.0
2021-07-30 03:18:23.235858,3165455,0.0,1.8
2021-07-30 03:18:23.394263,3165295,0.0,0.0
2021-07-30 03:18:23.394263,3165455,0.0,1.8
2021-07-30 03:18:23.552574,3165455,6.7,1.8
2021-07-30 03:18:23.552574,3165295,0.0,0.0
2021-07-30 03:18:23.710783,3165295,0.0,0.0
2021-07-30 03:18:23.710783,3165455,0.0,1.8
2021-07-30 03:18:23.869461,3165295,0.0,0.0
2021-07-30 03:18:23.869461,3165455,0.0,1.8
2021-07-30 03:18:24.028200,3165295,0.0,0.0
2021-07-30 03:18:24.028200,3165455,0.0,1.8
2021-07-30 03:18:24.186193,3165295,0.0,0.0
2021-07-30 03:18:24.186193,3165455,0.0,1.8
2021-07-30 03:18:24.342877,3165295,0.0,0.0
2021-07-30 03:18:24.342877,3165455,0.0,1.8
2021-07-30 03:18:24.501387,3165295,0.0,0.0
2021-07-30 03:18:24.501387,3165455,0.0,1.8
2021-07-30 03:18:24.660251,3165295,0.0,0.0
2021-07-30 03:18:24.660251,3165455,0.0,1.8
2021-07-30 03:18:24.818884,3165295,0.0,0.0
2021-07-30 03:18:24.818884,3165455,0.0,1.8
2021-07-30 03:18:24.977462,3165295,0.0,0.0
2021-07-30 03:18:24.977462,3165455,0.0,1.8
2021-07-30 03:18:25.136278,3165295,0.0,0.0
2021-07-30 03:18:25.136278,3165455,0.0,1.8
2021-07-30 03:18:25.294859,3165295,0.0,0.0
2021-07-30 03:18:25.294859,3165455,0.0,1.8
2021-07-30 03:18:25.453642,3165295,0.0,0.0
2021-07-30 03:18:25.453642,3165455,0.0,1.8
2021-07-30 03:18:25.612224,3165295,0.0,0.0
2021-07-30 03:18:25.612224,3165455,0.0,1.8
2021-07-30 03:18:25.770924,3165295,0.0,0.0
2021-07-30 03:18:25.770924,3165455,0.0,1.8
2021-07-30 03:18:25.929533,3165295,0.0,0.0
2021-07-30 03:18:25.929533,3165455,0.0,1.8
2021-07-30 03:18:26.088131,3165295,0.0,0.0
2021-07-30 03:18:26.088131,3165455,0.0,1.8
2021-07-30 03:18:26.246878,3165295,0.0,0.0
2021-07-30 03:18:26.246878,3165455,0.0,1.8
2021-07-30 03:18:26.405626,3165295,0.0,0.0
2021-07-30 03:18:26.405626,3165455,0.0,1.8
2021-07-30 03:18:26.564453,3165295,0.0,0.0
2021-07-30 03:18:26.564453,3165455,0.0,1.8
2021-07-30 03:18:26.723284,3165295,0.0,0.0
2021-07-30 03:18:26.723284,3165455,0.0,1.8
2021-07-30 03:18:26.882164,3165295,0.0,0.0
2021-07-30 03:18:26.882164,3165455,0.0,1.8
2021-07-30 03:18:27.040787,3165295,0.0,0.0
2021-07-30 03:18:27.040787,3165455,0.0,1.8
2021-07-30 03:18:27.198421,3165295,0.0,0.0
2021-07-30 03:18:27.198421,3165455,0.0,1.8
2021-07-30 03:18:27.353451,3165295,0.0,0.0
2021-07-30 03:18:27.353451,3165455,0.0,1.8
2021-07-30 03:18:27.511971,3165295,0.0,0.0
2021-07-30 03:18:27.511971,3165455,0.0,1.8
2021-07-30 03:18:27.670667,3165295,0.0,0.0
2021-07-30 03:18:27.670667,3165455,0.0,1.8
2021-07-30 03:18:27.829369,3165295,0.0,0.0
2021-07-30 03:18:27.829369,3165455,0.0,1.8
2021-07-30 03:18:27.987903,3165295,0.0,0.0
2021-07-30 03:18:27.987903,3165455,0.0,1.8
2021-07-30 03:18:28.146349,3165295,0.0,0.0
2021-07-30 03:18:28.146349,3165455,0.0,1.8
2021-07-30 03:18:28.304891,3165295,0.0,0.0
2021-07-30 03:18:28.304891,3165455,0.0,1.8
2021-07-30 03:18:28.463166,3165295,0.0,0.0
2021-07-30 03:18:28.463166,3165455,0.0,1.8
2021-07-30 03:18:28.621725,3165295,0.0,0.0
2021-07-30 03:18:28.621725,3165455,0.0,1.8
2021-07-30 03:18:28.780392,3165295,0.0,0.0
2021-07-30 03:18:28.780392,3165455,0.0,1.8
2021-07-30 03:18:28.939076,3165295,0.0,0.0
2021-07-30 03:18:28.939076,3165455,0.0,1.8
2021-07-30 03:18:29.097584,3165295,0.0,0.0
2021-07-30 03:18:29.097584,3165455,0.0,1.8
2021-07-30 03:18:29.256256,3165295,0.0,0.0
2021-07-30 03:18:29.256256,3165455,0.0,1.8
2021-07-30 03:18:29.414879,3165295,0.0,0.0
2021-07-30 03:18:29.414879,3165455,0.0,1.8
2021-07-30 03:18:29.573433,3165295,0.0,0.0
2021-07-30 03:18:29.573433,3165455,0.0,1.8
2021-07-30 03:18:29.732181,3165455,6.7,1.8
2021-07-30 03:18:29.732181,3165295,0.0,0.0
2021-07-30 03:18:29.891127,3165295,0.0,0.0
2021-07-30 03:18:29.891127,3165455,0.0,1.8
2021-07-30 03:18:30.049806,3165295,0.0,0.0
2021-07-30 03:18:30.049806,3165455,0.0,1.8
2021-07-30 03:18:30.208410,3165295,0.0,0.0
2021-07-30 03:18:30.208410,3165455,0.0,1.8
2021-07-30 03:18:30.366902,3165455,6.7,1.8
2021-07-30 03:18:30.366902,3165295,0.0,0.0
2021-07-30 03:18:30.524989,3165295,0.0,0.0
2021-07-30 03:18:30.524989,3165455,0.0,1.8
2021-07-30 03:18:30.683700,3165295,0.0,0.0
2021-07-30 03:18:30.683700,3165455,0.0,1.8
2021-07-30 03:18:30.842457,3165295,0.0,0.0
2021-07-30 03:18:30.842457,3165455,0.0,1.8
2021-07-30 03:18:31.001510,3165295,0.0,0.0
2021-07-30 03:18:31.001510,3165455,0.0,1.8
2021-07-30 03:18:31.160320,3165295,0.0,0.0
2021-07-30 03:18:31.160320,3165455,0.0,1.8
2021-07-30 03:18:31.318697,3165295,0.0,0.0
2021-07-30 03:18:31.318697,3165455,0.0,1.8
2021-07-30 03:18:31.477523,3165295,0.0,0.0
2021-07-30 03:18:31.477523,3165455,0.0,1.8
2021-07-30 03:18:31.636932,3165295,0.0,0.0
2021-07-30 03:18:31.636932,3165455,0.0,1.8
2021-07-30 03:18:31.795785,3165295,0.0,0.0
2021-07-30 03:18:31.795785,3165455,0.0,1.8
2021-07-30 03:18:31.954908,3165295,0.0,0.0
2021-07-30 03:18:31.954908,3165455,0.0,1.8
2021-07-30 03:18:32.114139,3165295,0.0,0.0
2021-07-30 03:18:32.114139,3165455,0.0,1.8
2021-07-30 03:18:32.271700,3165295,0.0,0.0
2021-07-30 03:18:32.271700,3165455,0.0,1.8
2021-07-30 03:18:32.426507,3165295,0.0,0.0
2021-07-30 03:18:32.426507,3165455,0.0,1.8
2021-07-30 03:18:32.584510,3165295,0.0,0.0
2021-07-30 03:18:32.584510,3165455,0.0,1.8
2021-07-30 03:18:32.742740,3165295,0.0,0.0
2021-07-30 03:18:32.742740,3165455,0.0,1.8
2021-07-30 03:18:32.901215,3165295,0.0,0.0
2021-07-30 03:18:32.901215,3165455,0.0,1.8
2021-07-30 03:18:33.059966,3165295,0.0,0.0
2021-07-30 03:18:33.059966,3165455,0.0,1.8
2021-07-30 03:18:33.218864,3165295,0.0,0.0
2021-07-30 03:18:33.218864,3165455,0.0,1.8
2021-07-30 03:18:33.377425,3165295,0.0,0.0
2021-07-30 03:18:33.377425,3165455,0.0,1.8
2021-07-30 03:18:33.535845,3165295,0.0,0.0
2021-07-30 03:18:33.535845,3165455,0.0,1.8
2021-07-30 03:18:33.694564,3165295,0.0,0.0
2021-07-30 03:18:33.694564,3165455,0.0,1.8
2021-07-30 03:18:33.853233,3165295,0.0,0.0
2021-07-30 03:18:33.853233,3165455,0.0,1.8
2021-07-30 03:18:34.011921,3165295,0.0,0.0
2021-07-30 03:18:34.011921,3165455,0.0,1.8
2021-07-30 03:18:34.170452,3165295,0.0,0.0
2021-07-30 03:18:34.170452,3165455,0.0,1.8
2021-07-30 03:18:34.329021,3165455,6.7,1.8
2021-07-30 03:18:34.329021,3165295,0.0,0.0
2021-07-30 03:18:34.486975,3165295,0.0,0.0
2021-07-30 03:18:34.486975,3165455,0.0,1.8
2021-07-30 03:18:34.645577,3165295,0.0,0.0
2021-07-30 03:18:34.645577,3165455,0.0,1.8
2021-07-30 03:18:34.804417,3165295,0.0,0.0
2021-07-30 03:18:34.804417,3165455,0.0,1.8
2021-07-30 03:18:34.963441,3165295,0.0,0.0
2021-07-30 03:18:34.963441,3165455,0.0,1.8
2021-07-30 03:18:35.122076,3165295,0.0,0.0
2021-07-30 03:18:35.122076,3165455,0.0,1.8
2021-07-30 03:18:35.280477,3165295,0.0,0.0
2021-07-30 03:18:35.280477,3165455,0.0,1.8
2021-07-30 03:18:35.439238,3165295,0.0,0.0
2021-07-30 03:18:35.439238,3165455,0.0,1.8
2021-07-30 03:18:35.597841,3165295,0.0,0.0
2021-07-30 03:18:35.597841,3165455,0.0,1.8
2021-07-30 03:18:35.756552,3165295,0.0,0.0
2021-07-30 03:18:35.756552,3165455,0.0,1.8
2021-07-30 03:18:35.915071,3165295,0.0,0.0
2021-07-30 03:18:35.915071,3165455,0.0,1.8
2021-07-30 03:18:36.073753,3165295,0.0,0.0
2021-07-30 03:18:36.073753,3165455,0.0,1.8
2021-07-30 03:18:36.232096,3165295,0.0,0.0
2021-07-30 03:18:36.232096,3165455,0.0,1.8
2021-07-30 03:18:36.390621,3165295,0.0,0.0
2021-07-30 03:18:36.390621,3165455,0.0,1.8
2021-07-30 03:18:36.548847,3165295,0.0,0.0
2021-07-30 03:18:36.548847,3165455,0.0,1.8
2021-07-30 03:18:36.707619,3165295,0.0,0.0
2021-07-30 03:18:36.707619,3165455,0.0,1.8
2021-07-30 03:18:36.865989,3165295,0.0,0.0
2021-07-30 03:18:36.865989,3165455,0.0,1.8
2021-07-30 03:18:37.024716,3165295,0.0,0.0
2021-07-30 03:18:37.024716,3165455,0.0,1.8
2021-07-30 03:18:37.183468,3165295,0.0,0.0
2021-07-30 03:18:37.183468,3165455,0.0,1.8
2021-07-30 03:18:37.341393,3165295,0.0,0.0
2021-07-30 03:18:37.341393,3165455,0.0,1.8
2021-07-30 03:18:37.497165,3165295,0.0,0.0
2021-07-30 03:18:37.497165,3165455,0.0,1.8
2021-07-30 03:18:37.655929,3165295,0.0,0.0
2021-07-30 03:18:37.655929,3165455,0.0,1.8
2021-07-30 03:18:37.814222,3165295,0.0,0.0
2021-07-30 03:18:37.814222,3165455,0.0,1.8
2021-07-30 03:18:37.972209,3165295,0.0,0.0
2021-07-30 03:18:37.972209,3165455,0.0,1.8
2021-07-30 03:18:38.126764,3165295,0.0,0.0
2021-07-30 03:18:38.126764,3165455,0.0,1.8
2021-07-30 03:18:38.285701,3165295,0.0,0.0
2021-07-30 03:18:38.285701,3165455,0.0,1.8
2021-07-30 03:18:38.445132,3165295,0.0,0.0
2021-07-30 03:18:38.445132,3165455,0.0,1.8
2021-07-30 03:18:38.604361,3165295,0.0,0.0
2021-07-30 03:18:38.604361,3165455,0.0,1.8
2021-07-30 03:18:38.763842,3165295,0.0,0.0
2021-07-30 03:18:38.763842,3165455,0.0,1.8
2021-07-30 03:18:38.923210,3165295,0.0,0.0
2021-07-30 03:18:38.923210,3165455,0.0,1.8
2021-07-30 03:18:39.081827,3165295,0.0,0.0
2021-07-30 03:18:39.081827,3165455,0.0,1.8
2021-07-30 03:18:39.240663,3165295,0.0,0.0
2021-07-30 03:18:39.240663,3165455,0.0,1.8
2021-07-30 03:18:39.399334,3165295,0.0,0.0
2021-07-30 03:18:39.399334,3165455,0.0,1.8
2021-07-30 03:18:39.557478,3165295,0.0,0.0
2021-07-30 03:18:39.557478,3165455,0.0,1.8
2021-07-30 03:18:39.715874,3165295,0.0,0.0
2021-07-30 03:18:39.715874,3165455,0.0,1.8
2021-07-30 03:18:39.874487,3165295,0.0,0.0
2021-07-30 03:18:39.874487,3165455,0.0,1.8
2021-07-30 03:18:40.033211,3165295,0.0,0.0
2021-07-30 03:18:40.033211,3165455,0.0,1.8
2021-07-30 03:18:40.191858,3165295,0.0,0.0
2021-07-30 03:18:40.191858,3165455,0.0,1.8
2021-07-30 03:18:40.350734,3165295,0.0,0.0
2021-07-30 03:18:40.350734,3165455,0.0,1.8
2021-07-30 03:18:40.509261,3165455,6.7,1.8
2021-07-30 03:18:40.509261,3165295,0.0,0.0
2021-07-30 03:18:40.667937,3165295,0.0,0.0
2021-07-30 03:18:40.667937,3165455,0.0,1.8
2021-07-30 03:18:40.826234,3165295,0.0,0.0
2021-07-30 03:18:40.826234,3165455,0.0,1.8
2021-07-30 03:18:40.984944,3165295,0.0,0.0
2021-07-30 03:18:40.984944,3165455,0.0,1.8
2021-07-30 03:18:41.144037,3165295,0.0,0.0
2021-07-30 03:18:41.144037,3165455,0.0,1.8
2021-07-30 03:18:41.302638,3165295,0.0,0.0
2021-07-30 03:18:41.302638,3165455,0.0,1.8
2021-07-30 03:18:41.460087,3165295,0.0,0.0
2021-07-30 03:18:41.460087,3165455,0.0,1.8
2021-07-30 03:18:41.618524,3165295,0.0,0.0
2021-07-30 03:18:41.618524,3165455,0.0,1.8
2021-07-30 03:18:41.778271,3165295,0.0,0.0
2021-07-30 03:18:41.778271,3165455,0.0,1.8
2021-07-30 03:18:41.938070,3165295,0.0,0.0
2021-07-30 03:18:41.938070,3165455,0.0,1.8
2021-07-30 03:18:42.097156,3165295,0.0,0.0
2021-07-30 03:18:42.097156,3165455,0.0,1.8
2021-07-30 03:18:42.256306,3165295,0.0,0.0
2021-07-30 03:18:42.256306,3165455,0.0,1.8
2021-07-30 03:18:42.414812,3165295,0.0,0.0
2021-07-30 03:18:42.414812,3165455,0.0,1.8
2021-07-30 03:18:42.570088,3165295,0.0,0.0
2021-07-30 03:18:42.570088,3165455,0.0,1.8
2021-07-30 03:18:42.728499,3165455,6.2,1.8
2021-07-30 03:18:42.728499,3165295,0.0,0.0
2021-07-30 03:18:42.887030,3165295,0.0,0.0
2021-07-30 03:18:42.887030,3165455,0.0,1.8
2021-07-30 03:18:43.045958,3165295,0.0,0.0
2021-07-30 03:18:43.045958,3165455,0.0,1.8
2021-07-30 03:18:43.204794,3165295,0.0,0.0
2021-07-30 03:18:43.204794,3165455,0.0,1.8
2021-07-30 03:18:43.363302,3165295,0.0,0.0
2021-07-30 03:18:43.363302,3165455,0.0,1.8
2021-07-30 03:18:43.521859,3165295,0.0,0.0
2021-07-30 03:18:43.521859,3165455,0.0,1.8
2021-07-30 03:18:43.680604,3165295,0.0,0.0
2021-07-30 03:18:43.680604,3165455,0.0,1.8
2021-07-30 03:18:43.839439,3165295,0.0,0.0
2021-07-30 03:18:43.839439,3165455,0.0,1.8
2021-07-30 03:18:43.998158,3165295,0.0,0.0
2021-07-30 03:18:43.998158,3165455,0.0,1.8
2021-07-30 03:18:44.157232,3165295,0.0,0.0
2021-07-30 03:18:44.157232,3165455,0.0,1.8
2021-07-30 03:18:44.316238,3165295,0.0,0.0
2021-07-30 03:18:44.316238,3165455,0.0,1.8
2021-07-30 03:18:44.474609,3165295,0.0,0.0
2021-07-30 03:18:44.474609,3165455,0.0,1.8
2021-07-30 03:18:44.632585,3165295,0.0,0.0
2021-07-30 03:18:44.632585,3165455,0.0,1.8
2021-07-30 03:18:44.791193,3165295,0.0,0.0
2021-07-30 03:18:44.791193,3165455,0.0,1.8
2021-07-30 03:18:44.949720,3165295,0.0,0.0
2021-07-30 03:18:44.949720,3165455,0.0,1.8
2021-07-30 03:18:45.108414,3165295,0.0,0.0
2021-07-30 03:18:45.108414,3165455,0.0,1.8
2021-07-30 03:18:45.267764,3165295,0.0,0.0
2021-07-30 03:18:45.267764,3165455,0.0,1.8
2021-07-30 03:18:45.425501,3165295,0.0,0.0
2021-07-30 03:18:45.425501,3165455,0.0,1.8
