timestamp,PID,CPU,RAM
2021-08-06 02:32:21.953270,705640,0.0,0.0
2021-08-06 02:32:21.953270,705703,0.0,3.6
2021-08-06 02:32:22.110974,705640,0.0,0.0
2021-08-06 02:32:22.110974,705703,0.0,3.6
2021-08-06 02:32:22.268196,705640,0.0,0.0
2021-08-06 02:32:22.268196,705703,0.0,3.6
2021-08-06 02:32:22.425469,705640,0.0,0.0
2021-08-06 02:32:22.425469,705703,0.0,3.6
2021-08-06 02:32:22.582705,705640,0.0,0.0
2021-08-06 02:32:22.582705,705703,0.0,3.6
2021-08-06 02:32:22.740014,705640,0.0,0.0
2021-08-06 02:32:22.740014,705703,0.0,3.6
2021-08-06 02:32:22.897265,705640,0.0,0.0
2021-08-06 02:32:22.897265,705703,0.0,3.6
2021-08-06 02:32:23.054489,705640,0.0,0.0
2021-08-06 02:32:23.054489,705703,0.0,3.6
2021-08-06 02:32:23.211763,705640,0.0,0.0
2021-08-06 02:32:23.211763,705703,0.0,3.6
2021-08-06 02:32:23.368711,705640,0.0,0.0
2021-08-06 02:32:23.368711,705703,0.0,3.6
2021-08-06 02:32:23.526150,705640,0.0,0.0
2021-08-06 02:32:23.526150,705703,0.0,3.6
2021-08-06 02:32:23.683451,705640,0.0,0.0
2021-08-06 02:32:23.683451,705703,0.0,3.6
2021-08-06 02:32:23.840729,705640,0.0,0.0
2021-08-06 02:32:23.840729,705703,0.0,3.6
2021-08-06 02:32:23.997980,705640,0.0,0.0
2021-08-06 02:32:23.997980,705703,0.0,3.6
2021-08-06 02:32:24.155201,705640,0.0,0.0
2021-08-06 02:32:24.155201,705703,0.0,3.6
2021-08-06 02:32:24.312397,705640,0.0,0.0
2021-08-06 02:32:24.312397,705703,0.0,3.6
2021-08-06 02:32:24.469483,705640,0.0,0.0
2021-08-06 02:32:24.469483,705703,0.0,3.6
2021-08-06 02:32:24.626775,705640,0.0,0.0
2021-08-06 02:32:24.626775,705703,0.0,3.6
2021-08-06 02:32:24.784015,705640,0.0,0.0
2021-08-06 02:32:24.784015,705703,0.0,3.6
2021-08-06 02:32:24.941436,705703,33.3,3.7
2021-08-06 02:32:24.941436,705640,0.0,0.0
2021-08-06 02:32:25.098882,705640,0.0,0.0
2021-08-06 02:32:25.098882,705703,0.0,3.7
2021-08-06 02:32:25.256028,705640,0.0,0.0
2021-08-06 02:32:25.256028,705703,0.0,3.7
2021-08-06 02:32:25.412964,705640,0.0,0.0
2021-08-06 02:32:25.412964,705703,0.0,3.7
2021-08-06 02:32:25.570047,705640,0.0,0.0
2021-08-06 02:32:25.570047,705703,0.0,3.7
2021-08-06 02:32:25.726505,705640,0.0,0.0
2021-08-06 02:32:25.726505,705703,0.0,3.7
2021-08-06 02:32:25.884008,705640,0.0,0.0
2021-08-06 02:32:25.884008,705703,0.0,3.7
2021-08-06 02:32:26.041512,705640,0.0,0.0
2021-08-06 02:32:26.041512,705703,0.0,3.7
2021-08-06 02:32:26.198240,705640,0.0,0.0
2021-08-06 02:32:26.198240,705703,0.0,3.7
2021-08-06 02:32:26.354970,705640,0.0,0.0
2021-08-06 02:32:26.354970,705703,0.0,3.7
2021-08-06 02:32:26.512283,705640,0.0,0.0
2021-08-06 02:32:26.512283,705703,0.0,3.7
2021-08-06 02:32:26.669275,705640,0.0,0.0
2021-08-06 02:32:26.669275,705703,0.0,3.7
2021-08-06 02:32:26.826433,705640,0.0,0.0
2021-08-06 02:32:26.826433,705703,0.0,3.7
2021-08-06 02:32:26.983727,705640,0.0,0.0
2021-08-06 02:32:26.983727,705703,0.0,3.7
2021-08-06 02:32:27.140741,705640,0.0,0.0
2021-08-06 02:32:27.140741,705703,0.0,3.7
2021-08-06 02:32:27.297175,705640,0.0,0.0
2021-08-06 02:32:27.297175,705703,0.0,3.7
2021-08-06 02:32:27.453498,705640,0.0,0.0
2021-08-06 02:32:27.453498,705703,0.0,3.7
2021-08-06 02:32:27.610831,705640,0.0,0.0
2021-08-06 02:32:27.610831,705703,0.0,3.7
2021-08-06 02:32:27.768494,705640,0.0,0.0
2021-08-06 02:32:27.768494,705703,0.0,3.7
2021-08-06 02:32:27.925919,705640,0.0,0.0
2021-08-06 02:32:27.925919,705703,0.0,3.7
2021-08-06 02:32:28.082732,705703,6.7,3.7
2021-08-06 02:32:28.082732,705640,0.0,0.0
2021-08-06 02:32:28.239594,705640,0.0,0.0
2021-08-06 02:32:28.239594,705703,0.0,3.7
2021-08-06 02:32:28.396312,705640,0.0,0.0
2021-08-06 02:32:28.396312,705703,0.0,3.7
2021-08-06 02:32:28.553283,705640,0.0,0.0
2021-08-06 02:32:28.553283,705703,0.0,3.7
2021-08-06 02:32:28.710434,705640,0.0,0.0
2021-08-06 02:32:28.710434,705703,0.0,3.7
2021-08-06 02:32:28.868341,705640,0.0,0.0
2021-08-06 02:32:28.868341,705703,0.0,3.7
2021-08-06 02:32:29.025591,705640,0.0,0.0
2021-08-06 02:32:29.025591,705703,0.0,3.7
2021-08-06 02:32:29.183209,705640,0.0,0.0
2021-08-06 02:32:29.183209,705703,0.0,3.7
2021-08-06 02:32:29.341088,705640,0.0,0.0
2021-08-06 02:32:29.341088,705703,0.0,3.7
2021-08-06 02:32:29.498997,705640,0.0,0.0
2021-08-06 02:32:29.498997,705703,0.0,3.7
2021-08-06 02:32:29.656459,705640,0.0,0.0
2021-08-06 02:32:29.656459,705703,0.0,3.7
2021-08-06 02:32:29.814200,705640,0.0,0.0
2021-08-06 02:32:29.814200,705703,0.0,3.7
2021-08-06 02:32:29.971946,705640,0.0,0.0
2021-08-06 02:32:29.971946,705703,0.0,3.7
2021-08-06 02:32:30.129309,705640,0.0,0.0
2021-08-06 02:32:30.129309,705703,0.0,3.7
2021-08-06 02:32:30.287168,705640,0.0,0.0
2021-08-06 02:32:30.287168,705703,0.0,3.7
2021-08-06 02:32:30.444520,705640,0.0,0.0
2021-08-06 02:32:30.444520,705703,0.0,3.7
2021-08-06 02:32:30.601746,705640,0.0,0.0
2021-08-06 02:32:30.601746,705703,0.0,3.7
2021-08-06 02:32:30.759126,705640,0.0,0.0
2021-08-06 02:32:30.759126,705703,0.0,3.7
2021-08-06 02:32:30.916367,705640,0.0,0.0
2021-08-06 02:32:30.916367,705703,0.0,3.7
2021-08-06 02:32:31.073573,705640,0.0,0.0
2021-08-06 02:32:31.073573,705703,0.0,3.7
2021-08-06 02:32:31.230760,705640,0.0,0.0
2021-08-06 02:32:31.230760,705703,0.0,3.7
2021-08-06 02:32:31.387972,705640,0.0,0.0
2021-08-06 02:32:31.387972,705703,0.0,3.7
2021-08-06 02:32:31.545249,705640,0.0,0.0
2021-08-06 02:32:31.545249,705703,0.0,3.7
2021-08-06 02:32:31.702707,705640,0.0,0.0
2021-08-06 02:32:31.702707,705703,0.0,3.7
2021-08-06 02:32:31.859970,705640,0.0,0.0
2021-08-06 02:32:31.859970,705703,0.0,3.7
2021-08-06 02:32:32.017202,705640,0.0,0.0
2021-08-06 02:32:32.017202,705703,0.0,3.7
2021-08-06 02:32:32.174695,705640,0.0,0.0
2021-08-06 02:32:32.174695,705703,0.0,3.7
2021-08-06 02:32:32.332149,705640,0.0,0.0
2021-08-06 02:32:32.332149,705703,0.0,3.7
2021-08-06 02:32:32.489443,705640,0.0,0.0
2021-08-06 02:32:32.489443,705703,0.0,3.7
2021-08-06 02:32:32.646777,705640,0.0,0.0
2021-08-06 02:32:32.646777,705703,0.0,3.7
2021-08-06 02:32:32.804037,705640,0.0,0.0
2021-08-06 02:32:32.804037,705703,0.0,3.7
2021-08-06 02:32:32.961248,705640,0.0,0.0
2021-08-06 02:32:32.961248,705703,0.0,3.7
2021-08-06 02:32:33.118701,705640,0.0,0.0
2021-08-06 02:32:33.118701,705703,0.0,3.7
2021-08-06 02:32:33.275967,705640,0.0,0.0
2021-08-06 02:32:33.275967,705703,0.0,3.7
2021-08-06 02:32:33.433233,705640,0.0,0.0
2021-08-06 02:32:33.433233,705703,0.0,3.7
2021-08-06 02:32:33.590711,705640,0.0,0.0
2021-08-06 02:32:33.590711,705703,0.0,3.7
2021-08-06 02:32:33.747985,705640,0.0,0.0
2021-08-06 02:32:33.747985,705703,0.0,3.7
2021-08-06 02:32:33.905082,705640,0.0,0.0
2021-08-06 02:32:33.905082,705703,0.0,3.7
2021-08-06 02:32:34.062283,705640,0.0,0.0
2021-08-06 02:32:34.062283,705703,0.0,3.7
2021-08-06 02:32:34.219407,705640,0.0,0.0
2021-08-06 02:32:34.219407,705703,0.0,3.7
2021-08-06 02:32:34.376590,705640,0.0,0.0
2021-08-06 02:32:34.376590,705703,0.0,3.7
2021-08-06 02:32:34.533982,705640,0.0,0.0
2021-08-06 02:32:34.533982,705703,0.0,3.7
2021-08-06 02:32:34.691117,705640,0.0,0.0
2021-08-06 02:32:34.691117,705703,0.0,3.7
2021-08-06 02:32:34.848142,705640,0.0,0.0
2021-08-06 02:32:34.848142,705703,0.0,3.7
2021-08-06 02:32:35.005870,705640,0.0,0.0
2021-08-06 02:32:35.005870,705703,0.0,3.7
2021-08-06 02:32:35.163115,705640,0.0,0.0
2021-08-06 02:32:35.163115,705703,0.0,3.7
2021-08-06 02:32:35.320464,705640,0.0,0.0
2021-08-06 02:32:35.320464,705703,0.0,3.7
2021-08-06 02:32:35.476605,705640,0.0,0.0
2021-08-06 02:32:35.476605,705703,0.0,3.7
2021-08-06 02:32:35.633914,705640,0.0,0.0
2021-08-06 02:32:35.633914,705703,0.0,3.7
2021-08-06 02:32:35.791080,705640,0.0,0.0
2021-08-06 02:32:35.791080,705703,0.0,3.7
2021-08-06 02:32:35.948516,705640,0.0,0.0
2021-08-06 02:32:35.948516,705703,0.0,3.7
2021-08-06 02:32:36.105740,705640,0.0,0.0
2021-08-06 02:32:36.105740,705703,0.0,3.7
2021-08-06 02:32:36.262941,705640,0.0,0.0
2021-08-06 02:32:36.262941,705703,0.0,3.7
2021-08-06 02:32:36.420159,705640,0.0,0.0
2021-08-06 02:32:36.420159,705703,0.0,3.7
2021-08-06 02:32:36.577415,705640,0.0,0.0
2021-08-06 02:32:36.577415,705703,0.0,3.7
2021-08-06 02:32:36.734688,705640,0.0,0.0
2021-08-06 02:32:36.734688,705703,0.0,3.7
2021-08-06 02:32:36.892005,705640,0.0,0.0
2021-08-06 02:32:36.892005,705703,0.0,3.7
2021-08-06 02:32:37.049332,705640,0.0,0.0
2021-08-06 02:32:37.049332,705703,0.0,3.7
2021-08-06 02:32:37.206533,705640,0.0,0.0
2021-08-06 02:32:37.206533,705703,0.0,3.7
2021-08-06 02:32:37.364393,705640,0.0,0.0
2021-08-06 02:32:37.364393,705703,0.0,3.7
2021-08-06 02:32:37.521693,705640,0.0,0.0
2021-08-06 02:32:37.521693,705703,0.0,3.7
2021-08-06 02:32:37.679015,705640,0.0,0.0
2021-08-06 02:32:37.679015,705703,0.0,3.7
2021-08-06 02:32:37.836665,705640,0.0,0.0
2021-08-06 02:32:37.836665,705703,0.0,3.7
2021-08-06 02:32:37.994144,705640,0.0,0.0
2021-08-06 02:32:37.994144,705703,0.0,3.7
2021-08-06 02:32:38.151406,705640,0.0,0.0
2021-08-06 02:32:38.151406,705703,0.0,3.7
2021-08-06 02:32:38.308752,705640,0.0,0.0
2021-08-06 02:32:38.308752,705703,0.0,3.7
2021-08-06 02:32:38.466216,705640,0.0,0.0
2021-08-06 02:32:38.466216,705703,0.0,3.7
2021-08-06 02:32:38.623512,705640,0.0,0.0
2021-08-06 02:32:38.623512,705703,0.0,3.7
2021-08-06 02:32:38.780810,705640,0.0,0.0
2021-08-06 02:32:38.780810,705703,0.0,3.7
2021-08-06 02:32:38.938016,705640,0.0,0.0
2021-08-06 02:32:38.938016,705703,0.0,3.7
2021-08-06 02:32:39.095513,705640,0.0,0.0
2021-08-06 02:32:39.095513,705703,0.0,3.7
2021-08-06 02:32:39.253301,705640,0.0,0.0
2021-08-06 02:32:39.253301,705703,0.0,3.7
2021-08-06 02:32:39.410549,705640,0.0,0.0
2021-08-06 02:32:39.410549,705703,0.0,3.7
2021-08-06 02:32:39.567793,705640,0.0,0.0
2021-08-06 02:32:39.567793,705703,0.0,3.7
2021-08-06 02:32:39.725142,705640,0.0,0.0
2021-08-06 02:32:39.725142,705703,0.0,3.7
2021-08-06 02:32:39.882426,705640,0.0,0.0
2021-08-06 02:32:39.882426,705703,0.0,3.7
2021-08-06 02:32:40.039688,705640,0.0,0.0
2021-08-06 02:32:40.039688,705703,0.0,3.7
2021-08-06 02:32:40.196948,705703,6.7,3.7
2021-08-06 02:32:40.196948,705640,0.0,0.0
2021-08-06 02:32:40.354430,705640,0.0,0.0
2021-08-06 02:32:40.354430,705703,0.0,3.7
2021-08-06 02:32:40.511688,705640,0.0,0.0
2021-08-06 02:32:40.511688,705703,0.0,3.7
2021-08-06 02:32:40.669025,705640,0.0,0.0
2021-08-06 02:32:40.669025,705703,0.0,3.7
2021-08-06 02:32:40.826362,705640,0.0,0.0
2021-08-06 02:32:40.826362,705703,0.0,3.7
2021-08-06 02:32:40.983803,705640,0.0,0.0
2021-08-06 02:32:40.983803,705703,0.0,3.7
2021-08-06 02:32:41.140574,705640,0.0,0.0
2021-08-06 02:32:41.140574,705703,0.0,3.7
2021-08-06 02:32:41.298091,705640,0.0,0.0
2021-08-06 02:32:41.298091,705703,0.0,3.7
2021-08-06 02:32:41.455351,705640,0.0,0.0
2021-08-06 02:32:41.455351,705703,0.0,3.7
2021-08-06 02:32:41.612762,705640,0.0,0.0
2021-08-06 02:32:41.612762,705703,0.0,3.7
2021-08-06 02:32:41.770500,705640,0.0,0.0
2021-08-06 02:32:41.770500,705703,0.0,3.7
2021-08-06 02:32:41.927786,705640,0.0,0.0
2021-08-06 02:32:41.927786,705703,0.0,3.7
2021-08-06 02:32:42.085055,705640,0.0,0.0
2021-08-06 02:32:42.085055,705703,0.0,3.7
2021-08-06 02:32:42.242273,705640,0.0,0.0
2021-08-06 02:32:42.242273,705703,0.0,3.7
2021-08-06 02:32:42.399466,705640,0.0,0.0
2021-08-06 02:32:42.399466,705703,0.0,3.7
2021-08-06 02:32:42.556621,705640,0.0,0.0
2021-08-06 02:32:42.556621,705703,0.0,3.7
2021-08-06 02:32:42.714127,705640,0.0,0.0
2021-08-06 02:32:42.714127,705703,0.0,3.7
2021-08-06 02:32:42.871419,705640,0.0,0.0
2021-08-06 02:32:42.871419,705703,0.0,3.7
2021-08-06 02:32:43.028861,705640,0.0,0.0
2021-08-06 02:32:43.028861,705703,0.0,3.7
2021-08-06 02:32:43.186421,705640,0.0,0.0
2021-08-06 02:32:43.186421,705703,0.0,3.7
2021-08-06 02:32:43.343957,705640,0.0,0.0
2021-08-06 02:32:43.343957,705703,0.0,3.7
2021-08-06 02:32:43.501486,705640,0.0,0.0
2021-08-06 02:32:43.501486,705703,0.0,3.7
2021-08-06 02:32:43.658749,705640,0.0,0.0
2021-08-06 02:32:43.658749,705703,0.0,3.7
2021-08-06 02:32:43.816185,705640,0.0,0.0
2021-08-06 02:32:43.816185,705703,0.0,3.7
2021-08-06 02:32:43.973411,705640,0.0,0.0
2021-08-06 02:32:43.973411,705703,0.0,3.7
2021-08-06 02:32:44.130612,705640,0.0,0.0
2021-08-06 02:32:44.130612,705703,0.0,3.7
2021-08-06 02:32:44.288279,705640,0.0,0.0
2021-08-06 02:32:44.288279,705703,0.0,3.7
2021-08-06 02:32:44.445818,705640,0.0,0.0
2021-08-06 02:32:44.445818,705703,0.0,3.7
2021-08-06 02:32:44.603389,705640,0.0,0.0
2021-08-06 02:32:44.603389,705703,0.0,3.7
2021-08-06 02:32:44.760944,705640,0.0,0.0
2021-08-06 02:32:44.760944,705703,0.0,3.7
2021-08-06 02:32:44.918157,705640,0.0,0.0
2021-08-06 02:32:44.918157,705703,0.0,3.7
2021-08-06 02:32:45.075920,705640,0.0,0.0
2021-08-06 02:32:45.075920,705703,0.0,3.7
2021-08-06 02:32:45.233162,705640,0.0,0.0
2021-08-06 02:32:45.233162,705703,0.0,3.7
2021-08-06 02:32:45.390369,705640,0.0,0.0
2021-08-06 02:32:45.390369,705703,0.0,3.7
2021-08-06 02:32:45.547669,705640,0.0,0.0
2021-08-06 02:32:45.547669,705703,0.0,3.7
2021-08-06 02:32:45.704902,705640,0.0,0.0
2021-08-06 02:32:45.704902,705703,0.0,3.7
2021-08-06 02:32:45.862354,705640,0.0,0.0
2021-08-06 02:32:45.862354,705703,0.0,3.7
2021-08-06 02:32:46.019505,705640,0.0,0.0
2021-08-06 02:32:46.019505,705703,0.0,3.7
2021-08-06 02:32:46.176406,705640,0.0,0.0
2021-08-06 02:32:46.176406,705703,0.0,3.7
2021-08-06 02:32:46.333392,705640,0.0,0.0
2021-08-06 02:32:46.333392,705703,0.0,3.7
2021-08-06 02:32:46.490684,705640,0.0,0.0
2021-08-06 02:32:46.490684,705703,0.0,3.7
2021-08-06 02:32:46.647848,705640,0.0,0.0
2021-08-06 02:32:46.647848,705703,0.0,3.7
2021-08-06 02:32:46.804978,705640,0.0,0.0
2021-08-06 02:32:46.804978,705703,0.0,3.7
2021-08-06 02:32:46.962168,705640,0.0,0.0
2021-08-06 02:32:46.962168,705703,0.0,3.7
2021-08-06 02:32:47.119495,705640,0.0,0.0
2021-08-06 02:32:47.119495,705703,0.0,3.7
2021-08-06 02:32:47.276828,705640,0.0,0.0
2021-08-06 02:32:47.276828,705703,0.0,3.7
2021-08-06 02:32:47.433853,705640,0.0,0.0
2021-08-06 02:32:47.433853,705703,0.0,3.7
2021-08-06 02:32:47.591414,705640,0.0,0.0
2021-08-06 02:32:47.591414,705703,0.0,3.7
2021-08-06 02:32:47.748752,705640,0.0,0.0
2021-08-06 02:32:47.748752,705703,0.0,3.7
2021-08-06 02:32:47.905999,705640,0.0,0.0
2021-08-06 02:32:47.905999,705703,0.0,3.7
2021-08-06 02:32:48.063322,705640,0.0,0.0
2021-08-06 02:32:48.063322,705703,0.0,3.7
2021-08-06 02:32:48.220688,705640,0.0,0.0
2021-08-06 02:32:48.220688,705703,0.0,3.7
2021-08-06 02:32:48.378208,705640,0.0,0.0
2021-08-06 02:32:48.378208,705703,0.0,3.7
2021-08-06 02:32:48.535669,705640,0.0,0.0
2021-08-06 02:32:48.535669,705703,0.0,3.7
2021-08-06 02:32:48.693085,705640,0.0,0.0
2021-08-06 02:32:48.693085,705703,0.0,3.7
2021-08-06 02:32:48.850269,705640,0.0,0.0
2021-08-06 02:32:48.850269,705703,0.0,3.7
2021-08-06 02:32:49.007553,705640,0.0,0.0
2021-08-06 02:32:49.007553,705703,0.0,3.7
2021-08-06 02:32:49.164503,705640,0.0,0.0
2021-08-06 02:32:49.164503,705703,0.0,3.7
2021-08-06 02:32:49.321614,705640,0.0,0.0
2021-08-06 02:32:49.321614,705703,0.0,3.7
2021-08-06 02:32:49.479326,705640,0.0,0.0
2021-08-06 02:32:49.479326,705703,0.0,3.7
2021-08-06 02:32:49.636523,705640,0.0,0.0
2021-08-06 02:32:49.636523,705703,0.0,3.7
2021-08-06 02:32:49.793569,705640,0.0,0.0
2021-08-06 02:32:49.793569,705703,0.0,3.7
2021-08-06 02:32:49.951268,705640,0.0,0.0
2021-08-06 02:32:49.951268,705703,0.0,3.7
2021-08-06 02:32:50.108704,705640,0.0,0.0
2021-08-06 02:32:50.108704,705703,0.0,3.7
2021-08-06 02:32:50.266174,705640,0.0,0.0
2021-08-06 02:32:50.266174,705703,0.0,3.7
2021-08-06 02:32:50.423550,705640,0.0,0.0
2021-08-06 02:32:50.423550,705703,0.0,3.7
2021-08-06 02:32:50.580936,705640,0.0,0.0
2021-08-06 02:32:50.580936,705703,0.0,3.7
2021-08-06 02:32:50.738217,705640,0.0,0.0
2021-08-06 02:32:50.738217,705703,0.0,3.7
2021-08-06 02:32:50.895421,705640,0.0,0.0
2021-08-06 02:32:50.895421,705703,0.0,3.7
2021-08-06 02:32:51.052816,705640,0.0,0.0
2021-08-06 02:32:51.052816,705703,0.0,3.7
2021-08-06 02:32:51.210425,705640,0.0,0.0
2021-08-06 02:32:51.210425,705703,0.0,3.7
2021-08-06 02:32:51.367717,705640,0.0,0.0
2021-08-06 02:32:51.367717,705703,0.0,3.7
2021-08-06 02:32:51.525058,705640,0.0,0.0
2021-08-06 02:32:51.525058,705703,0.0,3.7
2021-08-06 02:32:51.682366,705640,0.0,0.0
2021-08-06 02:32:51.682366,705703,0.0,3.7
2021-08-06 02:32:51.839578,705640,0.0,0.0
2021-08-06 02:32:51.839578,705703,0.0,3.7
2021-08-06 02:32:51.996835,705640,0.0,0.0
2021-08-06 02:32:51.996835,705703,0.0,3.7
2021-08-06 02:32:52.154068,705640,0.0,0.0
2021-08-06 02:32:52.154068,705703,0.0,3.7
2021-08-06 02:32:52.311228,705640,0.0,0.0
2021-08-06 02:32:52.311228,705703,0.0,3.7
2021-08-06 02:32:52.468505,705640,0.0,0.0
2021-08-06 02:32:52.468505,705703,0.0,3.7
2021-08-06 02:32:52.625856,705640,0.0,0.0
2021-08-06 02:32:52.625856,705703,0.0,3.7
2021-08-06 02:32:52.783232,705640,0.0,0.0
2021-08-06 02:32:52.783232,705703,0.0,3.7
2021-08-06 02:32:52.940461,705640,0.0,0.0
2021-08-06 02:32:52.940461,705703,0.0,3.7
2021-08-06 02:32:53.097452,705640,0.0,0.0
2021-08-06 02:32:53.097452,705703,0.0,3.7
2021-08-06 02:32:53.254665,705640,0.0,0.0
2021-08-06 02:32:53.254665,705703,0.0,3.7
2021-08-06 02:32:53.411893,705640,0.0,0.0
2021-08-06 02:32:53.411893,705703,0.0,3.7
2021-08-06 02:32:53.569116,705640,0.0,0.0
2021-08-06 02:32:53.569116,705703,0.0,3.7
2021-08-06 02:32:53.726572,705640,0.0,0.0
2021-08-06 02:32:53.726572,705703,0.0,3.7
2021-08-06 02:32:53.883891,705640,0.0,0.0
2021-08-06 02:32:53.883891,705703,0.0,3.7
2021-08-06 02:32:54.041437,705640,0.0,0.0
2021-08-06 02:32:54.041437,705703,0.0,3.7
2021-08-06 02:32:54.198661,705640,0.0,0.0
2021-08-06 02:32:54.198661,705703,0.0,3.7
2021-08-06 02:32:54.355686,705640,0.0,0.0
2021-08-06 02:32:54.355686,705703,0.0,3.7
2021-08-06 02:32:54.511646,705640,0.0,0.0
2021-08-06 02:32:54.511646,705703,0.0,3.7
2021-08-06 02:32:54.668799,705640,0.0,0.0
2021-08-06 02:32:54.668799,705703,0.0,3.7
2021-08-06 02:32:54.826095,705640,0.0,0.0
2021-08-06 02:32:54.826095,705703,0.0,3.7
2021-08-06 02:32:54.983349,705640,0.0,0.0
2021-08-06 02:32:54.983349,705703,0.0,3.7
2021-08-06 02:32:55.140674,705640,0.0,0.0
2021-08-06 02:32:55.140674,705703,0.0,3.7
2021-08-06 02:32:55.297973,705640,0.0,0.0
2021-08-06 02:32:55.297973,705703,0.0,3.7
2021-08-06 02:32:55.455262,705640,0.0,0.0
2021-08-06 02:32:55.455262,705703,0.0,3.7
2021-08-06 02:32:55.612479,705640,0.0,0.0
2021-08-06 02:32:55.612479,705703,0.0,3.7
2021-08-06 02:32:55.769809,705640,0.0,0.0
2021-08-06 02:32:55.769809,705703,0.0,3.7
2021-08-06 02:32:55.927179,705640,0.0,0.0
2021-08-06 02:32:55.927179,705703,0.0,3.7
2021-08-06 02:32:56.084470,705640,0.0,0.0
2021-08-06 02:32:56.084470,705703,0.0,3.7
2021-08-06 02:32:56.241790,705640,0.0,0.0
2021-08-06 02:32:56.241790,705703,0.0,3.7
2021-08-06 02:32:56.399004,705640,0.0,0.0
2021-08-06 02:32:56.399004,705703,0.0,3.7
2021-08-06 02:32:56.556149,705640,0.0,0.0
2021-08-06 02:32:56.556149,705703,0.0,3.7
2021-08-06 02:32:56.713284,705640,0.0,0.0
2021-08-06 02:32:56.713284,705703,0.0,3.7
2021-08-06 02:32:56.870438,705640,0.0,0.0
2021-08-06 02:32:56.870438,705703,0.0,3.7
2021-08-06 02:32:57.027693,705640,0.0,0.0
2021-08-06 02:32:57.027693,705703,0.0,3.7
2021-08-06 02:32:57.184959,705640,0.0,0.0
2021-08-06 02:32:57.184959,705703,0.0,3.7
2021-08-06 02:32:57.342233,705640,0.0,0.0
2021-08-06 02:32:57.342233,705703,0.0,3.7
2021-08-06 02:32:57.499458,705640,0.0,0.0
2021-08-06 02:32:57.499458,705703,0.0,3.7
2021-08-06 02:32:57.656708,705640,0.0,0.0
2021-08-06 02:32:57.656708,705703,0.0,3.7
2021-08-06 02:32:57.814180,705640,0.0,0.0
2021-08-06 02:32:57.814180,705703,0.0,3.7
2021-08-06 02:32:57.971465,705640,0.0,0.0
2021-08-06 02:32:57.971465,705703,0.0,3.7
2021-08-06 02:32:58.128856,705640,0.0,0.0
2021-08-06 02:32:58.128856,705703,0.0,3.7
2021-08-06 02:32:58.286026,705640,0.0,0.0
2021-08-06 02:32:58.286026,705703,0.0,3.7
2021-08-06 02:32:58.443166,705640,0.0,0.0
2021-08-06 02:32:58.443166,705703,0.0,3.7
2021-08-06 02:32:58.600286,705640,0.0,0.0
2021-08-06 02:32:58.600286,705703,0.0,3.7
2021-08-06 02:32:58.757583,705640,0.0,0.0
2021-08-06 02:32:58.757583,705703,0.0,3.7
2021-08-06 02:32:58.914817,705640,0.0,0.0
2021-08-06 02:32:58.914817,705703,0.0,3.7
2021-08-06 02:32:59.072250,705640,0.0,0.0
2021-08-06 02:32:59.072250,705703,0.0,3.7
2021-08-06 02:32:59.229493,705640,0.0,0.0
2021-08-06 02:32:59.229493,705703,0.0,3.7
2021-08-06 02:32:59.386708,705640,0.0,0.0
2021-08-06 02:32:59.386708,705703,0.0,3.7
2021-08-06 02:32:59.543964,705640,0.0,0.0
2021-08-06 02:32:59.543964,705703,0.0,3.7
2021-08-06 02:32:59.701314,705640,0.0,0.0
2021-08-06 02:32:59.701314,705703,0.0,3.7
2021-08-06 02:32:59.858512,705640,0.0,0.0
2021-08-06 02:32:59.858512,705703,0.0,3.7
2021-08-06 02:33:00.015708,705640,0.0,0.0
2021-08-06 02:33:00.015708,705703,0.0,3.7
2021-08-06 02:33:00.172975,705640,0.0,0.0
2021-08-06 02:33:00.172975,705703,0.0,3.7
2021-08-06 02:33:00.330410,705640,0.0,0.0
2021-08-06 02:33:00.330410,705703,0.0,3.7
2021-08-06 02:33:00.487741,705640,0.0,0.0
2021-08-06 02:33:00.487741,705703,0.0,3.7
2021-08-06 02:33:00.644934,705640,0.0,0.0
2021-08-06 02:33:00.644934,705703,0.0,3.7
2021-08-06 02:33:00.802129,705640,0.0,0.0
2021-08-06 02:33:00.802129,705703,0.0,3.7
2021-08-06 02:33:00.959496,705640,0.0,0.0
2021-08-06 02:33:00.959496,705703,0.0,3.7
2021-08-06 02:33:01.116933,705640,0.0,0.0
2021-08-06 02:33:01.116933,705703,0.0,3.7
2021-08-06 02:33:01.274066,705640,0.0,0.0
2021-08-06 02:33:01.274066,705703,0.0,3.7
2021-08-06 02:33:01.431294,705640,0.0,0.0
2021-08-06 02:33:01.431294,705703,0.0,3.7
2021-08-06 02:33:01.588564,705640,0.0,0.0
2021-08-06 02:33:01.588564,705703,0.0,3.7
2021-08-06 02:33:01.745845,705640,0.0,0.0
2021-08-06 02:33:01.745845,705703,0.0,3.7
2021-08-06 02:33:01.903094,705640,0.0,0.0
2021-08-06 02:33:01.903094,705703,0.0,3.7
2021-08-06 02:33:02.060401,705640,0.0,0.0
2021-08-06 02:33:02.060401,705703,0.0,3.7
2021-08-06 02:33:02.217608,705640,0.0,0.0
2021-08-06 02:33:02.217608,705703,0.0,3.7
2021-08-06 02:33:02.374845,705640,0.0,0.0
2021-08-06 02:33:02.374845,705703,0.0,3.7
2021-08-06 02:33:02.532211,705640,0.0,0.0
2021-08-06 02:33:02.532211,705703,0.0,3.7
2021-08-06 02:33:02.689535,705640,0.0,0.0
2021-08-06 02:33:02.689535,705703,0.0,3.7
2021-08-06 02:33:02.846761,705640,0.0,0.0
2021-08-06 02:33:02.846761,705703,0.0,3.7
2021-08-06 02:33:03.004116,705640,0.0,0.0
2021-08-06 02:33:03.004116,705703,0.0,3.7
2021-08-06 02:33:03.161805,705703,6.7,3.7
2021-08-06 02:33:03.161805,705640,0.0,0.0
2021-08-06 02:33:03.319003,705640,0.0,0.0
2021-08-06 02:33:03.319003,705703,0.0,3.7
2021-08-06 02:33:03.476153,705640,0.0,0.0
2021-08-06 02:33:03.476153,705703,0.0,3.7
2021-08-06 02:33:03.633458,705640,0.0,0.0
2021-08-06 02:33:03.633458,705703,0.0,3.7
2021-08-06 02:33:03.790716,705640,0.0,0.0
2021-08-06 02:33:03.790716,705703,0.0,3.7
2021-08-06 02:33:03.947954,705640,0.0,0.0
2021-08-06 02:33:03.947954,705703,0.0,3.7
2021-08-06 02:33:04.105459,705640,0.0,0.0
2021-08-06 02:33:04.105459,705703,0.0,3.7
2021-08-06 02:33:04.262835,705640,0.0,0.0
2021-08-06 02:33:04.262835,705703,0.0,3.7
2021-08-06 02:33:04.420667,705640,0.0,0.0
2021-08-06 02:33:04.420667,705703,0.0,3.7
2021-08-06 02:33:04.578136,705640,0.0,0.0
2021-08-06 02:33:04.578136,705703,0.0,3.7
2021-08-06 02:33:04.735673,705640,0.0,0.0
2021-08-06 02:33:04.735673,705703,0.0,3.7
2021-08-06 02:33:04.892964,705640,0.0,0.0
2021-08-06 02:33:04.892964,705703,0.0,3.7
2021-08-06 02:33:05.050205,705640,0.0,0.0
2021-08-06 02:33:05.050205,705703,0.0,3.7
2021-08-06 02:33:05.207563,705640,0.0,0.0
2021-08-06 02:33:05.207563,705703,0.0,3.7
2021-08-06 02:33:05.364727,705640,0.0,0.0
2021-08-06 02:33:05.364727,705703,0.0,3.7
2021-08-06 02:33:05.521894,705640,0.0,0.0
2021-08-06 02:33:05.521894,705703,0.0,3.7
2021-08-06 02:33:05.679442,705640,0.0,0.0
2021-08-06 02:33:05.679442,705703,0.0,3.7
2021-08-06 02:33:05.836719,705640,0.0,0.0
2021-08-06 02:33:05.836719,705703,0.0,3.7
2021-08-06 02:33:05.993880,705640,0.0,0.0
2021-08-06 02:33:05.993880,705703,0.0,3.7
2021-08-06 02:33:06.151142,705640,0.0,0.0
2021-08-06 02:33:06.151142,705703,0.0,3.7
2021-08-06 02:33:06.308192,705640,0.0,0.0
2021-08-06 02:33:06.308192,705703,0.0,3.7
2021-08-06 02:33:06.465086,705640,0.0,0.0
2021-08-06 02:33:06.465086,705703,0.0,3.7
2021-08-06 02:33:06.622057,705640,0.0,0.0
2021-08-06 02:33:06.622057,705703,0.0,3.7
2021-08-06 02:33:06.779264,705640,0.0,0.0
2021-08-06 02:33:06.779264,705703,0.0,3.7
2021-08-06 02:33:06.936449,705640,0.0,0.0
2021-08-06 02:33:06.936449,705703,0.0,3.7
2021-08-06 02:33:07.093902,705640,0.0,0.0
2021-08-06 02:33:07.093902,705703,0.0,3.7
2021-08-06 02:33:07.251118,705640,0.0,0.0
2021-08-06 02:33:07.251118,705703,0.0,3.7
2021-08-06 02:33:07.408348,705640,0.0,0.0
2021-08-06 02:33:07.408348,705703,0.0,3.7
2021-08-06 02:33:07.565608,705640,0.0,0.0
2021-08-06 02:33:07.565608,705703,0.0,3.7
2021-08-06 02:33:07.722934,705703,6.7,3.7
2021-08-06 02:33:07.722934,705640,0.0,0.0
2021-08-06 02:33:07.880172,705640,0.0,0.0
2021-08-06 02:33:07.880172,705703,0.0,3.7
2021-08-06 02:33:08.037428,705640,0.0,0.0
2021-08-06 02:33:08.037428,705703,0.0,3.7
2021-08-06 02:33:08.194805,705640,0.0,0.0
2021-08-06 02:33:08.194805,705703,0.0,3.7
2021-08-06 02:33:08.352095,705640,0.0,0.0
2021-08-06 02:33:08.352095,705703,0.0,3.7
2021-08-06 02:33:08.509373,705640,0.0,0.0
2021-08-06 02:33:08.509373,705703,0.0,3.7
2021-08-06 02:33:08.666669,705640,0.0,0.0
2021-08-06 02:33:08.666669,705703,0.0,3.7
2021-08-06 02:33:08.824011,705640,0.0,0.0
2021-08-06 02:33:08.824011,705703,0.0,3.7
2021-08-06 02:33:08.981322,705640,0.0,0.0
2021-08-06 02:33:08.981322,705703,0.0,3.7
2021-08-06 02:33:09.138519,705640,0.0,0.0
2021-08-06 02:33:09.138519,705703,0.0,3.7
2021-08-06 02:33:09.295699,705640,0.0,0.0
2021-08-06 02:33:09.295699,705703,0.0,3.7
2021-08-06 02:33:09.453186,705640,0.0,0.0
2021-08-06 02:33:09.453186,705703,0.0,3.7
2021-08-06 02:33:09.610420,705640,0.0,0.0
2021-08-06 02:33:09.610420,705703,0.0,3.7
2021-08-06 02:33:09.767773,705640,0.0,0.0
2021-08-06 02:33:09.767773,705703,0.0,3.7
2021-08-06 02:33:09.925060,705640,0.0,0.0
2021-08-06 02:33:09.925060,705703,0.0,3.7
2021-08-06 02:33:10.082513,705640,0.0,0.0
2021-08-06 02:33:10.082513,705703,0.0,3.7
2021-08-06 02:33:10.240046,705640,0.0,0.0
2021-08-06 02:33:10.240046,705703,0.0,3.7
2021-08-06 02:33:10.397319,705640,0.0,0.0
2021-08-06 02:33:10.397319,705703,0.0,3.7
2021-08-06 02:33:10.554751,705640,0.0,0.0
2021-08-06 02:33:10.554751,705703,0.0,3.7
2021-08-06 02:33:10.712126,705640,0.0,0.0
2021-08-06 02:33:10.712126,705703,0.0,3.7
2021-08-06 02:33:10.869566,705640,0.0,0.0
2021-08-06 02:33:10.869566,705703,0.0,3.7
2021-08-06 02:33:11.027065,705640,0.0,0.0
2021-08-06 02:33:11.027065,705703,0.0,3.7
2021-08-06 02:33:11.184603,705640,0.0,0.0
2021-08-06 02:33:11.184603,705703,0.0,3.7
2021-08-06 02:33:11.341806,705640,0.0,0.0
2021-08-06 02:33:11.341806,705703,0.0,3.7
2021-08-06 02:33:11.498862,705640,0.0,0.0
2021-08-06 02:33:11.498862,705703,0.0,3.7
2021-08-06 02:33:11.656219,705640,0.0,0.0
2021-08-06 02:33:11.656219,705703,0.0,3.7
2021-08-06 02:33:11.813467,705640,0.0,0.0
2021-08-06 02:33:11.813467,705703,0.0,3.7
2021-08-06 02:33:11.970654,705640,0.0,0.0
2021-08-06 02:33:11.970654,705703,0.0,3.7
2021-08-06 02:33:12.127760,705640,0.0,0.0
2021-08-06 02:33:12.127760,705703,0.0,3.7
2021-08-06 02:33:12.284802,705640,0.0,0.0
2021-08-06 02:33:12.284802,705703,0.0,3.7
2021-08-06 02:33:12.441751,705640,0.0,0.0
2021-08-06 02:33:12.441751,705703,0.0,3.7
2021-08-06 02:33:12.598983,705640,0.0,0.0
2021-08-06 02:33:12.598983,705703,0.0,3.7
2021-08-06 02:33:12.756356,705640,0.0,0.0
2021-08-06 02:33:12.756356,705703,0.0,3.7
2021-08-06 02:33:12.913653,705640,0.0,0.0
2021-08-06 02:33:12.913653,705703,0.0,3.7
2021-08-06 02:33:13.070985,705640,0.0,0.0
2021-08-06 02:33:13.070985,705703,0.0,3.7
2021-08-06 02:33:13.228320,705640,0.0,0.0
2021-08-06 02:33:13.228320,705703,0.0,3.7
2021-08-06 02:33:13.385558,705640,0.0,0.0
2021-08-06 02:33:13.385558,705703,0.0,3.7
2021-08-06 02:33:13.542818,705640,0.0,0.0
2021-08-06 02:33:13.542818,705703,0.0,3.7
2021-08-06 02:33:13.700139,705640,0.0,0.0
2021-08-06 02:33:13.700139,705703,0.0,3.7
2021-08-06 02:33:13.857271,705640,0.0,0.0
2021-08-06 02:33:13.857271,705703,0.0,3.7
2021-08-06 02:33:14.014471,705640,0.0,0.0
2021-08-06 02:33:14.014471,705703,0.0,3.7
2021-08-06 02:33:14.171731,705640,0.0,0.0
2021-08-06 02:33:14.171731,705703,0.0,3.7
2021-08-06 02:33:14.328947,705640,0.0,0.0
2021-08-06 02:33:14.328947,705703,0.0,3.7
2021-08-06 02:33:14.486480,705640,0.0,0.0
2021-08-06 02:33:14.486480,705703,0.0,3.7
2021-08-06 02:33:14.643900,705640,0.0,0.0
2021-08-06 02:33:14.643900,705703,0.0,3.7
2021-08-06 02:33:14.801167,705640,0.0,0.0
2021-08-06 02:33:14.801167,705703,0.0,3.7
2021-08-06 02:33:14.958438,705640,0.0,0.0
2021-08-06 02:33:14.958438,705703,0.0,3.7
2021-08-06 02:33:15.115743,705640,0.0,0.0
2021-08-06 02:33:15.115743,705703,0.0,3.7
2021-08-06 02:33:15.273062,705640,0.0,0.0
2021-08-06 02:33:15.273062,705703,0.0,3.7
2021-08-06 02:33:15.430390,705640,0.0,0.0
2021-08-06 02:33:15.430390,705703,0.0,3.7
2021-08-06 02:33:15.587641,705640,0.0,0.0
2021-08-06 02:33:15.587641,705703,0.0,3.7
2021-08-06 02:33:15.745021,705640,0.0,0.0
2021-08-06 02:33:15.745021,705703,0.0,3.7
2021-08-06 02:33:15.902509,705640,0.0,0.0
2021-08-06 02:33:15.902509,705703,0.0,3.7
2021-08-06 02:33:16.059810,705640,0.0,0.0
2021-08-06 02:33:16.059810,705703,0.0,3.7
2021-08-06 02:33:16.216920,705640,0.0,0.0
2021-08-06 02:33:16.216920,705703,0.0,3.7
2021-08-06 02:33:16.374170,705640,0.0,0.0
2021-08-06 02:33:16.374170,705703,0.0,3.7
2021-08-06 02:33:16.531433,705640,0.0,0.0
2021-08-06 02:33:16.531433,705703,0.0,3.7
2021-08-06 02:33:16.688843,705640,0.0,0.0
2021-08-06 02:33:16.688843,705703,0.0,3.7
2021-08-06 02:33:16.845779,705640,0.0,0.0
2021-08-06 02:33:16.845779,705703,0.0,3.7
2021-08-06 02:33:17.002988,705640,0.0,0.0
2021-08-06 02:33:17.002988,705703,0.0,3.7
2021-08-06 02:33:17.160193,705640,0.0,0.0
2021-08-06 02:33:17.160193,705703,0.0,3.7
2021-08-06 02:33:17.317676,705640,0.0,0.0
2021-08-06 02:33:17.317676,705703,0.0,3.7
2021-08-06 02:33:17.474919,705640,0.0,0.0
2021-08-06 02:33:17.474919,705703,0.0,3.7
2021-08-06 02:33:17.632163,705640,0.0,0.0
2021-08-06 02:33:17.632163,705703,0.0,3.7
2021-08-06 02:33:17.789391,705640,0.0,0.0
2021-08-06 02:33:17.789391,705703,0.0,3.7
2021-08-06 02:33:17.946574,705640,0.0,0.0
2021-08-06 02:33:17.946574,705703,0.0,3.7
2021-08-06 02:33:18.103846,705640,0.0,0.0
2021-08-06 02:33:18.103846,705703,0.0,3.7
2021-08-06 02:33:18.261109,705640,0.0,0.0
2021-08-06 02:33:18.261109,705703,0.0,3.7
2021-08-06 02:33:18.418556,705640,0.0,0.0
2021-08-06 02:33:18.418556,705703,0.0,3.7
2021-08-06 02:33:18.576026,705640,0.0,0.0
2021-08-06 02:33:18.576026,705703,0.0,3.7
2021-08-06 02:33:18.733836,705640,0.0,0.0
2021-08-06 02:33:18.733836,705703,0.0,3.7
2021-08-06 02:33:18.891191,705640,0.0,0.0
2021-08-06 02:33:18.891191,705703,0.0,3.7
2021-08-06 02:33:19.048463,705640,0.0,0.0
2021-08-06 02:33:19.048463,705703,0.0,3.7
2021-08-06 02:33:19.205665,705640,0.0,0.0
2021-08-06 02:33:19.205665,705703,0.0,3.7
2021-08-06 02:33:19.362864,705640,0.0,0.0
2021-08-06 02:33:19.362864,705703,0.0,3.7
2021-08-06 02:33:19.520240,705640,0.0,0.0
2021-08-06 02:33:19.520240,705703,0.0,3.7
2021-08-06 02:33:19.677528,705640,0.0,0.0
2021-08-06 02:33:19.677528,705703,0.0,3.7
2021-08-06 02:33:19.835022,705640,0.0,0.0
2021-08-06 02:33:19.835022,705703,0.0,3.7
2021-08-06 02:33:19.992342,705640,0.0,0.0
2021-08-06 02:33:19.992342,705703,0.0,3.7
2021-08-06 02:33:20.148859,705640,0.0,0.0
2021-08-06 02:33:20.148859,705703,0.0,3.7
2021-08-06 02:33:20.306079,705640,0.0,0.0
2021-08-06 02:33:20.306079,705703,0.0,3.7
2021-08-06 02:33:20.463353,705640,0.0,0.0
2021-08-06 02:33:20.463353,705703,0.0,3.7
2021-08-06 02:33:20.620693,705640,0.0,0.0
2021-08-06 02:33:20.620693,705703,0.0,3.7
2021-08-06 02:33:20.777762,705640,0.0,0.0
2021-08-06 02:33:20.777762,705703,0.0,3.7
2021-08-06 02:33:20.935044,705640,0.0,0.0
2021-08-06 02:33:20.935044,705703,0.0,3.7
2021-08-06 02:33:21.092603,705640,0.0,0.0
2021-08-06 02:33:21.092603,705703,0.0,3.7
2021-08-06 02:33:21.249871,705640,0.0,0.0
2021-08-06 02:33:21.249871,705703,0.0,3.7
2021-08-06 02:33:21.407129,705640,0.0,0.0
2021-08-06 02:33:21.407129,705703,0.0,3.7
2021-08-06 02:33:21.564672,705640,0.0,0.0
2021-08-06 02:33:21.564672,705703,0.0,3.7
2021-08-06 02:33:21.722187,705640,0.0,0.0
2021-08-06 02:33:21.722187,705703,0.0,3.7
2021-08-06 02:33:21.879700,705640,0.0,0.0
2021-08-06 02:33:21.879700,705703,0.0,3.7
2021-08-06 02:33:22.036817,705640,0.0,0.0
2021-08-06 02:33:22.036817,705703,0.0,3.7
2021-08-06 02:33:22.194018,705640,0.0,0.0
2021-08-06 02:33:22.194018,705703,0.0,3.7
2021-08-06 02:33:22.351255,705640,0.0,0.0
2021-08-06 02:33:22.351255,705703,0.0,3.7
2021-08-06 02:33:22.508561,705640,0.0,0.0
2021-08-06 02:33:22.508561,705703,0.0,3.7
2021-08-06 02:33:22.666115,705640,0.0,0.0
2021-08-06 02:33:22.666115,705703,0.0,3.7
2021-08-06 02:33:22.823395,705640,0.0,0.0
2021-08-06 02:33:22.823395,705703,0.0,3.7
2021-08-06 02:33:22.980686,705640,0.0,0.0
2021-08-06 02:33:22.980686,705703,0.0,3.7
2021-08-06 02:33:23.137927,705640,0.0,0.0
2021-08-06 02:33:23.137927,705703,0.0,3.7
2021-08-06 02:33:23.295168,705640,0.0,0.0
2021-08-06 02:33:23.295168,705703,0.0,3.7
2021-08-06 02:33:23.452417,705640,0.0,0.0
2021-08-06 02:33:23.452417,705703,0.0,3.7
2021-08-06 02:33:23.609754,705640,0.0,0.0
2021-08-06 02:33:23.609754,705703,0.0,3.7
2021-08-06 02:33:23.767317,705640,0.0,0.0
2021-08-06 02:33:23.767317,705703,0.0,3.7
2021-08-06 02:33:23.924006,705640,0.0,0.0
2021-08-06 02:33:23.924006,705703,0.0,3.7
2021-08-06 02:33:24.081455,705640,0.0,0.0
2021-08-06 02:33:24.081455,705703,0.0,3.7
2021-08-06 02:33:24.238804,705640,0.0,0.0
2021-08-06 02:33:24.238804,705703,0.0,3.7
2021-08-06 02:33:24.396479,705640,0.0,0.0
2021-08-06 02:33:24.396479,705703,0.0,3.7
2021-08-06 02:33:24.554036,705640,0.0,0.0
2021-08-06 02:33:24.554036,705703,0.0,3.7
2021-08-06 02:33:24.711348,705640,0.0,0.0
2021-08-06 02:33:24.711348,705703,0.0,3.7
2021-08-06 02:33:24.868617,705640,0.0,0.0
2021-08-06 02:33:24.868617,705703,0.0,3.7
2021-08-06 02:33:25.026267,705640,0.0,0.0
2021-08-06 02:33:25.026267,705703,0.0,3.7
2021-08-06 02:33:25.183939,705640,0.0,0.0
2021-08-06 02:33:25.183939,705703,0.0,3.7
2021-08-06 02:33:25.341209,705640,0.0,0.0
2021-08-06 02:33:25.341209,705703,0.0,3.7
2021-08-06 02:33:25.498466,705640,0.0,0.0
2021-08-06 02:33:25.498466,705703,0.0,3.7
2021-08-06 02:33:25.655789,705640,0.0,0.0
2021-08-06 02:33:25.655789,705703,0.0,3.7
2021-08-06 02:33:25.813051,705640,0.0,0.0
2021-08-06 02:33:25.813051,705703,0.0,3.7
2021-08-06 02:33:25.970301,705640,0.0,0.0
2021-08-06 02:33:25.970301,705703,0.0,3.7
2021-08-06 02:33:26.127690,705640,0.0,0.0
2021-08-06 02:33:26.127690,705703,0.0,3.7
2021-08-06 02:33:26.284714,705640,0.0,0.0
2021-08-06 02:33:26.284714,705703,0.0,3.7
2021-08-06 02:33:26.442212,705640,0.0,0.0
2021-08-06 02:33:26.442212,705703,0.0,3.7
2021-08-06 02:33:26.599517,705640,0.0,0.0
2021-08-06 02:33:26.599517,705703,0.0,3.7
2021-08-06 02:33:26.756708,705640,0.0,0.0
2021-08-06 02:33:26.756708,705703,0.0,3.7
2021-08-06 02:33:26.914149,705640,0.0,0.0
2021-08-06 02:33:26.914149,705703,0.0,3.7
2021-08-06 02:33:27.071422,705640,0.0,0.0
2021-08-06 02:33:27.071422,705703,0.0,3.7
2021-08-06 02:33:27.228838,705640,0.0,0.0
2021-08-06 02:33:27.228838,705703,0.0,3.7
2021-08-06 02:33:27.385964,705640,0.0,0.0
2021-08-06 02:33:27.385964,705703,0.0,3.7
2021-08-06 02:33:27.543145,705640,0.0,0.0
2021-08-06 02:33:27.543145,705703,0.0,3.7
2021-08-06 02:33:27.700755,705640,0.0,0.0
2021-08-06 02:33:27.700755,705703,0.0,3.7
2021-08-06 02:33:27.858020,705640,0.0,0.0
2021-08-06 02:33:27.858020,705703,0.0,3.7
2021-08-06 02:33:28.015456,705640,0.0,0.0
2021-08-06 02:33:28.015456,705703,0.0,3.7
2021-08-06 02:33:28.172706,705640,0.0,0.0
2021-08-06 02:33:28.172706,705703,0.0,3.7
2021-08-06 02:33:28.329791,705640,0.0,0.0
2021-08-06 02:33:28.329791,705703,0.0,3.7
2021-08-06 02:33:28.487175,705640,0.0,0.0
2021-08-06 02:33:28.487175,705703,0.0,3.7
2021-08-06 02:33:28.644552,705640,0.0,0.0
2021-08-06 02:33:28.644552,705703,0.0,3.7
2021-08-06 02:33:28.802011,705640,0.0,0.0
2021-08-06 02:33:28.802011,705703,0.0,3.7
2021-08-06 02:33:28.959451,705640,0.0,0.0
2021-08-06 02:33:28.959451,705703,0.0,3.7
2021-08-06 02:33:29.116744,705640,0.0,0.0
2021-08-06 02:33:29.116744,705703,0.0,3.7
2021-08-06 02:33:29.273967,705640,0.0,0.0
2021-08-06 02:33:29.273967,705703,0.0,3.7
2021-08-06 02:33:29.431166,705640,0.0,0.0
2021-08-06 02:33:29.431166,705703,0.0,3.7
2021-08-06 02:33:29.588403,705640,0.0,0.0
2021-08-06 02:33:29.588403,705703,0.0,3.7
2021-08-06 02:33:29.745938,705640,0.0,0.0
2021-08-06 02:33:29.745938,705703,0.0,3.7
2021-08-06 02:33:29.903185,705640,0.0,0.0
2021-08-06 02:33:29.903185,705703,0.0,3.7
2021-08-06 02:33:30.060339,705640,0.0,0.0
2021-08-06 02:33:30.060339,705703,0.0,3.7
2021-08-06 02:33:30.222443,705640,0.0,0.0
2021-08-06 02:33:30.222443,705703,0.0,3.7
2021-08-06 02:33:30.379617,705640,0.0,0.0
2021-08-06 02:33:30.379617,705703,0.0,3.7
2021-08-06 02:33:30.536747,705640,0.0,0.0
2021-08-06 02:33:30.536747,705703,0.0,3.7
2021-08-06 02:33:30.694031,705640,0.0,0.0
2021-08-06 02:33:30.694031,705703,0.0,3.7
2021-08-06 02:33:30.851219,705640,0.0,0.0
2021-08-06 02:33:30.851219,705703,0.0,3.7
2021-08-06 02:33:31.008679,705640,0.0,0.0
2021-08-06 02:33:31.008679,705703,0.0,3.7
2021-08-06 02:33:31.166252,705640,0.0,0.0
2021-08-06 02:33:31.166252,705703,0.0,3.7
2021-08-06 02:33:31.323515,705640,0.0,0.0
2021-08-06 02:33:31.323515,705703,0.0,3.7
2021-08-06 02:33:31.480710,705640,0.0,0.0
2021-08-06 02:33:31.480710,705703,0.0,3.7
2021-08-06 02:33:31.638291,705640,0.0,0.0
2021-08-06 02:33:31.638291,705703,0.0,3.7
2021-08-06 02:33:31.795581,705640,0.0,0.0
2021-08-06 02:33:31.795581,705703,0.0,3.7
2021-08-06 02:33:31.952890,705640,0.0,0.0
2021-08-06 02:33:31.952890,705703,0.0,3.7
2021-08-06 02:33:32.110143,705640,0.0,0.0
2021-08-06 02:33:32.110143,705703,0.0,3.7
2021-08-06 02:33:32.267401,705640,0.0,0.0
2021-08-06 02:33:32.267401,705703,0.0,3.7
2021-08-06 02:33:32.424630,705640,0.0,0.0
2021-08-06 02:33:32.424630,705703,0.0,3.7
2021-08-06 02:33:32.582083,705640,0.0,0.0
2021-08-06 02:33:32.582083,705703,0.0,3.7
2021-08-06 02:33:32.739453,705640,0.0,0.0
2021-08-06 02:33:32.739453,705703,0.0,3.7
2021-08-06 02:33:32.896831,705640,0.0,0.0
2021-08-06 02:33:32.896831,705703,0.0,3.7
2021-08-06 02:33:33.054291,705640,0.0,0.0
2021-08-06 02:33:33.054291,705703,0.0,3.7
2021-08-06 02:33:33.211578,705640,0.0,0.0
2021-08-06 02:33:33.211578,705703,0.0,3.7
2021-08-06 02:33:33.368808,705640,0.0,0.0
2021-08-06 02:33:33.368808,705703,0.0,3.7
2021-08-06 02:33:33.526003,705640,0.0,0.0
2021-08-06 02:33:33.526003,705703,0.0,3.7
2021-08-06 02:33:33.683561,705640,0.0,0.0
2021-08-06 02:33:33.683561,705703,0.0,3.7
2021-08-06 02:33:33.840838,705640,0.0,0.0
2021-08-06 02:33:33.840838,705703,0.0,3.7
2021-08-06 02:33:33.998080,705640,0.0,0.0
2021-08-06 02:33:33.998080,705703,0.0,3.7
2021-08-06 02:33:34.155283,705640,0.0,0.0
2021-08-06 02:33:34.155283,705703,0.0,3.7
2021-08-06 02:33:34.312527,705640,0.0,0.0
2021-08-06 02:33:34.312527,705703,0.0,3.7
2021-08-06 02:33:34.469907,705640,0.0,0.0
2021-08-06 02:33:34.469907,705703,0.0,3.7
2021-08-06 02:33:34.627415,705640,0.0,0.0
2021-08-06 02:33:34.627415,705703,0.0,3.7
2021-08-06 02:33:34.784923,705640,0.0,0.0
2021-08-06 02:33:34.784923,705703,0.0,3.7
2021-08-06 02:33:34.942169,705640,0.0,0.0
2021-08-06 02:33:34.942169,705703,0.0,3.7
2021-08-06 02:33:35.099394,705640,0.0,0.0
2021-08-06 02:33:35.099394,705703,0.0,3.7
2021-08-06 02:33:35.256570,705640,0.0,0.0
2021-08-06 02:33:35.256570,705703,0.0,3.7
2021-08-06 02:33:35.413690,705640,0.0,0.0
2021-08-06 02:33:35.413690,705703,0.0,3.7
2021-08-06 02:33:35.570884,705640,0.0,0.0
2021-08-06 02:33:35.570884,705703,0.0,3.7
2021-08-06 02:33:35.728207,705640,0.0,0.0
2021-08-06 02:33:35.728207,705703,0.0,3.7
2021-08-06 02:33:35.885494,705640,0.0,0.0
2021-08-06 02:33:35.885494,705703,0.0,3.7
2021-08-06 02:33:36.042262,705640,0.0,0.0
2021-08-06 02:33:36.042262,705703,0.0,3.7
2021-08-06 02:33:36.199934,705640,0.0,0.0
2021-08-06 02:33:36.199934,705703,0.0,3.7
2021-08-06 02:33:36.357261,705640,0.0,0.0
2021-08-06 02:33:36.357261,705703,0.0,3.7
2021-08-06 02:33:36.514293,705640,0.0,0.0
2021-08-06 02:33:36.514293,705703,0.0,3.7
2021-08-06 02:33:36.671353,705640,0.0,0.0
2021-08-06 02:33:36.671353,705703,0.0,3.7
2021-08-06 02:33:36.828940,705640,0.0,0.0
2021-08-06 02:33:36.828940,705703,0.0,3.7
2021-08-06 02:33:36.986214,705640,0.0,0.0
2021-08-06 02:33:36.986214,705703,0.0,3.7
2021-08-06 02:33:37.143595,705640,0.0,0.0
2021-08-06 02:33:37.143595,705703,0.0,3.7
2021-08-06 02:33:37.300886,705640,0.0,0.0
2021-08-06 02:33:37.300886,705703,0.0,3.7
2021-08-06 02:33:37.458395,705640,0.0,0.0
2021-08-06 02:33:37.458395,705703,0.0,3.7
2021-08-06 02:33:37.615691,705640,0.0,0.0
2021-08-06 02:33:37.615691,705703,0.0,3.7
2021-08-06 02:33:37.772989,705640,0.0,0.0
2021-08-06 02:33:37.772989,705703,0.0,3.7
2021-08-06 02:33:37.930167,705640,0.0,0.0
2021-08-06 02:33:37.930167,705703,0.0,3.7
2021-08-06 02:33:38.087407,705640,0.0,0.0
2021-08-06 02:33:38.087407,705703,0.0,3.7
2021-08-06 02:33:38.244615,705640,0.0,0.0
2021-08-06 02:33:38.244615,705703,0.0,3.7
2021-08-06 02:33:38.401778,705640,0.0,0.0
2021-08-06 02:33:38.401778,705703,0.0,3.7
2021-08-06 02:33:38.559020,705703,6.7,3.7
2021-08-06 02:33:38.559020,705640,0.0,0.0
2021-08-06 02:33:38.716292,705640,0.0,0.0
2021-08-06 02:33:38.716292,705703,0.0,3.7
2021-08-06 02:33:38.873448,705640,0.0,0.0
2021-08-06 02:33:38.873448,705703,0.0,3.7
2021-08-06 02:33:39.030763,705640,0.0,0.0
2021-08-06 02:33:39.030763,705703,0.0,3.7
2021-08-06 02:33:39.188011,705640,0.0,0.0
2021-08-06 02:33:39.188011,705703,0.0,3.7
2021-08-06 02:33:39.345267,705640,0.0,0.0
2021-08-06 02:33:39.345267,705703,0.0,3.7
2021-08-06 02:33:39.502519,705640,0.0,0.0
2021-08-06 02:33:39.502519,705703,0.0,3.7
2021-08-06 02:33:39.659856,705640,0.0,0.0
2021-08-06 02:33:39.659856,705703,0.0,3.7
2021-08-06 02:33:39.817085,705640,0.0,0.0
2021-08-06 02:33:39.817085,705703,0.0,3.7
2021-08-06 02:33:39.974555,705640,0.0,0.0
2021-08-06 02:33:39.974555,705703,0.0,3.7
2021-08-06 02:33:40.131855,705640,0.0,0.0
2021-08-06 02:33:40.131855,705703,0.0,3.7
2021-08-06 02:33:40.289096,705640,0.0,0.0
2021-08-06 02:33:40.289096,705703,0.0,3.7
2021-08-06 02:33:40.446038,705640,0.0,0.0
2021-08-06 02:33:40.446038,705703,0.0,3.7
2021-08-06 02:33:40.603263,705640,0.0,0.0
2021-08-06 02:33:40.603263,705703,0.0,3.7
2021-08-06 02:33:40.760587,705640,0.0,0.0
2021-08-06 02:33:40.760587,705703,0.0,3.7
2021-08-06 02:33:40.917877,705640,0.0,0.0
2021-08-06 02:33:40.917877,705703,0.0,3.7
2021-08-06 02:33:41.075613,705640,0.0,0.0
2021-08-06 02:33:41.075613,705703,0.0,3.7
2021-08-06 02:33:41.232837,705640,0.0,0.0
2021-08-06 02:33:41.232837,705703,0.0,3.7
2021-08-06 02:33:41.390027,705640,0.0,0.0
2021-08-06 02:33:41.390027,705703,0.0,3.7
2021-08-06 02:33:41.547287,705640,0.0,0.0
2021-08-06 02:33:41.547287,705703,0.0,3.7
2021-08-06 02:33:41.704533,705640,0.0,0.0
2021-08-06 02:33:41.704533,705703,0.0,3.7
2021-08-06 02:33:41.861752,705640,0.0,0.0
2021-08-06 02:33:41.861752,705703,0.0,3.7
2021-08-06 02:33:42.019034,705640,0.0,0.0
2021-08-06 02:33:42.019034,705703,0.0,3.7
2021-08-06 02:33:42.176834,705640,0.0,0.0
2021-08-06 02:33:42.176834,705703,0.0,3.7
2021-08-06 02:33:42.334291,705640,0.0,0.0
2021-08-06 02:33:42.334291,705703,0.0,3.7
2021-08-06 02:33:42.491544,705640,0.0,0.0
2021-08-06 02:33:42.491544,705703,0.0,3.7
2021-08-06 02:33:42.648871,705640,0.0,0.0
2021-08-06 02:33:42.648871,705703,0.0,3.7
2021-08-06 02:33:42.806062,705640,0.0,0.0
2021-08-06 02:33:42.806062,705703,0.0,3.7
2021-08-06 02:33:42.963368,705640,0.0,0.0
2021-08-06 02:33:42.963368,705703,0.0,3.7
2021-08-06 02:33:43.120814,705640,0.0,0.0
2021-08-06 02:33:43.120814,705703,0.0,3.7
2021-08-06 02:33:43.278313,705640,0.0,0.0
2021-08-06 02:33:43.278313,705703,0.0,3.7
2021-08-06 02:33:43.435582,705640,0.0,0.0
2021-08-06 02:33:43.435582,705703,0.0,3.7
2021-08-06 02:33:43.592886,705640,0.0,0.0
2021-08-06 02:33:43.592886,705703,0.0,3.7
2021-08-06 02:33:43.750202,705640,0.0,0.0
2021-08-06 02:33:43.750202,705703,0.0,3.7
2021-08-06 02:33:43.907510,705640,0.0,0.0
2021-08-06 02:33:43.907510,705703,0.0,3.7
2021-08-06 02:33:44.064831,705640,0.0,0.0
2021-08-06 02:33:44.064831,705703,0.0,3.7
2021-08-06 02:33:44.222226,705640,0.0,0.0
2021-08-06 02:33:44.222226,705703,0.0,3.7
2021-08-06 02:33:44.379918,705640,0.0,0.0
2021-08-06 02:33:44.379918,705703,0.0,3.7
2021-08-06 02:33:44.537508,705640,0.0,0.0
2021-08-06 02:33:44.537508,705703,0.0,3.7
2021-08-06 02:33:44.694839,705640,0.0,0.0
2021-08-06 02:33:44.694839,705703,0.0,3.7
2021-08-06 02:33:44.852028,705640,0.0,0.0
2021-08-06 02:33:44.852028,705703,0.0,3.7
2021-08-06 02:33:45.009311,705640,0.0,0.0
2021-08-06 02:33:45.009311,705703,0.0,3.7
2021-08-06 02:33:45.166527,705640,0.0,0.0
2021-08-06 02:33:45.166527,705703,0.0,3.7
2021-08-06 02:33:45.323816,705640,0.0,0.0
2021-08-06 02:33:45.323816,705703,0.0,3.7
2021-08-06 02:33:45.481062,705640,0.0,0.0
2021-08-06 02:33:45.481062,705703,0.0,3.7
2021-08-06 02:33:45.637353,705640,0.0,0.0
2021-08-06 02:33:45.637353,705703,0.0,3.7
2021-08-06 02:33:45.794633,705640,0.0,0.0
2021-08-06 02:33:45.794633,705703,0.0,3.7
2021-08-06 02:33:45.951881,705640,0.0,0.0
2021-08-06 02:33:45.951881,705703,0.0,3.7
2021-08-06 02:33:46.109166,705640,0.0,0.0
2021-08-06 02:33:46.109166,705703,0.0,3.7
2021-08-06 02:33:46.266396,705640,0.0,0.0
2021-08-06 02:33:46.266396,705703,0.0,3.7
2021-08-06 02:33:46.423818,705640,0.0,0.0
2021-08-06 02:33:46.423818,705703,0.0,3.7
2021-08-06 02:33:46.581091,705640,0.0,0.0
2021-08-06 02:33:46.581091,705703,0.0,3.7
2021-08-06 02:33:46.738362,705640,0.0,0.0
2021-08-06 02:33:46.738362,705703,0.0,3.7
2021-08-06 02:33:46.895674,705640,0.0,0.0
2021-08-06 02:33:46.895674,705703,0.0,3.7
2021-08-06 02:33:47.052955,705640,0.0,0.0
2021-08-06 02:33:47.052955,705703,0.0,3.7
2021-08-06 02:33:47.210161,705640,0.0,0.0
2021-08-06 02:33:47.210161,705703,0.0,3.7
2021-08-06 02:33:47.367378,705640,0.0,0.0
2021-08-06 02:33:47.367378,705703,0.0,3.7
2021-08-06 02:33:47.524667,705640,0.0,0.0
2021-08-06 02:33:47.524667,705703,0.0,3.7
2021-08-06 02:33:47.682265,705640,0.0,0.0
2021-08-06 02:33:47.682265,705703,0.0,3.7
2021-08-06 02:33:47.840092,705640,0.0,0.0
2021-08-06 02:33:47.840092,705703,0.0,3.7
2021-08-06 02:33:47.997551,705640,0.0,0.0
2021-08-06 02:33:47.997551,705703,0.0,3.7
2021-08-06 02:33:48.154728,705640,0.0,0.0
2021-08-06 02:33:48.154728,705703,0.0,3.7
2021-08-06 02:33:48.311988,705640,0.0,0.0
2021-08-06 02:33:48.311988,705703,0.0,3.7
2021-08-06 02:33:48.469300,705640,0.0,0.0
2021-08-06 02:33:48.469300,705703,0.0,3.7
2021-08-06 02:33:48.626667,705640,0.0,0.0
2021-08-06 02:33:48.626667,705703,0.0,3.7
2021-08-06 02:33:48.783934,705640,0.0,0.0
2021-08-06 02:33:48.783934,705703,0.0,3.7
2021-08-06 02:33:48.941192,705640,0.0,0.0
2021-08-06 02:33:48.941192,705703,0.0,3.7
2021-08-06 02:33:49.098628,705640,0.0,0.0
2021-08-06 02:33:49.098628,705703,0.0,3.7
2021-08-06 02:33:49.256016,705640,0.0,0.0
2021-08-06 02:33:49.256016,705703,0.0,3.7
2021-08-06 02:33:49.413318,705640,0.0,0.0
2021-08-06 02:33:49.413318,705703,0.0,3.7
2021-08-06 02:33:49.570551,705640,0.0,0.0
2021-08-06 02:33:49.570551,705703,0.0,3.7
2021-08-06 02:33:49.727883,705640,0.0,0.0
2021-08-06 02:33:49.727883,705703,0.0,3.7
2021-08-06 02:33:49.885142,705640,0.0,0.0
2021-08-06 02:33:49.885142,705703,0.0,3.7
2021-08-06 02:33:50.042370,705640,0.0,0.0
2021-08-06 02:33:50.042370,705703,0.0,3.7
2021-08-06 02:33:50.199610,705640,0.0,0.0
2021-08-06 02:33:50.199610,705703,0.0,3.7
2021-08-06 02:33:50.356881,705640,0.0,0.0
2021-08-06 02:33:50.356881,705703,0.0,3.7
2021-08-06 02:33:50.513839,705640,0.0,0.0
2021-08-06 02:33:50.513839,705703,0.0,3.7
2021-08-06 02:33:50.671090,705640,0.0,0.0
2021-08-06 02:33:50.671090,705703,0.0,3.7
2021-08-06 02:33:50.828313,705640,0.0,0.0
2021-08-06 02:33:50.828313,705703,0.0,3.7
2021-08-06 02:33:50.985725,705640,0.0,0.0
2021-08-06 02:33:50.985725,705703,0.0,3.7
2021-08-06 02:33:51.143335,705640,0.0,0.0
2021-08-06 02:33:51.143335,705703,0.0,3.7
2021-08-06 02:33:51.300680,705640,0.0,0.0
2021-08-06 02:33:51.300680,705703,0.0,3.7
2021-08-06 02:33:51.458257,705640,0.0,0.0
2021-08-06 02:33:51.458257,705703,0.0,3.7
2021-08-06 02:33:51.615853,705640,0.0,0.0
2021-08-06 02:33:51.615853,705703,0.0,3.7
2021-08-06 02:33:51.773287,705640,0.0,0.0
2021-08-06 02:33:51.773287,705703,0.0,3.7
2021-08-06 02:33:51.930745,705640,0.0,0.0
2021-08-06 02:33:51.930745,705703,0.0,3.7
2021-08-06 02:33:52.087989,705640,0.0,0.0
2021-08-06 02:33:52.087989,705703,0.0,3.7
2021-08-06 02:33:52.245242,705640,0.0,0.0
2021-08-06 02:33:52.245242,705703,0.0,3.7
2021-08-06 02:33:52.402547,705640,0.0,0.0
2021-08-06 02:33:52.402547,705703,0.0,3.7
2021-08-06 02:33:52.560078,705640,0.0,0.0
2021-08-06 02:33:52.560078,705703,0.0,3.7
2021-08-06 02:33:52.717415,705640,0.0,0.0
2021-08-06 02:33:52.717415,705703,0.0,3.7
2021-08-06 02:33:52.874637,705640,0.0,0.0
2021-08-06 02:33:52.874637,705703,0.0,3.7
2021-08-06 02:33:53.031880,705640,0.0,0.0
2021-08-06 02:33:53.031880,705703,0.0,3.7
2021-08-06 02:33:53.189160,705640,0.0,0.0
2021-08-06 02:33:53.189160,705703,0.0,3.7
2021-08-06 02:33:53.346354,705640,0.0,0.0
2021-08-06 02:33:53.346354,705703,0.0,3.7
2021-08-06 02:33:53.503689,705640,0.0,0.0
2021-08-06 02:33:53.503689,705703,0.0,3.7
2021-08-06 02:33:53.661003,705640,0.0,0.0
2021-08-06 02:33:53.661003,705703,0.0,3.7
2021-08-06 02:33:53.818228,705640,0.0,0.0
2021-08-06 02:33:53.818228,705703,0.0,3.7
2021-08-06 02:33:53.975447,705640,0.0,0.0
2021-08-06 02:33:53.975447,705703,0.0,3.7
2021-08-06 02:33:54.132663,705640,0.0,0.0
2021-08-06 02:33:54.132663,705703,0.0,3.7
2021-08-06 02:33:54.289897,705640,0.0,0.0
2021-08-06 02:33:54.289897,705703,0.0,3.7
2021-08-06 02:33:54.447039,705640,0.0,0.0
2021-08-06 02:33:54.447039,705703,0.0,3.7
2021-08-06 02:33:54.604049,705640,0.0,0.0
2021-08-06 02:33:54.604049,705703,0.0,3.7
2021-08-06 02:33:54.761409,705640,0.0,0.0
2021-08-06 02:33:54.761409,705703,0.0,3.7
2021-08-06 02:33:54.918289,705640,0.0,0.0
2021-08-06 02:33:54.918289,705703,0.0,3.7
2021-08-06 02:33:55.075527,705640,0.0,0.0
2021-08-06 02:33:55.075527,705703,0.0,3.7
2021-08-06 02:33:55.232873,705640,0.0,0.0
2021-08-06 02:33:55.232873,705703,0.0,3.7
2021-08-06 02:33:55.390133,705640,0.0,0.0
2021-08-06 02:33:55.390133,705703,0.0,3.7
2021-08-06 02:33:55.547368,705640,0.0,0.0
2021-08-06 02:33:55.547368,705703,0.0,3.7
2021-08-06 02:33:55.704491,705640,0.0,0.0
2021-08-06 02:33:55.704491,705703,0.0,3.7
2021-08-06 02:33:55.861931,705640,0.0,0.0
2021-08-06 02:33:55.861931,705703,0.0,3.7
2021-08-06 02:33:56.019128,705640,0.0,0.0
2021-08-06 02:33:56.019128,705703,0.0,3.7
2021-08-06 02:33:56.176529,705640,0.0,0.0
2021-08-06 02:33:56.176529,705703,0.0,3.7
2021-08-06 02:33:56.333996,705640,0.0,0.0
2021-08-06 02:33:56.333996,705703,0.0,3.7
2021-08-06 02:33:56.491310,705640,0.0,0.0
2021-08-06 02:33:56.491310,705703,0.0,3.7
2021-08-06 02:33:56.647832,705640,0.0,0.0
2021-08-06 02:33:56.647832,705703,0.0,3.7
2021-08-06 02:33:56.805549,705640,0.0,0.0
2021-08-06 02:33:56.805549,705703,0.0,3.7
2021-08-06 02:33:56.962741,705640,0.0,0.0
2021-08-06 02:33:56.962741,705703,0.0,3.7
2021-08-06 02:33:57.119998,705640,0.0,0.0
2021-08-06 02:33:57.119998,705703,0.0,3.7
2021-08-06 02:33:57.277049,705640,0.0,0.0
2021-08-06 02:33:57.277049,705703,0.0,3.7
2021-08-06 02:33:57.433970,705640,0.0,0.0
2021-08-06 02:33:57.433970,705703,0.0,3.7
2021-08-06 02:33:57.591175,705640,0.0,0.0
2021-08-06 02:33:57.591175,705703,0.0,3.7
2021-08-06 02:33:57.748533,705640,0.0,0.0
2021-08-06 02:33:57.748533,705703,0.0,3.7
2021-08-06 02:33:57.905809,705703,6.7,3.7
2021-08-06 02:33:57.905809,705640,0.0,0.0
2021-08-06 02:33:58.063265,705640,0.0,0.0
2021-08-06 02:33:58.063265,705703,0.0,3.7
2021-08-06 02:33:58.220572,705640,0.0,0.0
2021-08-06 02:33:58.220572,705703,0.0,3.7
2021-08-06 02:33:58.377758,705640,0.0,0.0
2021-08-06 02:33:58.377758,705703,0.0,3.7
2021-08-06 02:33:58.535046,705640,0.0,0.0
2021-08-06 02:33:58.535046,705703,0.0,3.7
2021-08-06 02:33:58.692695,705640,0.0,0.0
2021-08-06 02:33:58.692695,705703,0.0,3.7
2021-08-06 02:33:58.850191,705640,0.0,0.0
2021-08-06 02:33:58.850191,705703,0.0,3.7
2021-08-06 02:33:59.007465,705640,0.0,0.0
2021-08-06 02:33:59.007465,705703,0.0,3.7
2021-08-06 02:33:59.164723,705640,0.0,0.0
2021-08-06 02:33:59.164723,705703,0.0,3.7
2021-08-06 02:33:59.321325,705640,0.0,0.0
2021-08-06 02:33:59.321325,705703,0.0,3.7
2021-08-06 02:33:59.478995,705640,0.0,0.0
2021-08-06 02:33:59.478995,705703,0.0,3.7
2021-08-06 02:33:59.636283,705640,0.0,0.0
2021-08-06 02:33:59.636283,705703,0.0,3.7
2021-08-06 02:33:59.793507,705640,0.0,0.0
2021-08-06 02:33:59.793507,705703,0.0,3.7
2021-08-06 02:33:59.950742,705640,0.0,0.0
2021-08-06 02:33:59.950742,705703,0.0,3.7
2021-08-06 02:34:00.108012,705640,0.0,0.0
2021-08-06 02:34:00.108012,705703,0.0,3.7
2021-08-06 02:34:00.265373,705640,0.0,0.0
2021-08-06 02:34:00.265373,705703,0.0,3.7
2021-08-06 02:34:00.422861,705640,0.0,0.0
2021-08-06 02:34:00.422861,705703,0.0,3.7
2021-08-06 02:34:00.580411,705640,0.0,0.0
2021-08-06 02:34:00.580411,705703,0.0,3.7
2021-08-06 02:34:00.737483,705640,0.0,0.0
2021-08-06 02:34:00.737483,705703,0.0,3.7
2021-08-06 02:34:00.894750,705640,0.0,0.0
2021-08-06 02:34:00.894750,705703,0.0,3.7
2021-08-06 02:34:01.052148,705640,0.0,0.0
2021-08-06 02:34:01.052148,705703,0.0,3.7
2021-08-06 02:34:01.209762,705640,0.0,0.0
2021-08-06 02:34:01.209762,705703,0.0,3.7
2021-08-06 02:34:01.367288,705640,0.0,0.0
2021-08-06 02:34:01.367288,705703,0.0,3.7
2021-08-06 02:34:01.524575,705640,0.0,0.0
2021-08-06 02:34:01.524575,705703,0.0,3.7
2021-08-06 02:34:01.681882,705640,0.0,0.0
2021-08-06 02:34:01.681882,705703,0.0,3.7
2021-08-06 02:34:01.839110,705640,0.0,0.0
2021-08-06 02:34:01.839110,705703,0.0,3.7
2021-08-06 02:34:01.996338,705640,0.0,0.0
2021-08-06 02:34:01.996338,705703,0.0,3.7
2021-08-06 02:34:02.153604,705640,0.0,0.0
2021-08-06 02:34:02.153604,705703,0.0,3.7
2021-08-06 02:34:02.310830,705640,0.0,0.0
2021-08-06 02:34:02.310830,705703,0.0,3.7
2021-08-06 02:34:02.468063,705640,0.0,0.0
2021-08-06 02:34:02.468063,705703,0.0,3.7
2021-08-06 02:34:02.625837,705640,0.0,0.0
2021-08-06 02:34:02.625837,705703,0.0,3.7
2021-08-06 02:34:02.783639,705640,0.0,0.0
2021-08-06 02:34:02.783639,705703,0.0,3.7
2021-08-06 02:34:02.940752,705640,0.0,0.0
2021-08-06 02:34:02.940752,705703,0.0,3.7
2021-08-06 02:34:03.098065,705640,0.0,0.0
2021-08-06 02:34:03.098065,705703,0.0,3.7
2021-08-06 02:34:03.255360,705640,0.0,0.0
2021-08-06 02:34:03.255360,705703,0.0,3.7
2021-08-06 02:34:03.412680,705640,0.0,0.0
2021-08-06 02:34:03.412680,705703,0.0,3.7
2021-08-06 02:34:03.569851,705640,0.0,0.0
2021-08-06 02:34:03.569851,705703,0.0,3.7
2021-08-06 02:34:03.726874,705640,0.0,0.0
2021-08-06 02:34:03.726874,705703,0.0,3.7
2021-08-06 02:34:03.884183,705640,0.0,0.0
2021-08-06 02:34:03.884183,705703,0.0,3.7
2021-08-06 02:34:04.041442,705640,0.0,0.0
2021-08-06 02:34:04.041442,705703,0.0,3.7
2021-08-06 02:34:04.198868,705640,0.0,0.0
2021-08-06 02:34:04.198868,705703,0.0,3.7
2021-08-06 02:34:04.356487,705640,0.0,0.0
2021-08-06 02:34:04.356487,705703,0.0,3.7
2021-08-06 02:34:04.513975,705640,0.0,0.0
2021-08-06 02:34:04.513975,705703,0.0,3.7
2021-08-06 02:34:04.671465,705640,0.0,0.0
2021-08-06 02:34:04.671465,705703,0.0,3.7
2021-08-06 02:34:04.828786,705640,0.0,0.0
2021-08-06 02:34:04.828786,705703,0.0,3.7
2021-08-06 02:34:04.986009,705640,0.0,0.0
2021-08-06 02:34:04.986009,705703,0.0,3.7
2021-08-06 02:34:05.143146,705640,0.0,0.0
2021-08-06 02:34:05.143146,705703,0.0,3.7
2021-08-06 02:34:05.300218,705640,0.0,0.0
2021-08-06 02:34:05.300218,705703,0.0,3.7
2021-08-06 02:34:05.457486,705640,0.0,0.0
2021-08-06 02:34:05.457486,705703,0.0,3.7
2021-08-06 02:34:05.614755,705640,0.0,0.0
2021-08-06 02:34:05.614755,705703,0.0,3.7
2021-08-06 02:34:05.772125,705640,0.0,0.0
2021-08-06 02:34:05.772125,705703,0.0,3.7
2021-08-06 02:34:05.929384,705640,0.0,0.0
2021-08-06 02:34:05.929384,705703,0.0,3.7
2021-08-06 02:34:06.086294,705640,0.0,0.0
2021-08-06 02:34:06.086294,705703,0.0,3.7
2021-08-06 02:34:06.243480,705640,0.0,0.0
2021-08-06 02:34:06.243480,705703,0.0,3.7
2021-08-06 02:34:06.400581,705640,0.0,0.0
2021-08-06 02:34:06.400581,705703,0.0,3.7
2021-08-06 02:34:06.557864,705640,0.0,0.0
2021-08-06 02:34:06.557864,705703,0.0,3.7
2021-08-06 02:34:06.715115,705640,0.0,0.0
2021-08-06 02:34:06.715115,705703,0.0,3.7
2021-08-06 02:34:06.872558,705640,0.0,0.0
2021-08-06 02:34:06.872558,705703,0.0,3.7
2021-08-06 02:34:07.029807,705640,0.0,0.0
2021-08-06 02:34:07.029807,705703,0.0,3.7
2021-08-06 02:34:07.186890,705640,0.0,0.0
2021-08-06 02:34:07.186890,705703,0.0,3.7
2021-08-06 02:34:07.343998,705640,0.0,0.0
2021-08-06 02:34:07.343998,705703,0.0,3.7
2021-08-06 02:34:07.501464,705640,0.0,0.0
2021-08-06 02:34:07.501464,705703,0.0,3.7
2021-08-06 02:34:07.658773,705640,0.0,0.0
2021-08-06 02:34:07.658773,705703,0.0,3.7
2021-08-06 02:34:07.815956,705640,0.0,0.0
2021-08-06 02:34:07.815956,705703,0.0,3.7
2021-08-06 02:34:07.973387,705640,0.0,0.0
2021-08-06 02:34:07.973387,705703,0.0,3.7
2021-08-06 02:34:08.130598,705640,0.0,0.0
2021-08-06 02:34:08.130598,705703,0.0,3.7
2021-08-06 02:34:08.287855,705640,0.0,0.0
2021-08-06 02:34:08.287855,705703,0.0,3.7
2021-08-06 02:34:08.445123,705640,0.0,0.0
2021-08-06 02:34:08.445123,705703,0.0,3.7
2021-08-06 02:34:08.602355,705640,0.0,0.0
2021-08-06 02:34:08.602355,705703,0.0,3.7
2021-08-06 02:34:08.759664,705640,0.0,0.0
2021-08-06 02:34:08.759664,705703,0.0,3.7
2021-08-06 02:34:08.916867,705640,0.0,0.0
2021-08-06 02:34:08.916867,705703,0.0,3.7
2021-08-06 02:34:09.074357,705640,0.0,0.0
2021-08-06 02:34:09.074357,705703,0.0,3.7
2021-08-06 02:34:09.231735,705640,0.0,0.0
2021-08-06 02:34:09.231735,705703,0.0,3.7
2021-08-06 02:34:09.388970,705640,0.0,0.0
2021-08-06 02:34:09.388970,705703,0.0,3.7
2021-08-06 02:34:09.546415,705640,0.0,0.0
2021-08-06 02:34:09.546415,705703,0.0,3.7
2021-08-06 02:34:09.703704,705640,0.0,0.0
2021-08-06 02:34:09.703704,705703,0.0,3.7
2021-08-06 02:34:09.860941,705640,0.0,0.0
2021-08-06 02:34:09.860941,705703,0.0,3.7
2021-08-06 02:34:10.017807,705640,0.0,0.0
2021-08-06 02:34:10.017807,705703,0.0,3.7
2021-08-06 02:34:10.175101,705640,0.0,0.0
2021-08-06 02:34:10.175101,705703,0.0,3.7
2021-08-06 02:34:10.332513,705640,0.0,0.0
2021-08-06 02:34:10.332513,705703,0.0,3.7
2021-08-06 02:34:10.490042,705640,0.0,0.0
2021-08-06 02:34:10.490042,705703,0.0,3.7
2021-08-06 02:34:10.647339,705640,0.0,0.0
2021-08-06 02:34:10.647339,705703,0.0,3.7
2021-08-06 02:34:10.804600,705640,0.0,0.0
2021-08-06 02:34:10.804600,705703,0.0,3.7
2021-08-06 02:34:10.961855,705640,0.0,0.0
2021-08-06 02:34:10.961855,705703,0.0,3.7
2021-08-06 02:34:11.119595,705640,0.0,0.0
2021-08-06 02:34:11.119595,705703,0.0,3.7
2021-08-06 02:34:11.276955,705640,0.0,0.0
2021-08-06 02:34:11.276955,705703,0.0,3.7
2021-08-06 02:34:11.433877,705640,0.0,0.0
2021-08-06 02:34:11.433877,705703,0.0,3.7
2021-08-06 02:34:11.591208,705640,0.0,0.0
2021-08-06 02:34:11.591208,705703,0.0,3.7
2021-08-06 02:34:11.748337,705640,0.0,0.0
2021-08-06 02:34:11.748337,705703,0.0,3.7
2021-08-06 02:34:11.905428,705640,0.0,0.0
2021-08-06 02:34:11.905428,705703,0.0,3.7
2021-08-06 02:34:12.062638,705640,0.0,0.0
2021-08-06 02:34:12.062638,705703,0.0,3.7
2021-08-06 02:34:12.219776,705640,0.0,0.0
2021-08-06 02:34:12.219776,705703,0.0,3.7
2021-08-06 02:34:12.376711,705640,0.0,0.0
2021-08-06 02:34:12.376711,705703,0.0,3.7
2021-08-06 02:34:12.534267,705640,0.0,0.0
2021-08-06 02:34:12.534267,705703,0.0,3.7
2021-08-06 02:34:12.691633,705640,0.0,0.0
2021-08-06 02:34:12.691633,705703,0.0,3.7
2021-08-06 02:34:12.848935,705640,0.0,0.0
2021-08-06 02:34:12.848935,705703,0.0,3.7
2021-08-06 02:34:13.006046,705640,0.0,0.0
2021-08-06 02:34:13.006046,705703,0.0,3.7
2021-08-06 02:34:13.163335,705640,0.0,0.0
2021-08-06 02:34:13.163335,705703,0.0,3.7
2021-08-06 02:34:13.320615,705640,0.0,0.0
2021-08-06 02:34:13.320615,705703,0.0,3.7
2021-08-06 02:34:13.477788,705640,0.0,0.0
2021-08-06 02:34:13.477788,705703,0.0,3.7
2021-08-06 02:34:13.635025,705640,0.0,0.0
2021-08-06 02:34:13.635025,705703,0.0,3.7
2021-08-06 02:34:13.792550,705640,0.0,0.0
2021-08-06 02:34:13.792550,705703,0.0,3.7
2021-08-06 02:34:13.949743,705640,0.0,0.0
2021-08-06 02:34:13.949743,705703,0.0,3.7
2021-08-06 02:34:14.106981,705640,0.0,0.0
2021-08-06 02:34:14.106981,705703,0.0,3.7
2021-08-06 02:34:14.264199,705640,0.0,0.0
2021-08-06 02:34:14.264199,705703,0.0,3.7
2021-08-06 02:34:14.421523,705640,0.0,0.0
2021-08-06 02:34:14.421523,705703,0.0,3.7
2021-08-06 02:34:14.578944,705640,0.0,0.0
2021-08-06 02:34:14.578944,705703,0.0,3.7
2021-08-06 02:34:14.736833,705640,0.0,0.0
2021-08-06 02:34:14.736833,705703,0.0,3.7
2021-08-06 02:34:14.894350,705640,0.0,0.0
2021-08-06 02:34:14.894350,705703,0.0,3.7
2021-08-06 02:34:15.051661,705640,0.0,0.0
2021-08-06 02:34:15.051661,705703,0.0,3.7
2021-08-06 02:34:15.209195,705640,0.0,0.0
2021-08-06 02:34:15.209195,705703,0.0,3.7
2021-08-06 02:34:15.366611,705640,0.0,0.0
2021-08-06 02:34:15.366611,705703,0.0,3.7
2021-08-06 02:34:15.523646,705640,0.0,0.0
2021-08-06 02:34:15.523646,705703,0.0,3.7
2021-08-06 02:34:15.681153,705640,0.0,0.0
2021-08-06 02:34:15.681153,705703,0.0,3.7
2021-08-06 02:34:15.838389,705640,0.0,0.0
2021-08-06 02:34:15.838389,705703,0.0,3.7
2021-08-06 02:34:15.995620,705640,0.0,0.0
2021-08-06 02:34:15.995620,705703,0.0,3.7
2021-08-06 02:34:16.152953,705703,6.7,3.7
2021-08-06 02:34:16.152953,705640,0.0,0.0
2021-08-06 02:34:16.310288,705640,0.0,0.0
2021-08-06 02:34:16.310288,705703,0.0,3.7
2021-08-06 02:34:16.467555,705640,0.0,0.0
2021-08-06 02:34:16.467555,705703,0.0,3.7
2021-08-06 02:34:16.624825,705640,0.0,0.0
2021-08-06 02:34:16.624825,705703,0.0,3.7
2021-08-06 02:34:16.781739,705640,0.0,0.0
2021-08-06 02:34:16.781739,705703,0.0,3.7
2021-08-06 02:34:16.938935,705640,0.0,0.0
2021-08-06 02:34:16.938935,705703,0.0,3.7
2021-08-06 02:34:17.096147,705640,0.0,0.0
2021-08-06 02:34:17.096147,705703,0.0,3.7
2021-08-06 02:34:17.253754,705640,0.0,0.0
2021-08-06 02:34:17.253754,705703,0.0,3.7
2021-08-06 02:34:17.411353,705640,0.0,0.0
2021-08-06 02:34:17.411353,705703,0.0,3.7
2021-08-06 02:34:17.568532,705640,0.0,0.0
2021-08-06 02:34:17.568532,705703,0.0,3.7
2021-08-06 02:34:17.725807,705640,0.0,0.0
2021-08-06 02:34:17.725807,705703,0.0,3.7
2021-08-06 02:34:17.883048,705640,0.0,0.0
2021-08-06 02:34:17.883048,705703,0.0,3.7
2021-08-06 02:34:18.040266,705640,0.0,0.0
2021-08-06 02:34:18.040266,705703,0.0,3.7
2021-08-06 02:34:18.197499,705640,0.0,0.0
2021-08-06 02:34:18.197499,705703,0.0,3.7
2021-08-06 02:34:18.354693,705640,0.0,0.0
2021-08-06 02:34:18.354693,705703,0.0,3.7
2021-08-06 02:34:18.512071,705640,0.0,0.0
2021-08-06 02:34:18.512071,705703,0.0,3.7
2021-08-06 02:34:18.669389,705640,0.0,0.0
2021-08-06 02:34:18.669389,705703,0.0,3.7
2021-08-06 02:34:18.826631,705640,0.0,0.0
2021-08-06 02:34:18.826631,705703,0.0,3.7
2021-08-06 02:34:18.983825,705640,0.0,0.0
2021-08-06 02:34:18.983825,705703,0.0,3.7
2021-08-06 02:34:19.141081,705640,0.0,0.0
2021-08-06 02:34:19.141081,705703,0.0,3.7
2021-08-06 02:34:19.298341,705640,0.0,0.0
2021-08-06 02:34:19.298341,705703,0.0,3.7
2021-08-06 02:34:19.455072,705640,0.0,0.0
2021-08-06 02:34:19.455072,705703,0.0,3.7
2021-08-06 02:34:19.612295,705640,0.0,0.0
2021-08-06 02:34:19.612295,705703,0.0,3.7
2021-08-06 02:34:19.769610,705640,0.0,0.0
2021-08-06 02:34:19.769610,705703,0.0,3.7
2021-08-06 02:34:19.926736,705640,0.0,0.0
2021-08-06 02:34:19.926736,705703,0.0,3.7
2021-08-06 02:34:20.083926,705640,0.0,0.0
2021-08-06 02:34:20.083926,705703,0.0,3.7
2021-08-06 02:34:20.241015,705640,0.0,0.0
2021-08-06 02:34:20.241015,705703,0.0,3.7
2021-08-06 02:34:20.397972,705640,0.0,0.0
2021-08-06 02:34:20.397972,705703,0.0,3.7
2021-08-06 02:34:20.555276,705640,0.0,0.0
2021-08-06 02:34:20.555276,705703,0.0,3.7
2021-08-06 02:34:20.712575,705640,0.0,0.0
2021-08-06 02:34:20.712575,705703,0.0,3.7
2021-08-06 02:34:20.870093,705640,0.0,0.0
2021-08-06 02:34:20.870093,705703,0.0,3.7
2021-08-06 02:34:21.027411,705640,0.0,0.0
2021-08-06 02:34:21.027411,705703,0.0,3.7
2021-08-06 02:34:21.185015,705640,0.0,0.0
2021-08-06 02:34:21.185015,705703,0.0,3.7
2021-08-06 02:34:21.341954,705640,0.0,0.0
2021-08-06 02:34:21.341954,705703,0.0,3.7
2021-08-06 02:34:21.499241,705640,0.0,0.0
2021-08-06 02:34:21.499241,705703,0.0,3.7
2021-08-06 02:34:21.656628,705640,0.0,0.0
2021-08-06 02:34:21.656628,705703,0.0,3.7
2021-08-06 02:34:21.813841,705640,0.0,0.0
2021-08-06 02:34:21.813841,705703,0.0,3.7
2021-08-06 02:34:21.971091,705640,0.0,0.0
2021-08-06 02:34:21.971091,705703,0.0,3.7
2021-08-06 02:34:22.128360,705640,0.0,0.0
2021-08-06 02:34:22.128360,705703,0.0,3.7
2021-08-06 02:34:22.285513,705640,0.0,0.0
2021-08-06 02:34:22.285513,705703,0.0,3.7
2021-08-06 02:34:22.442806,705640,0.0,0.0
2021-08-06 02:34:22.442806,705703,0.0,3.7
2021-08-06 02:34:22.600101,705640,0.0,0.0
2021-08-06 02:34:22.600101,705703,0.0,3.7
2021-08-06 02:34:22.757453,705640,0.0,0.0
2021-08-06 02:34:22.757453,705703,0.0,3.7
2021-08-06 02:34:22.914703,705640,0.0,0.0
2021-08-06 02:34:22.914703,705703,0.0,3.7
2021-08-06 02:34:23.071945,705640,0.0,0.0
2021-08-06 02:34:23.071945,705703,0.0,3.7
2021-08-06 02:34:23.229198,705640,0.0,0.0
2021-08-06 02:34:23.229198,705703,0.0,3.7
2021-08-06 02:34:23.386459,705640,0.0,0.0
2021-08-06 02:34:23.386459,705703,0.0,3.7
2021-08-06 02:34:23.543701,705640,0.0,0.0
2021-08-06 02:34:23.543701,705703,0.0,3.7
2021-08-06 02:34:23.700809,705640,0.0,0.0
2021-08-06 02:34:23.700809,705703,0.0,3.7
2021-08-06 02:34:23.858276,705640,0.0,0.0
2021-08-06 02:34:23.858276,705703,0.0,3.7
2021-08-06 02:34:24.015488,705640,0.0,0.0
2021-08-06 02:34:24.015488,705703,0.0,3.7
2021-08-06 02:34:24.172874,705640,0.0,0.0
2021-08-06 02:34:24.172874,705703,0.0,3.7
2021-08-06 02:34:24.330468,705640,0.0,0.0
2021-08-06 02:34:24.330468,705703,0.0,3.7
2021-08-06 02:34:24.487721,705640,0.0,0.0
2021-08-06 02:34:24.487721,705703,0.0,3.7
2021-08-06 02:34:24.645006,705640,0.0,0.0
2021-08-06 02:34:24.645006,705703,0.0,3.7
2021-08-06 02:34:24.802477,705640,0.0,0.0
2021-08-06 02:34:24.802477,705703,0.0,3.7
2021-08-06 02:34:24.959723,705640,0.0,0.0
2021-08-06 02:34:24.959723,705703,0.0,3.7
2021-08-06 02:34:25.117021,705640,0.0,0.0
2021-08-06 02:34:25.117021,705703,0.0,3.7
2021-08-06 02:34:25.274610,705640,0.0,0.0
2021-08-06 02:34:25.274610,705703,0.0,3.7
2021-08-06 02:34:25.431924,705640,0.0,0.0
2021-08-06 02:34:25.431924,705703,0.0,3.7
2021-08-06 02:34:25.589175,705640,0.0,0.0
2021-08-06 02:34:25.589175,705703,0.0,3.7
2021-08-06 02:34:25.746422,705640,0.0,0.0
2021-08-06 02:34:25.746422,705703,0.0,3.7
2021-08-06 02:34:25.903779,705640,0.0,0.0
2021-08-06 02:34:25.903779,705703,0.0,3.7
2021-08-06 02:34:26.061160,705640,0.0,0.0
2021-08-06 02:34:26.061160,705703,0.0,3.7
2021-08-06 02:34:26.218441,705640,0.0,0.0
2021-08-06 02:34:26.218441,705703,0.0,3.7
2021-08-06 02:34:26.375674,705640,0.0,0.0
2021-08-06 02:34:26.375674,705703,0.0,3.7
2021-08-06 02:34:26.533018,705640,0.0,0.0
2021-08-06 02:34:26.533018,705703,0.0,3.7
2021-08-06 02:34:26.690314,705640,0.0,0.0
2021-08-06 02:34:26.690314,705703,0.0,3.7
2021-08-06 02:34:26.847603,705640,0.0,0.0
2021-08-06 02:34:26.847603,705703,0.0,3.7
2021-08-06 02:34:27.004690,705640,0.0,0.0
2021-08-06 02:34:27.004690,705703,0.0,3.7
2021-08-06 02:34:27.162146,705640,0.0,0.0
2021-08-06 02:34:27.162146,705703,0.0,3.7
2021-08-06 02:34:27.319415,705640,0.0,0.0
2021-08-06 02:34:27.319415,705703,0.0,3.7
2021-08-06 02:34:27.476718,705640,0.0,0.0
2021-08-06 02:34:27.476718,705703,0.0,3.7
2021-08-06 02:34:27.634233,705640,0.0,0.0
2021-08-06 02:34:27.634233,705703,0.0,3.7
2021-08-06 02:34:27.791566,705703,6.7,3.7
2021-08-06 02:34:27.791566,705640,0.0,0.0
2021-08-06 02:34:27.948903,705640,0.0,0.0
2021-08-06 02:34:27.948903,705703,0.0,3.7
2021-08-06 02:34:28.109094,705640,0.0,0.0
2021-08-06 02:34:28.109094,705703,0.0,3.7
2021-08-06 02:34:28.266477,705640,0.0,0.0
2021-08-06 02:34:28.266477,705703,0.0,3.7
2021-08-06 02:34:28.423718,705640,0.0,0.0
2021-08-06 02:34:28.423718,705703,0.0,3.7
2021-08-06 02:34:28.581124,705640,0.0,0.0
2021-08-06 02:34:28.581124,705703,0.0,3.7
2021-08-06 02:34:28.738463,705640,0.0,0.0
2021-08-06 02:34:28.738463,705703,0.0,3.7
2021-08-06 02:34:28.895785,705640,0.0,0.0
2021-08-06 02:34:28.895785,705703,0.0,3.7
2021-08-06 02:34:29.053162,705640,0.0,0.0
2021-08-06 02:34:29.053162,705703,0.0,3.7
2021-08-06 02:34:29.210658,705640,0.0,0.0
2021-08-06 02:34:29.210658,705703,0.0,3.7
2021-08-06 02:34:29.367910,705640,0.0,0.0
2021-08-06 02:34:29.367910,705703,0.0,3.7
2021-08-06 02:34:29.525169,705640,0.0,0.0
2021-08-06 02:34:29.525169,705703,0.0,3.7
2021-08-06 02:34:29.682407,705640,0.0,0.0
2021-08-06 02:34:29.682407,705703,0.0,3.7
2021-08-06 02:34:29.839659,705640,0.0,0.0
2021-08-06 02:34:29.839659,705703,0.0,3.7
2021-08-06 02:34:29.996909,705640,0.0,0.0
2021-08-06 02:34:29.996909,705703,0.0,3.7
2021-08-06 02:34:30.154131,705640,0.0,0.0
2021-08-06 02:34:30.154131,705703,0.0,3.7
2021-08-06 02:34:30.311333,705640,0.0,0.0
2021-08-06 02:34:30.311333,705703,0.0,3.7
2021-08-06 02:34:30.467730,705640,0.0,0.0
2021-08-06 02:34:30.467730,705703,0.0,3.7
2021-08-06 02:34:30.625357,705640,0.0,0.0
2021-08-06 02:34:30.625357,705703,0.0,3.7
2021-08-06 02:34:30.782636,705640,0.0,0.0
2021-08-06 02:34:30.782636,705703,0.0,3.7
2021-08-06 02:34:30.940015,705640,0.0,0.0
2021-08-06 02:34:30.940015,705703,0.0,3.7
2021-08-06 02:34:31.097735,705640,0.0,0.0
2021-08-06 02:34:31.097735,705703,0.0,3.7
2021-08-06 02:34:31.254943,705640,0.0,0.0
2021-08-06 02:34:31.254943,705703,0.0,3.7
2021-08-06 02:34:31.412139,705640,0.0,0.0
2021-08-06 02:34:31.412139,705703,0.0,3.7
2021-08-06 02:34:31.569405,705640,0.0,0.0
2021-08-06 02:34:31.569405,705703,0.0,3.7
2021-08-06 02:34:31.726833,705640,0.0,0.0
2021-08-06 02:34:31.726833,705703,0.0,3.7
2021-08-06 02:34:31.884117,705640,0.0,0.0
2021-08-06 02:34:31.884117,705703,0.0,3.7
2021-08-06 02:34:32.041547,705640,0.0,0.0
2021-08-06 02:34:32.041547,705703,0.0,3.7
2021-08-06 02:34:32.198794,705640,0.0,0.0
2021-08-06 02:34:32.198794,705703,0.0,3.7
2021-08-06 02:34:32.356040,705640,0.0,0.0
2021-08-06 02:34:32.356040,705703,0.0,3.7
2021-08-06 02:34:32.513383,705640,0.0,0.0
2021-08-06 02:34:32.513383,705703,0.0,3.7
2021-08-06 02:34:32.670630,705640,0.0,0.0
2021-08-06 02:34:32.670630,705703,0.0,3.7
2021-08-06 02:34:32.827878,705640,0.0,0.0
2021-08-06 02:34:32.827878,705703,0.0,3.7
2021-08-06 02:34:32.985078,705640,0.0,0.0
2021-08-06 02:34:32.985078,705703,0.0,3.7
2021-08-06 02:34:33.142484,705640,0.0,0.0
2021-08-06 02:34:33.142484,705703,0.0,3.7
2021-08-06 02:34:33.299739,705640,0.0,0.0
2021-08-06 02:34:33.299739,705703,0.0,3.7
2021-08-06 02:34:33.456979,705640,0.0,0.0
2021-08-06 02:34:33.456979,705703,0.0,3.7
2021-08-06 02:34:33.614390,705640,0.0,0.0
2021-08-06 02:34:33.614390,705703,0.0,3.7
2021-08-06 02:34:33.771875,705640,0.0,0.0
2021-08-06 02:34:33.771875,705703,0.0,3.7
2021-08-06 02:34:33.928959,705640,0.0,0.0
2021-08-06 02:34:33.928959,705703,0.0,3.7
2021-08-06 02:34:34.086157,705640,0.0,0.0
2021-08-06 02:34:34.086157,705703,0.0,3.7
2021-08-06 02:34:34.243348,705640,0.0,0.0
2021-08-06 02:34:34.243348,705703,0.0,3.7
2021-08-06 02:34:34.400745,705640,0.0,0.0
2021-08-06 02:34:34.400745,705703,0.0,3.7
2021-08-06 02:34:34.558043,705640,0.0,0.0
2021-08-06 02:34:34.558043,705703,0.0,3.7
2021-08-06 02:34:34.715324,705640,0.0,0.0
2021-08-06 02:34:34.715324,705703,0.0,3.7
2021-08-06 02:34:34.872615,705640,0.0,0.0
2021-08-06 02:34:34.872615,705703,0.0,3.7
2021-08-06 02:34:35.029658,705640,0.0,0.0
2021-08-06 02:34:35.029658,705703,0.0,3.7
2021-08-06 02:34:35.186910,705640,0.0,0.0
2021-08-06 02:34:35.186910,705703,0.0,3.7
2021-08-06 02:34:35.344284,705640,0.0,0.0
2021-08-06 02:34:35.344284,705703,0.0,3.7
2021-08-06 02:34:35.501620,705640,0.0,0.0
2021-08-06 02:34:35.501620,705703,0.0,3.7
2021-08-06 02:34:35.658909,705640,0.0,0.0
2021-08-06 02:34:35.658909,705703,0.0,3.7
2021-08-06 02:34:35.816409,705640,0.0,0.0
2021-08-06 02:34:35.816409,705703,0.0,3.7
2021-08-06 02:34:35.973673,705640,0.0,0.0
2021-08-06 02:34:35.973673,705703,0.0,3.7
2021-08-06 02:34:36.130901,705640,0.0,0.0
2021-08-06 02:34:36.130901,705703,0.0,3.7
2021-08-06 02:34:36.288181,705640,0.0,0.0
2021-08-06 02:34:36.288181,705703,0.0,3.7
2021-08-06 02:34:36.445473,705640,0.0,0.0
2021-08-06 02:34:36.445473,705703,0.0,3.7
2021-08-06 02:34:36.602777,705640,0.0,0.0
2021-08-06 02:34:36.602777,705703,0.0,3.7
2021-08-06 02:34:36.759908,705640,0.0,0.0
2021-08-06 02:34:36.759908,705703,0.0,3.7
2021-08-06 02:34:36.916873,705640,0.0,0.0
2021-08-06 02:34:36.916873,705703,0.0,3.7
2021-08-06 02:34:37.074070,705640,0.0,0.0
2021-08-06 02:34:37.074070,705703,0.0,3.7
2021-08-06 02:34:37.231351,705640,0.0,0.0
2021-08-06 02:34:37.231351,705703,0.0,3.7
2021-08-06 02:34:37.388927,705640,0.0,0.0
2021-08-06 02:34:37.388927,705703,0.0,3.7
2021-08-06 02:34:37.546159,705640,0.0,0.0
2021-08-06 02:34:37.546159,705703,0.0,3.7
2021-08-06 02:34:37.703446,705640,0.0,0.0
2021-08-06 02:34:37.703446,705703,0.0,3.7
2021-08-06 02:34:37.860684,705640,0.0,0.0
2021-08-06 02:34:37.860684,705703,0.0,3.7
2021-08-06 02:34:38.018132,705640,0.0,0.0
2021-08-06 02:34:38.018132,705703,0.0,3.7
2021-08-06 02:34:38.175414,705640,0.0,0.0
2021-08-06 02:34:38.175414,705703,0.0,3.7
2021-08-06 02:34:38.332709,705640,0.0,0.0
2021-08-06 02:34:38.332709,705703,0.0,3.7
2021-08-06 02:34:38.489995,705640,0.0,0.0
2021-08-06 02:34:38.489995,705703,0.0,3.7
2021-08-06 02:34:38.647323,705640,0.0,0.0
2021-08-06 02:34:38.647323,705703,0.0,3.7
2021-08-06 02:34:38.804741,705640,0.0,0.0
2021-08-06 02:34:38.804741,705703,0.0,3.7
2021-08-06 02:34:38.962056,705640,0.0,0.0
2021-08-06 02:34:38.962056,705703,0.0,3.7
2021-08-06 02:34:39.119306,705640,0.0,0.0
2021-08-06 02:34:39.119306,705703,0.0,3.7
2021-08-06 02:34:39.276555,705640,0.0,0.0
2021-08-06 02:34:39.276555,705703,0.0,3.7
2021-08-06 02:34:39.433448,705640,0.0,0.0
2021-08-06 02:34:39.433448,705703,0.0,3.7
2021-08-06 02:34:39.590583,705640,0.0,0.0
2021-08-06 02:34:39.590583,705703,0.0,3.7
2021-08-06 02:34:39.748043,705640,0.0,0.0
2021-08-06 02:34:39.748043,705703,0.0,3.7
2021-08-06 02:34:39.905505,705640,0.0,0.0
2021-08-06 02:34:39.905505,705703,0.0,3.7
2021-08-06 02:34:40.062765,705640,0.0,0.0
2021-08-06 02:34:40.062765,705703,0.0,3.7
2021-08-06 02:34:40.220020,705640,0.0,0.0
2021-08-06 02:34:40.220020,705703,0.0,3.7
2021-08-06 02:34:40.377294,705640,0.0,0.0
2021-08-06 02:34:40.377294,705703,0.0,3.7
2021-08-06 02:34:40.534485,705640,0.0,0.0
2021-08-06 02:34:40.534485,705703,0.0,3.7
2021-08-06 02:34:40.692027,705640,0.0,0.0
2021-08-06 02:34:40.692027,705703,0.0,3.7
2021-08-06 02:34:40.849269,705640,0.0,0.0
2021-08-06 02:34:40.849269,705703,0.0,3.7
2021-08-06 02:34:41.006421,705640,0.0,0.0
2021-08-06 02:34:41.006421,705703,0.0,3.7
2021-08-06 02:34:41.164009,705640,0.0,0.0
2021-08-06 02:34:41.164009,705703,0.0,3.7
2021-08-06 02:34:41.321248,705640,0.0,0.0
2021-08-06 02:34:41.321248,705703,0.0,3.7
2021-08-06 02:34:41.480061,705640,0.0,0.0
2021-08-06 02:34:41.480061,705703,0.0,3.7
2021-08-06 02:34:41.636788,705640,0.0,0.0
2021-08-06 02:34:41.636788,705703,0.0,3.7
2021-08-06 02:34:41.794253,705640,0.0,0.0
2021-08-06 02:34:41.794253,705703,0.0,3.7
2021-08-06 02:34:41.951802,705640,0.0,0.0
2021-08-06 02:34:41.951802,705703,0.0,3.7
2021-08-06 02:34:42.109154,705640,0.0,0.0
2021-08-06 02:34:42.109154,705703,0.0,3.7
2021-08-06 02:34:42.266397,705640,0.0,0.0
2021-08-06 02:34:42.266397,705703,0.0,3.7
2021-08-06 02:34:42.423690,705640,0.0,0.0
2021-08-06 02:34:42.423690,705703,0.0,3.7
2021-08-06 02:34:42.581129,705640,0.0,0.0
2021-08-06 02:34:42.581129,705703,0.0,3.7
2021-08-06 02:34:42.738450,705640,0.0,0.0
2021-08-06 02:34:42.738450,705703,0.0,3.7
2021-08-06 02:34:42.895737,705640,0.0,0.0
2021-08-06 02:34:42.895737,705703,0.0,3.7
2021-08-06 02:34:43.053411,705640,0.0,0.0
2021-08-06 02:34:43.053411,705703,0.0,3.7
2021-08-06 02:34:43.210898,705640,0.0,0.0
2021-08-06 02:34:43.210898,705703,0.0,3.7
2021-08-06 02:34:43.368238,705640,0.0,0.0
2021-08-06 02:34:43.368238,705703,0.0,3.7
2021-08-06 02:34:43.525515,705640,0.0,0.0
2021-08-06 02:34:43.525515,705703,0.0,3.7
2021-08-06 02:34:43.682779,705640,0.0,0.0
2021-08-06 02:34:43.682779,705703,0.0,3.7
2021-08-06 02:34:43.840032,705640,0.0,0.0
2021-08-06 02:34:43.840032,705703,0.0,3.7
2021-08-06 02:34:43.997495,705640,0.0,0.0
2021-08-06 02:34:43.997495,705703,0.0,3.7
2021-08-06 02:34:44.154753,705640,0.0,0.0
2021-08-06 02:34:44.154753,705703,0.0,3.7
2021-08-06 02:34:44.311072,705640,0.0,0.0
2021-08-06 02:34:44.311072,705703,0.0,3.7
2021-08-06 02:34:44.468265,705640,0.0,0.0
2021-08-06 02:34:44.468265,705703,0.0,3.7
2021-08-06 02:34:44.625663,705640,0.0,0.0
2021-08-06 02:34:44.625663,705703,0.0,3.7
2021-08-06 02:34:44.783381,705640,0.0,0.0
2021-08-06 02:34:44.783381,705703,0.0,3.7
2021-08-06 02:34:44.940628,705640,0.0,0.0
2021-08-06 02:34:44.940628,705703,0.0,3.7
2021-08-06 02:34:45.097873,705640,0.0,0.0
2021-08-06 02:34:45.097873,705703,0.0,3.7
2021-08-06 02:34:45.255115,705640,0.0,0.0
2021-08-06 02:34:45.255115,705703,0.0,3.7
2021-08-06 02:34:45.412604,705640,0.0,0.0
2021-08-06 02:34:45.412604,705703,0.0,3.7
2021-08-06 02:34:45.569842,705640,0.0,0.0
2021-08-06 02:34:45.569842,705703,0.0,3.7
2021-08-06 02:34:45.727084,705640,0.0,0.0
2021-08-06 02:34:45.727084,705703,0.0,3.7
2021-08-06 02:34:45.884366,705640,0.0,0.0
2021-08-06 02:34:45.884366,705703,0.0,3.7
2021-08-06 02:34:46.041597,705640,0.0,0.0
2021-08-06 02:34:46.041597,705703,0.0,3.7
2021-08-06 02:34:46.198739,705640,0.0,0.0
2021-08-06 02:34:46.198739,705703,0.0,3.7
2021-08-06 02:34:46.355853,705703,6.7,3.7
2021-08-06 02:34:46.355853,705640,0.0,0.0
2021-08-06 02:34:46.512813,705640,0.0,0.0
2021-08-06 02:34:46.512813,705703,0.0,3.7
2021-08-06 02:34:46.669780,705640,0.0,0.0
2021-08-06 02:34:46.669780,705703,0.0,3.7
2021-08-06 02:34:46.827232,705640,0.0,0.0
2021-08-06 02:34:46.827232,705703,0.0,3.7
2021-08-06 02:34:46.984705,705640,0.0,0.0
2021-08-06 02:34:46.984705,705703,0.0,3.7
2021-08-06 02:34:47.141965,705640,0.0,0.0
2021-08-06 02:34:47.141965,705703,0.0,3.7
2021-08-06 02:34:47.299264,705640,0.0,0.0
2021-08-06 02:34:47.299264,705703,0.0,3.7
2021-08-06 02:34:47.456584,705640,0.0,0.0
2021-08-06 02:34:47.456584,705703,0.0,3.7
2021-08-06 02:34:47.613781,705640,0.0,0.0
2021-08-06 02:34:47.613781,705703,0.0,3.7
2021-08-06 02:34:47.771073,705640,0.0,0.0
2021-08-06 02:34:47.771073,705703,0.0,3.7
2021-08-06 02:34:47.928360,705640,0.0,0.0
2021-08-06 02:34:47.928360,705703,0.0,3.7
2021-08-06 02:34:48.085356,705640,0.0,0.0
2021-08-06 02:34:48.085356,705703,0.0,3.7
2021-08-06 02:34:48.242714,705640,0.0,0.0
2021-08-06 02:34:48.242714,705703,0.0,3.7
2021-08-06 02:34:48.399786,705640,0.0,0.0
2021-08-06 02:34:48.399786,705703,0.0,3.7
2021-08-06 02:34:48.556438,705640,0.0,0.0
2021-08-06 02:34:48.556438,705703,0.0,3.7
2021-08-06 02:34:48.713741,705640,0.0,0.0
2021-08-06 02:34:48.713741,705703,0.0,3.7
2021-08-06 02:34:48.871093,705640,0.0,0.0
2021-08-06 02:34:48.871093,705703,0.0,3.7
2021-08-06 02:34:49.028855,705640,0.0,0.0
2021-08-06 02:34:49.028855,705703,0.0,3.7
2021-08-06 02:34:49.186025,705640,0.0,0.0
2021-08-06 02:34:49.186025,705703,0.0,3.7
2021-08-06 02:34:49.343293,705640,0.0,0.0
2021-08-06 02:34:49.343293,705703,0.0,3.7
2021-08-06 02:34:49.500601,705640,0.0,0.0
2021-08-06 02:34:49.500601,705703,0.0,3.7
2021-08-06 02:34:49.657861,705640,0.0,0.0
2021-08-06 02:34:49.657861,705703,0.0,3.7
2021-08-06 02:34:49.814993,705640,0.0,0.0
2021-08-06 02:34:49.814993,705703,0.0,3.7
2021-08-06 02:34:49.972535,705640,0.0,0.0
2021-08-06 02:34:49.972535,705703,0.0,3.7
2021-08-06 02:34:50.129754,705640,0.0,0.0
2021-08-06 02:34:50.129754,705703,0.0,3.7
2021-08-06 02:34:50.286964,705640,0.0,0.0
2021-08-06 02:34:50.286964,705703,0.0,3.7
2021-08-06 02:34:50.444222,705640,0.0,0.0
2021-08-06 02:34:50.444222,705703,0.0,3.7
2021-08-06 02:34:50.601460,705640,0.0,0.0
2021-08-06 02:34:50.601460,705703,0.0,3.7
2021-08-06 02:34:50.758719,705640,0.0,0.0
2021-08-06 02:34:50.758719,705703,0.0,3.7
2021-08-06 02:34:50.915970,705640,0.0,0.0
2021-08-06 02:34:50.915970,705703,0.0,3.7
2021-08-06 02:34:51.073446,705640,0.0,0.0
2021-08-06 02:34:51.073446,705703,0.0,3.7
2021-08-06 02:34:51.231290,705640,0.0,0.0
2021-08-06 02:34:51.231290,705703,0.0,3.7
2021-08-06 02:34:51.388533,705640,0.0,0.0
2021-08-06 02:34:51.388533,705703,0.0,3.7
2021-08-06 02:34:51.545754,705640,0.0,0.0
2021-08-06 02:34:51.545754,705703,0.0,3.7
2021-08-06 02:34:51.703075,705640,0.0,0.0
2021-08-06 02:34:51.703075,705703,0.0,3.7
2021-08-06 02:34:51.860303,705640,0.0,0.0
2021-08-06 02:34:51.860303,705703,0.0,3.7
2021-08-06 02:34:52.017553,705640,0.0,0.0
2021-08-06 02:34:52.017553,705703,0.0,3.7
2021-08-06 02:34:52.174780,705640,0.0,0.0
2021-08-06 02:34:52.174780,705703,0.0,3.7
2021-08-06 02:34:52.332024,705640,0.0,0.0
2021-08-06 02:34:52.332024,705703,0.0,3.7
2021-08-06 02:34:52.489264,705640,0.0,0.0
2021-08-06 02:34:52.489264,705703,0.0,3.7
2021-08-06 02:34:52.646484,705640,0.0,0.0
2021-08-06 02:34:52.646484,705703,0.0,3.7
2021-08-06 02:34:52.803713,705640,0.0,0.0
2021-08-06 02:34:52.803713,705703,0.0,3.7
2021-08-06 02:34:52.960941,705640,0.0,0.0
2021-08-06 02:34:52.960941,705703,0.0,3.7
2021-08-06 02:34:53.118135,705640,0.0,0.0
2021-08-06 02:34:53.118135,705703,0.0,3.7
2021-08-06 02:34:53.275368,705640,0.0,0.0
2021-08-06 02:34:53.275368,705703,0.0,3.7
2021-08-06 02:34:53.432696,705640,0.0,0.0
2021-08-06 02:34:53.432696,705703,0.0,3.7
2021-08-06 02:34:53.589953,705640,0.0,0.0
2021-08-06 02:34:53.589953,705703,0.0,3.7
2021-08-06 02:34:53.747144,705640,0.0,0.0
2021-08-06 02:34:53.747144,705703,0.0,3.7
2021-08-06 02:34:53.904430,705640,0.0,0.0
2021-08-06 02:34:53.904430,705703,0.0,3.7
2021-08-06 02:34:54.061408,705640,0.0,0.0
2021-08-06 02:34:54.061408,705703,0.0,3.7
2021-08-06 02:34:54.218584,705640,0.0,0.0
2021-08-06 02:34:54.218584,705703,0.0,3.7
2021-08-06 02:34:54.376087,705640,0.0,0.0
2021-08-06 02:34:54.376087,705703,0.0,3.7
2021-08-06 02:34:54.533399,705640,0.0,0.0
2021-08-06 02:34:54.533399,705703,0.0,3.7
2021-08-06 02:34:54.690686,705640,0.0,0.0
2021-08-06 02:34:54.690686,705703,0.0,3.7
2021-08-06 02:34:54.847857,705640,0.0,0.0
2021-08-06 02:34:54.847857,705703,0.0,3.7
2021-08-06 02:34:55.004827,705640,0.0,0.0
2021-08-06 02:34:55.004827,705703,0.0,3.7
2021-08-06 02:34:55.161825,705640,0.0,0.0
2021-08-06 02:34:55.161825,705703,0.0,3.7
2021-08-06 02:34:55.319078,705640,0.0,0.0
2021-08-06 02:34:55.319078,705703,0.0,3.7
2021-08-06 02:34:55.476305,705640,0.0,0.0
2021-08-06 02:34:55.476305,705703,0.0,3.7
2021-08-06 02:34:55.633558,705640,0.0,0.0
2021-08-06 02:34:55.633558,705703,0.0,3.7
2021-08-06 02:34:55.790777,705640,0.0,0.0
2021-08-06 02:34:55.790777,705703,0.0,3.7
2021-08-06 02:34:55.948018,705640,0.0,0.0
2021-08-06 02:34:55.948018,705703,0.0,3.7
2021-08-06 02:34:56.105393,705640,0.0,0.0
2021-08-06 02:34:56.105393,705703,0.0,3.7
2021-08-06 02:34:56.262617,705640,0.0,0.0
2021-08-06 02:34:56.262617,705703,0.0,3.7
2021-08-06 02:34:56.419840,705640,0.0,0.0
2021-08-06 02:34:56.419840,705703,0.0,3.7
2021-08-06 02:34:56.577133,705640,0.0,0.0
2021-08-06 02:34:56.577133,705703,0.0,3.7
2021-08-06 02:34:56.734412,705640,0.0,0.0
2021-08-06 02:34:56.734412,705703,0.0,3.7
2021-08-06 02:34:56.891675,705640,0.0,0.0
2021-08-06 02:34:56.891675,705703,0.0,3.7
2021-08-06 02:34:57.048969,705640,0.0,0.0
2021-08-06 02:34:57.048969,705703,0.0,3.7
2021-08-06 02:34:57.206245,705640,0.0,0.0
2021-08-06 02:34:57.206245,705703,0.0,3.7
2021-08-06 02:34:57.363400,705640,0.0,0.0
2021-08-06 02:34:57.363400,705703,0.0,3.7
2021-08-06 02:34:57.520542,705640,0.0,0.0
2021-08-06 02:34:57.520542,705703,0.0,3.7
2021-08-06 02:34:57.677932,705640,0.0,0.0
2021-08-06 02:34:57.677932,705703,0.0,3.7
2021-08-06 02:34:57.835239,705640,0.0,0.0
2021-08-06 02:34:57.835239,705703,0.0,3.7
2021-08-06 02:34:57.992483,705640,0.0,0.0
2021-08-06 02:34:57.992483,705703,0.0,3.7
2021-08-06 02:34:58.149802,705640,0.0,0.0
2021-08-06 02:34:58.149802,705703,0.0,3.7
2021-08-06 02:34:58.307016,705640,0.0,0.0
2021-08-06 02:34:58.307016,705703,0.0,3.7
2021-08-06 02:34:58.464253,705640,0.0,0.0
2021-08-06 02:34:58.464253,705703,0.0,3.7
2021-08-06 02:34:58.621524,705640,0.0,0.0
2021-08-06 02:34:58.621524,705703,0.0,3.7
2021-08-06 02:34:58.778957,705640,0.0,0.0
2021-08-06 02:34:58.778957,705703,0.0,3.7
2021-08-06 02:34:58.936174,705640,0.0,0.0
2021-08-06 02:34:58.936174,705703,0.0,3.7
2021-08-06 02:34:59.093627,705640,0.0,0.0
2021-08-06 02:34:59.093627,705703,0.0,3.7
2021-08-06 02:34:59.251043,705640,0.0,0.0
2021-08-06 02:34:59.251043,705703,0.0,3.7
2021-08-06 02:34:59.408356,705640,0.0,0.0
2021-08-06 02:34:59.408356,705703,0.0,3.7
2021-08-06 02:34:59.565227,705640,0.0,0.0
2021-08-06 02:34:59.565227,705703,0.0,3.7
2021-08-06 02:34:59.722518,705640,0.0,0.0
2021-08-06 02:34:59.722518,705703,0.0,3.7
2021-08-06 02:34:59.879811,705640,0.0,0.0
2021-08-06 02:34:59.879811,705703,0.0,3.7
2021-08-06 02:35:00.037082,705640,0.0,0.0
2021-08-06 02:35:00.037082,705703,0.0,3.7
2021-08-06 02:35:00.194433,705640,0.0,0.0
2021-08-06 02:35:00.194433,705703,0.0,3.7
2021-08-06 02:35:00.351705,705640,0.0,0.0
2021-08-06 02:35:00.351705,705703,0.0,3.7
2021-08-06 02:35:00.508965,705640,0.0,0.0
2021-08-06 02:35:00.508965,705703,0.0,3.7
2021-08-06 02:35:00.666236,705640,0.0,0.0
2021-08-06 02:35:00.666236,705703,0.0,3.7
2021-08-06 02:35:00.823581,705640,0.0,0.0
2021-08-06 02:35:00.823581,705703,0.0,3.7
2021-08-06 02:35:00.980889,705640,0.0,0.0
2021-08-06 02:35:00.980889,705703,0.0,3.7
2021-08-06 02:35:01.138423,705640,0.0,0.0
2021-08-06 02:35:01.138423,705703,0.0,3.7
2021-08-06 02:35:01.295624,705640,0.0,0.0
2021-08-06 02:35:01.295624,705703,0.0,3.7
2021-08-06 02:35:01.452980,705640,0.0,0.0
2021-08-06 02:35:01.452980,705703,0.0,3.7
2021-08-06 02:35:01.610652,705640,0.0,0.0
2021-08-06 02:35:01.610652,705703,0.0,3.7
2021-08-06 02:35:01.767871,705640,0.0,0.0
2021-08-06 02:35:01.767871,705703,0.0,3.7
2021-08-06 02:35:01.925115,705640,0.0,0.0
2021-08-06 02:35:01.925115,705703,0.0,3.7
2021-08-06 02:35:02.082308,705640,0.0,0.0
2021-08-06 02:35:02.082308,705703,0.0,3.7
2021-08-06 02:35:02.239499,705640,0.0,0.0
2021-08-06 02:35:02.239499,705703,0.0,3.7
2021-08-06 02:35:02.396830,705640,0.0,0.0
2021-08-06 02:35:02.396830,705703,0.0,3.7
2021-08-06 02:35:02.554334,705640,0.0,0.0
2021-08-06 02:35:02.554334,705703,0.0,3.7
2021-08-06 02:35:02.711691,705640,0.0,0.0
2021-08-06 02:35:02.711691,705703,0.0,3.7
2021-08-06 02:35:02.868906,705640,0.0,0.0
2021-08-06 02:35:02.868906,705703,0.0,3.7
2021-08-06 02:35:03.026406,705640,0.0,0.0
2021-08-06 02:35:03.026406,705703,0.0,3.7
2021-08-06 02:35:03.183818,705640,0.0,0.0
2021-08-06 02:35:03.183818,705703,0.0,3.7
2021-08-06 02:35:03.340901,705640,0.0,0.0
2021-08-06 02:35:03.340901,705703,0.0,3.7
2021-08-06 02:35:03.498117,705640,0.0,0.0
2021-08-06 02:35:03.498117,705703,0.0,3.7
2021-08-06 02:35:03.655310,705640,0.0,0.0
2021-08-06 02:35:03.655310,705703,0.0,3.7
2021-08-06 02:35:03.812467,705640,0.0,0.0
2021-08-06 02:35:03.812467,705703,0.0,3.7
2021-08-06 02:35:03.969679,705640,0.0,0.0
2021-08-06 02:35:03.969679,705703,0.0,3.7
2021-08-06 02:35:04.126907,705640,0.0,0.0
2021-08-06 02:35:04.126907,705703,0.0,3.7
2021-08-06 02:35:04.284232,705640,0.0,0.0
2021-08-06 02:35:04.284232,705703,0.0,3.7
2021-08-06 02:35:04.441773,705640,0.0,0.0
2021-08-06 02:35:04.441773,705703,0.0,3.7
2021-08-06 02:35:04.599041,705640,0.0,0.0
2021-08-06 02:35:04.599041,705703,0.0,3.7
2021-08-06 02:35:04.756847,705640,0.0,0.0
2021-08-06 02:35:04.756847,705703,0.0,3.7
2021-08-06 02:35:04.914021,705640,0.0,0.0
2021-08-06 02:35:04.914021,705703,0.0,3.7
2021-08-06 02:35:05.071759,705640,0.0,0.0
2021-08-06 02:35:05.071759,705703,0.0,3.7
2021-08-06 02:35:05.229023,705640,0.0,0.0
2021-08-06 02:35:05.229023,705703,0.0,3.7
2021-08-06 02:35:05.386302,705640,0.0,0.0
2021-08-06 02:35:05.386302,705703,0.0,3.7
2021-08-06 02:35:05.543558,705640,0.0,0.0
2021-08-06 02:35:05.543558,705703,0.0,3.7
2021-08-06 02:35:05.700876,705640,0.0,0.0
2021-08-06 02:35:05.700876,705703,0.0,3.7
2021-08-06 02:35:05.858119,705640,0.0,0.0
2021-08-06 02:35:05.858119,705703,0.0,3.7
2021-08-06 02:35:06.015369,705640,0.0,0.0
2021-08-06 02:35:06.015369,705703,0.0,3.7
2021-08-06 02:35:06.172609,705640,0.0,0.0
2021-08-06 02:35:06.172609,705703,0.0,3.7
2021-08-06 02:35:06.330089,705640,0.0,0.0
2021-08-06 02:35:06.330089,705703,0.0,3.7
2021-08-06 02:35:06.487368,705640,0.0,0.0
2021-08-06 02:35:06.487368,705703,0.0,3.7
2021-08-06 02:35:06.644577,705640,0.0,0.0
2021-08-06 02:35:06.644577,705703,0.0,3.7
2021-08-06 02:35:06.801780,705640,0.0,0.0
2021-08-06 02:35:06.801780,705703,0.0,3.7
2021-08-06 02:35:06.959025,705640,0.0,0.0
2021-08-06 02:35:06.959025,705703,0.0,3.7
2021-08-06 02:35:07.116142,705640,0.0,0.0
2021-08-06 02:35:07.116142,705703,0.0,3.7
2021-08-06 02:35:07.273343,705640,0.0,0.0
2021-08-06 02:35:07.273343,705703,0.0,3.7
2021-08-06 02:35:07.430548,705640,0.0,0.0
2021-08-06 02:35:07.430548,705703,0.0,3.7
2021-08-06 02:35:07.587815,705640,0.0,0.0
2021-08-06 02:35:07.587815,705703,0.0,3.7
2021-08-06 02:35:07.745065,705640,0.0,0.0
2021-08-06 02:35:07.745065,705703,0.0,3.7
2021-08-06 02:35:07.902485,705640,0.0,0.0
2021-08-06 02:35:07.902485,705703,0.0,3.7
2021-08-06 02:35:08.059726,705640,0.0,0.0
2021-08-06 02:35:08.059726,705703,0.0,3.7
2021-08-06 02:35:08.216800,705640,0.0,0.0
2021-08-06 02:35:08.216800,705703,0.0,3.7
2021-08-06 02:35:08.374008,705640,0.0,0.0
2021-08-06 02:35:08.374008,705703,0.0,3.7
2021-08-06 02:35:08.531406,705640,0.0,0.0
2021-08-06 02:35:08.531406,705703,0.0,3.7
2021-08-06 02:35:08.688245,705640,0.0,0.0
2021-08-06 02:35:08.688245,705703,0.0,3.7
2021-08-06 02:35:08.845519,705640,0.0,0.0
2021-08-06 02:35:08.845519,705703,0.0,3.7
2021-08-06 02:35:09.003219,705640,0.0,0.0
2021-08-06 02:35:09.003219,705703,0.0,3.7
2021-08-06 02:35:09.160443,705640,0.0,0.0
2021-08-06 02:35:09.160443,705703,0.0,3.7
2021-08-06 02:35:09.317873,705640,0.0,0.0
2021-08-06 02:35:09.317873,705703,0.0,3.7
2021-08-06 02:35:09.474992,705640,0.0,0.0
2021-08-06 02:35:09.474992,705703,0.0,3.7
2021-08-06 02:35:09.632128,705640,0.0,0.0
2021-08-06 02:35:09.632128,705703,0.0,3.7
2021-08-06 02:35:09.789869,705640,0.0,0.0
2021-08-06 02:35:09.789869,705703,0.0,3.7
2021-08-06 02:35:09.947186,705640,0.0,0.0
2021-08-06 02:35:09.947186,705703,0.0,3.7
2021-08-06 02:35:10.104455,705640,0.0,0.0
2021-08-06 02:35:10.104455,705703,0.0,3.7
2021-08-06 02:35:10.261781,705640,0.0,0.0
2021-08-06 02:35:10.261781,705703,0.0,3.7
2021-08-06 02:35:10.419548,705640,0.0,0.0
2021-08-06 02:35:10.419548,705703,0.0,3.7
2021-08-06 02:35:10.577046,705640,0.0,0.0
2021-08-06 02:35:10.577046,705703,0.0,3.7
2021-08-06 02:35:10.734164,705640,0.0,0.0
2021-08-06 02:35:10.734164,705703,0.0,3.7
2021-08-06 02:35:10.891407,705640,0.0,0.0
2021-08-06 02:35:10.891407,705703,0.0,3.7
2021-08-06 02:35:11.048730,705640,0.0,0.0
2021-08-06 02:35:11.048730,705703,0.0,3.7
2021-08-06 02:35:11.206293,705640,0.0,0.0
2021-08-06 02:35:11.206293,705703,0.0,3.7
2021-08-06 02:35:11.363583,705640,0.0,0.0
2021-08-06 02:35:11.363583,705703,0.0,3.7
2021-08-06 02:35:11.520982,705640,0.0,0.0
2021-08-06 02:35:11.520982,705703,0.0,3.7
2021-08-06 02:35:11.678323,705640,0.0,0.0
2021-08-06 02:35:11.678323,705703,0.0,3.7
2021-08-06 02:35:11.835676,705640,0.0,0.0
2021-08-06 02:35:11.835676,705703,0.0,3.7
2021-08-06 02:35:11.992941,705640,0.0,0.0
2021-08-06 02:35:11.992941,705703,0.0,3.7
2021-08-06 02:35:12.150180,705640,0.0,0.0
2021-08-06 02:35:12.150180,705703,0.0,3.7
2021-08-06 02:35:12.307469,705640,0.0,0.0
2021-08-06 02:35:12.307469,705703,0.0,3.7
2021-08-06 02:35:12.464988,705640,0.0,0.0
2021-08-06 02:35:12.464988,705703,0.0,3.7
2021-08-06 02:35:12.622218,705640,0.0,0.0
2021-08-06 02:35:12.622218,705703,0.0,3.7
2021-08-06 02:35:12.779474,705640,0.0,0.0
2021-08-06 02:35:12.779474,705703,0.0,3.7
2021-08-06 02:35:12.936814,705703,6.7,3.7
2021-08-06 02:35:12.936814,705640,0.0,0.0
2021-08-06 02:35:13.094273,705640,0.0,0.0
2021-08-06 02:35:13.094273,705703,0.0,3.7
2021-08-06 02:35:13.251606,705640,0.0,0.0
2021-08-06 02:35:13.251606,705703,0.0,3.7
2021-08-06 02:35:13.408967,705640,0.0,0.0
2021-08-06 02:35:13.408967,705703,0.0,3.7
2021-08-06 02:35:13.566244,705640,0.0,0.0
2021-08-06 02:35:13.566244,705703,0.0,3.7
2021-08-06 02:35:13.723575,705640,0.0,0.0
2021-08-06 02:35:13.723575,705703,0.0,3.7
2021-08-06 02:35:13.880860,705640,0.0,0.0
2021-08-06 02:35:13.880860,705703,0.0,3.7
2021-08-06 02:35:14.038203,705640,0.0,0.0
2021-08-06 02:35:14.038203,705703,0.0,3.7
2021-08-06 02:35:14.195563,705640,0.0,0.0
2021-08-06 02:35:14.195563,705703,0.0,3.7
2021-08-06 02:35:14.353085,705640,0.0,0.0
2021-08-06 02:35:14.353085,705703,0.0,3.7
2021-08-06 02:35:14.510414,705640,0.0,0.0
2021-08-06 02:35:14.510414,705703,0.0,3.7
2021-08-06 02:35:14.667786,705640,0.0,0.0
2021-08-06 02:35:14.667786,705703,0.0,3.7
2021-08-06 02:35:14.825146,705640,0.0,0.0
2021-08-06 02:35:14.825146,705703,0.0,3.7
2021-08-06 02:35:14.982307,705640,0.0,0.0
2021-08-06 02:35:14.982307,705703,0.0,3.7
2021-08-06 02:35:15.139766,705640,0.0,0.0
2021-08-06 02:35:15.139766,705703,0.0,3.7
2021-08-06 02:35:15.296990,705640,0.0,0.0
2021-08-06 02:35:15.296990,705703,0.0,3.7
2021-08-06 02:35:15.454426,705640,0.0,0.0
2021-08-06 02:35:15.454426,705703,0.0,3.7
2021-08-06 02:35:15.611662,705640,0.0,0.0
2021-08-06 02:35:15.611662,705703,0.0,3.7
2021-08-06 02:35:15.768997,705640,0.0,0.0
2021-08-06 02:35:15.768997,705703,0.0,3.7
2021-08-06 02:35:15.926158,705640,0.0,0.0
2021-08-06 02:35:15.926158,705703,0.0,3.7
2021-08-06 02:35:16.083455,705640,0.0,0.0
2021-08-06 02:35:16.083455,705703,0.0,3.7
2021-08-06 02:35:16.240628,705640,0.0,0.0
2021-08-06 02:35:16.240628,705703,0.0,3.7
2021-08-06 02:35:16.397857,705640,0.0,0.0
2021-08-06 02:35:16.397857,705703,0.0,3.7
2021-08-06 02:35:16.555077,705640,0.0,0.0
2021-08-06 02:35:16.555077,705703,0.0,3.7
2021-08-06 02:35:16.712468,705640,0.0,0.0
2021-08-06 02:35:16.712468,705703,0.0,3.7
2021-08-06 02:35:16.869908,705640,0.0,0.0
2021-08-06 02:35:16.869908,705703,0.0,3.7
2021-08-06 02:35:17.027211,705640,0.0,0.0
2021-08-06 02:35:17.027211,705703,0.0,3.7
2021-08-06 02:35:17.184554,705640,0.0,0.0
2021-08-06 02:35:17.184554,705703,0.0,3.7
2021-08-06 02:35:17.341974,705640,0.0,0.0
2021-08-06 02:35:17.341974,705703,0.0,3.7
2021-08-06 02:35:17.499244,705640,0.0,0.0
2021-08-06 02:35:17.499244,705703,0.0,3.7
2021-08-06 02:35:17.656592,705640,0.0,0.0
2021-08-06 02:35:17.656592,705703,0.0,3.7
2021-08-06 02:35:17.813831,705640,0.0,0.0
2021-08-06 02:35:17.813831,705703,0.0,3.7
2021-08-06 02:35:17.971036,705640,0.0,0.0
2021-08-06 02:35:17.971036,705703,0.0,3.7
2021-08-06 02:35:18.128290,705640,0.0,0.0
2021-08-06 02:35:18.128290,705703,0.0,3.7
2021-08-06 02:35:18.285516,705640,0.0,0.0
2021-08-06 02:35:18.285516,705703,0.0,3.7
2021-08-06 02:35:18.442896,705640,0.0,0.0
2021-08-06 02:35:18.442896,705703,0.0,3.7
2021-08-06 02:35:18.600211,705640,0.0,0.0
2021-08-06 02:35:18.600211,705703,0.0,3.7
2021-08-06 02:35:18.757138,705640,0.0,0.0
2021-08-06 02:35:18.757138,705703,0.0,3.7
2021-08-06 02:35:18.914067,705640,0.0,0.0
2021-08-06 02:35:18.914067,705703,0.0,3.7
2021-08-06 02:35:19.071297,705640,0.0,0.0
2021-08-06 02:35:19.071297,705703,0.0,3.7
2021-08-06 02:35:19.228547,705640,0.0,0.0
2021-08-06 02:35:19.228547,705703,0.0,3.7
2021-08-06 02:35:19.385738,705640,0.0,0.0
2021-08-06 02:35:19.385738,705703,0.0,3.7
2021-08-06 02:35:19.543096,705640,0.0,0.0
2021-08-06 02:35:19.543096,705703,0.0,3.7
2021-08-06 02:35:19.700394,705640,0.0,0.0
2021-08-06 02:35:19.700394,705703,0.0,3.7
2021-08-06 02:35:19.857899,705640,0.0,0.0
2021-08-06 02:35:19.857899,705703,0.0,3.7
2021-08-06 02:35:20.015116,705640,0.0,0.0
2021-08-06 02:35:20.015116,705703,0.0,3.7
2021-08-06 02:35:20.172237,705640,0.0,0.0
2021-08-06 02:35:20.172237,705703,0.0,3.7
2021-08-06 02:35:20.329508,705640,0.0,0.0
2021-08-06 02:35:20.329508,705703,0.0,3.7
2021-08-06 02:35:20.486775,705640,0.0,0.0
2021-08-06 02:35:20.486775,705703,0.0,3.7
2021-08-06 02:35:20.644011,705640,0.0,0.0
2021-08-06 02:35:20.644011,705703,0.0,3.7
2021-08-06 02:35:20.801435,705640,0.0,0.0
2021-08-06 02:35:20.801435,705703,0.0,3.7
2021-08-06 02:35:20.958835,705640,0.0,0.0
2021-08-06 02:35:20.958835,705703,0.0,3.7
2021-08-06 02:35:21.116400,705640,0.0,0.0
2021-08-06 02:35:21.116400,705703,0.0,3.7
2021-08-06 02:35:21.273647,705640,0.0,0.0
2021-08-06 02:35:21.273647,705703,0.0,3.7
2021-08-06 02:35:21.430831,705640,0.0,0.0
2021-08-06 02:35:21.430831,705703,0.0,3.7
2021-08-06 02:35:21.588120,705640,0.0,0.0
2021-08-06 02:35:21.588120,705703,0.0,3.7
2021-08-06 02:35:21.745274,705640,0.0,0.0
2021-08-06 02:35:21.745274,705703,0.0,3.7
2021-08-06 02:35:21.902549,705640,0.0,0.0
2021-08-06 02:35:21.902549,705703,0.0,3.7
2021-08-06 02:35:22.059867,705640,0.0,0.0
2021-08-06 02:35:22.059867,705703,0.0,3.7
2021-08-06 02:35:22.217182,705640,0.0,0.0
2021-08-06 02:35:22.217182,705703,0.0,3.7
2021-08-06 02:35:22.374402,705640,0.0,0.0
2021-08-06 02:35:22.374402,705703,0.0,3.7
2021-08-06 02:35:22.531917,705640,0.0,0.0
2021-08-06 02:35:22.531917,705703,0.0,3.7
2021-08-06 02:35:22.689228,705640,0.0,0.0
2021-08-06 02:35:22.689228,705703,0.0,3.7
2021-08-06 02:35:22.846580,705640,0.0,0.0
2021-08-06 02:35:22.846580,705703,0.0,3.7
2021-08-06 02:35:23.003756,705640,0.0,0.0
2021-08-06 02:35:23.003756,705703,0.0,3.7
2021-08-06 02:35:23.160867,705640,0.0,0.0
2021-08-06 02:35:23.160867,705703,0.0,3.7
2021-08-06 02:35:23.318373,705640,0.0,0.0
2021-08-06 02:35:23.318373,705703,0.0,3.7
2021-08-06 02:35:23.475659,705640,0.0,0.0
2021-08-06 02:35:23.475659,705703,0.0,3.7
2021-08-06 02:35:23.633001,705640,0.0,0.0
2021-08-06 02:35:23.633001,705703,0.0,3.7
2021-08-06 02:35:23.790196,705640,0.0,0.0
2021-08-06 02:35:23.790196,705703,0.0,3.7
2021-08-06 02:35:23.947429,705640,0.0,0.0
2021-08-06 02:35:23.947429,705703,0.0,3.7
2021-08-06 02:35:24.104962,705640,0.0,0.0
2021-08-06 02:35:24.104962,705703,0.0,3.7
2021-08-06 02:35:24.262490,705640,0.0,0.0
2021-08-06 02:35:24.262490,705703,0.0,3.7
2021-08-06 02:35:24.420159,705640,0.0,0.0
2021-08-06 02:35:24.420159,705703,0.0,3.7
2021-08-06 02:35:24.577480,705640,0.0,0.0
2021-08-06 02:35:24.577480,705703,0.0,3.7
2021-08-06 02:35:24.735009,705640,0.0,0.0
2021-08-06 02:35:24.735009,705703,0.0,3.7
2021-08-06 02:35:24.892134,705640,0.0,0.0
2021-08-06 02:35:24.892134,705703,0.0,3.7
2021-08-06 02:35:25.049283,705640,0.0,0.0
2021-08-06 02:35:25.049283,705703,0.0,3.7
2021-08-06 02:35:25.206552,705640,0.0,0.0
2021-08-06 02:35:25.206552,705703,0.0,3.7
2021-08-06 02:35:25.363824,705640,0.0,0.0
2021-08-06 02:35:25.363824,705703,0.0,3.7
2021-08-06 02:35:25.521065,705640,0.0,0.0
2021-08-06 02:35:25.521065,705703,0.0,3.7
2021-08-06 02:35:25.677987,705640,0.0,0.0
2021-08-06 02:35:25.677987,705703,0.0,3.7
2021-08-06 02:35:25.835286,705640,0.0,0.0
2021-08-06 02:35:25.835286,705703,0.0,3.7
2021-08-06 02:35:25.992503,705640,0.0,0.0
2021-08-06 02:35:25.992503,705703,0.0,3.7
2021-08-06 02:35:26.149924,705640,0.0,0.0
2021-08-06 02:35:26.149924,705703,0.0,3.7
2021-08-06 02:35:26.307143,705640,0.0,0.0
2021-08-06 02:35:26.307143,705703,0.0,3.7
2021-08-06 02:35:26.464344,705640,0.0,0.0
2021-08-06 02:35:26.464344,705703,0.0,3.7
2021-08-06 02:35:26.621972,705640,0.0,0.0
2021-08-06 02:35:26.621972,705703,0.0,3.7
2021-08-06 02:35:26.779185,705640,0.0,0.0
2021-08-06 02:35:26.779185,705703,0.0,3.7
2021-08-06 02:35:26.936574,705640,0.0,0.0
2021-08-06 02:35:26.936574,705703,0.0,3.7
2021-08-06 02:35:27.093800,705640,0.0,0.0
2021-08-06 02:35:27.093800,705703,0.0,3.7
2021-08-06 02:35:27.251040,705640,0.0,0.0
2021-08-06 02:35:27.251040,705703,0.0,3.7
2021-08-06 02:35:27.408351,705640,0.0,0.0
2021-08-06 02:35:27.408351,705703,0.0,3.7
2021-08-06 02:35:27.566019,705640,0.0,0.0
2021-08-06 02:35:27.566019,705703,0.0,3.7
2021-08-06 02:35:27.723422,705703,6.7,3.7
2021-08-06 02:35:27.723422,705640,0.0,0.0
2021-08-06 02:35:27.881096,705640,0.0,0.0
2021-08-06 02:35:27.881096,705703,0.0,3.7
2021-08-06 02:35:28.038664,705640,0.0,0.0
2021-08-06 02:35:28.038664,705703,0.0,3.7
2021-08-06 02:35:28.195978,705640,0.0,0.0
2021-08-06 02:35:28.195978,705703,0.0,3.7
2021-08-06 02:35:28.353270,705640,0.0,0.0
2021-08-06 02:35:28.353270,705703,0.0,3.7
2021-08-06 02:35:28.510485,705640,0.0,0.0
2021-08-06 02:35:28.510485,705703,0.0,3.7
2021-08-06 02:35:28.667976,705640,0.0,0.0
2021-08-06 02:35:28.667976,705703,0.0,3.7
2021-08-06 02:35:28.825137,705640,0.0,0.0
2021-08-06 02:35:28.825137,705703,0.0,3.7
2021-08-06 02:35:28.982843,705640,0.0,0.0
2021-08-06 02:35:28.982843,705703,0.0,3.7
2021-08-06 02:35:29.140073,705640,0.0,0.0
2021-08-06 02:35:29.140073,705703,0.0,3.7
2021-08-06 02:35:29.297152,705640,0.0,0.0
2021-08-06 02:35:29.297152,705703,0.0,3.7
2021-08-06 02:35:29.454400,705640,0.0,0.0
2021-08-06 02:35:29.454400,705703,0.0,3.7
2021-08-06 02:35:29.611628,705640,0.0,0.0
2021-08-06 02:35:29.611628,705703,0.0,3.7
2021-08-06 02:35:29.769175,705640,0.0,0.0
2021-08-06 02:35:29.769175,705703,0.0,3.7
2021-08-06 02:35:29.926409,705640,0.0,0.0
2021-08-06 02:35:29.926409,705703,0.0,3.7
2021-08-06 02:35:30.083692,705640,0.0,0.0
2021-08-06 02:35:30.083692,705703,0.0,3.7
2021-08-06 02:35:30.240829,705640,0.0,0.0
2021-08-06 02:35:30.240829,705703,0.0,3.7
2021-08-06 02:35:30.398042,705640,0.0,0.0
2021-08-06 02:35:30.398042,705703,0.0,3.7
2021-08-06 02:35:30.555315,705640,0.0,0.0
2021-08-06 02:35:30.555315,705703,0.0,3.7
2021-08-06 02:35:30.712506,705640,0.0,0.0
2021-08-06 02:35:30.712506,705703,0.0,3.7
2021-08-06 02:35:30.869656,705640,0.0,0.0
2021-08-06 02:35:30.869656,705703,0.0,3.7
2021-08-06 02:35:31.026781,705640,0.0,0.0
2021-08-06 02:35:31.026781,705703,0.0,3.7
2021-08-06 02:35:31.183988,705640,0.0,0.0
2021-08-06 02:35:31.183988,705703,0.0,3.7
2021-08-06 02:35:31.341219,705640,0.0,0.0
2021-08-06 02:35:31.341219,705703,0.0,3.7
2021-08-06 02:35:31.498639,705640,0.0,0.0
2021-08-06 02:35:31.498639,705703,0.0,3.7
2021-08-06 02:35:31.655895,705640,0.0,0.0
2021-08-06 02:35:31.655895,705703,0.0,3.7
2021-08-06 02:35:31.813305,705640,0.0,0.0
2021-08-06 02:35:31.813305,705703,0.0,3.7
2021-08-06 02:35:31.970701,705640,0.0,0.0
2021-08-06 02:35:31.970701,705703,0.0,3.7
2021-08-06 02:35:32.127966,705640,0.0,0.0
2021-08-06 02:35:32.127966,705703,0.0,3.7
2021-08-06 02:35:32.285031,705640,0.0,0.0
2021-08-06 02:35:32.285031,705703,0.0,3.7
