timestamp,PID,CPU,RAM
2021-07-30 09:34:43.970070,2589230,0.0,0.0
2021-07-30 09:34:43.970070,2589295,0.0,5.5
2021-07-30 09:34:44.125865,2589230,0.0,0.0
2021-07-30 09:34:44.125865,2589295,0.0,5.5
2021-07-30 09:34:44.281399,2589230,0.0,0.0
2021-07-30 09:34:44.281399,2589295,0.0,5.5
2021-07-30 09:34:44.436888,2589230,0.0,0.0
2021-07-30 09:34:44.436888,2589295,0.0,5.5
2021-07-30 09:34:44.592316,2589230,0.0,0.0
2021-07-30 09:34:44.592316,2589295,0.0,5.5
2021-07-30 09:34:44.747725,2589230,0.0,0.0
2021-07-30 09:34:44.747725,2589295,0.0,5.5
2021-07-30 09:34:44.903150,2589230,0.0,0.0
2021-07-30 09:34:44.903150,2589295,0.0,5.5
2021-07-30 09:34:45.058650,2589230,0.0,0.0
2021-07-30 09:34:45.058650,2589295,0.0,5.5
2021-07-30 09:34:45.214076,2589230,0.0,0.0
2021-07-30 09:34:45.214076,2589295,0.0,5.5
2021-07-30 09:34:45.369566,2589230,0.0,0.0
2021-07-30 09:34:45.369566,2589295,0.0,5.5
2021-07-30 09:34:45.525031,2589230,0.0,0.0
2021-07-30 09:34:45.525031,2589295,0.0,5.5
2021-07-30 09:34:45.680746,2589230,0.0,0.0
2021-07-30 09:34:45.680746,2589295,0.0,5.5
2021-07-30 09:34:45.836180,2589230,0.0,0.0
2021-07-30 09:34:45.836180,2589295,0.0,5.5
2021-07-30 09:34:45.991605,2589230,0.0,0.0
2021-07-30 09:34:45.991605,2589295,0.0,5.5
2021-07-30 09:34:46.147029,2589230,0.0,0.0
2021-07-30 09:34:46.147029,2589295,0.0,5.5
2021-07-30 09:34:46.302515,2589230,0.0,0.0
2021-07-30 09:34:46.302515,2589295,0.0,5.5
2021-07-30 09:34:46.457971,2589230,0.0,0.0
2021-07-30 09:34:46.457971,2589295,0.0,5.5
2021-07-30 09:34:46.613233,2589295,13.3,5.5
2021-07-30 09:34:46.613233,2589230,0.0,0.0
2021-07-30 09:34:46.768737,2589230,0.0,0.0
2021-07-30 09:34:46.768737,2589295,0.0,5.5
2021-07-30 09:34:46.924525,2589230,0.0,0.0
2021-07-30 09:34:46.924525,2589295,0.0,5.5
2021-07-30 09:34:47.083211,2589230,0.0,0.0
2021-07-30 09:34:47.083211,2589295,0.0,5.5
2021-07-30 09:34:47.238715,2589230,0.0,0.0
2021-07-30 09:34:47.238715,2589295,0.0,5.5
2021-07-30 09:34:47.394255,2589230,0.0,0.0
2021-07-30 09:34:47.394255,2589295,0.0,5.5
2021-07-30 09:34:47.550429,2589230,0.0,0.0
2021-07-30 09:34:47.550429,2589295,0.0,5.5
2021-07-30 09:34:47.705805,2589230,0.0,0.0
2021-07-30 09:34:47.705805,2589295,0.0,5.5
2021-07-30 09:34:47.861241,2589230,0.0,0.0
2021-07-30 09:34:47.861241,2589295,0.0,5.5
2021-07-30 09:34:48.016868,2589230,0.0,0.0
2021-07-30 09:34:48.016868,2589295,0.0,5.5
2021-07-30 09:34:48.173495,2589230,0.0,0.0
2021-07-30 09:34:48.173495,2589295,0.0,5.5
2021-07-30 09:34:48.330420,2589230,0.0,0.0
2021-07-30 09:34:48.330420,2589295,0.0,5.5
2021-07-30 09:34:48.487035,2589230,0.0,0.0
2021-07-30 09:34:48.487035,2589295,0.0,5.5
2021-07-30 09:34:48.642438,2589230,0.0,0.0
2021-07-30 09:34:48.642438,2589295,0.0,5.5
2021-07-30 09:34:48.799143,2589230,0.0,0.0
2021-07-30 09:34:48.799143,2589295,0.0,5.5
2021-07-30 09:34:48.955815,2589230,0.0,0.0
2021-07-30 09:34:48.955815,2589295,0.0,5.5
2021-07-30 09:34:49.111792,2589230,0.0,0.0
2021-07-30 09:34:49.111792,2589295,0.0,5.5
2021-07-30 09:34:49.267416,2589230,0.0,0.0
2021-07-30 09:34:49.267416,2589295,0.0,5.5
2021-07-30 09:34:49.423877,2589230,0.0,0.0
2021-07-30 09:34:49.423877,2589295,0.0,5.5
2021-07-30 09:34:49.580465,2589230,0.0,0.0
2021-07-30 09:34:49.580465,2589295,0.0,5.5
2021-07-30 09:34:49.735942,2589230,0.0,0.0
2021-07-30 09:34:49.735942,2589295,0.0,5.5
2021-07-30 09:34:49.892142,2589230,0.0,0.0
2021-07-30 09:34:49.892142,2589295,0.0,5.5
2021-07-30 09:34:50.048441,2589230,0.0,0.0
2021-07-30 09:34:50.048441,2589295,0.0,5.5
2021-07-30 09:34:50.204554,2589230,0.0,0.0
2021-07-30 09:34:50.204554,2589295,0.0,5.5
2021-07-30 09:34:50.360591,2589230,0.0,0.0
2021-07-30 09:34:50.360591,2589295,0.0,5.5
2021-07-30 09:34:50.516124,2589230,0.0,0.0
2021-07-30 09:34:50.516124,2589295,0.0,5.5
2021-07-30 09:34:50.671688,2589230,0.0,0.0
2021-07-30 09:34:50.671688,2589295,0.0,5.5
2021-07-30 09:34:50.827541,2589230,0.0,0.0
2021-07-30 09:34:50.827541,2589295,0.0,5.5
2021-07-30 09:34:50.983097,2589230,0.0,0.0
2021-07-30 09:34:50.983097,2589295,0.0,5.5
2021-07-30 09:34:51.138768,2589230,0.0,0.0
2021-07-30 09:34:51.138768,2589295,0.0,5.5
2021-07-30 09:34:51.294425,2589230,0.0,0.0
2021-07-30 09:34:51.294425,2589295,0.0,5.5
2021-07-30 09:34:51.450089,2589230,0.0,0.0
2021-07-30 09:34:51.450089,2589295,0.0,5.5
2021-07-30 09:34:51.605831,2589295,6.7,5.5
2021-07-30 09:34:51.605831,2589230,0.0,0.0
2021-07-30 09:34:51.761298,2589230,0.0,0.0
2021-07-30 09:34:51.761298,2589295,0.0,5.5
2021-07-30 09:34:51.916876,2589230,0.0,0.0
2021-07-30 09:34:51.916876,2589295,0.0,5.5
2021-07-30 09:34:52.072277,2589230,0.0,0.0
2021-07-30 09:34:52.072277,2589295,0.0,5.5
2021-07-30 09:34:52.227676,2589230,0.0,0.0
2021-07-30 09:34:52.227676,2589295,0.0,5.5
2021-07-30 09:34:52.383401,2589230,0.0,0.0
2021-07-30 09:34:52.383401,2589295,0.0,5.5
2021-07-30 09:34:52.538852,2589230,0.0,0.0
2021-07-30 09:34:52.538852,2589295,0.0,5.5
2021-07-30 09:34:52.694247,2589230,0.0,0.0
2021-07-30 09:34:52.694247,2589295,0.0,5.5
2021-07-30 09:34:52.849661,2589230,0.0,0.0
2021-07-30 09:34:52.849661,2589295,0.0,5.5
2021-07-30 09:34:53.005084,2589230,0.0,0.0
2021-07-30 09:34:53.005084,2589295,0.0,5.5
2021-07-30 09:34:53.160713,2589230,0.0,0.0
2021-07-30 09:34:53.160713,2589295,0.0,5.5
2021-07-30 09:34:53.316616,2589230,0.0,0.0
2021-07-30 09:34:53.316616,2589295,0.0,5.5
2021-07-30 09:34:53.472152,2589230,0.0,0.0
2021-07-30 09:34:53.472152,2589295,0.0,5.5
2021-07-30 09:34:53.627566,2589230,0.0,0.0
2021-07-30 09:34:53.627566,2589295,0.0,5.5
2021-07-30 09:34:53.783019,2589230,0.0,0.0
2021-07-30 09:34:53.783019,2589295,0.0,5.5
2021-07-30 09:34:53.938857,2589230,0.0,0.0
2021-07-30 09:34:53.938857,2589295,0.0,5.5
2021-07-30 09:34:54.094794,2589230,0.0,0.0
2021-07-30 09:34:54.094794,2589295,0.0,5.5
2021-07-30 09:34:54.249701,2589230,0.0,0.0
2021-07-30 09:34:54.249701,2589295,0.0,5.5
2021-07-30 09:34:54.405246,2589230,0.0,0.0
2021-07-30 09:34:54.405246,2589295,0.0,5.5
2021-07-30 09:34:54.560700,2589230,0.0,0.0
2021-07-30 09:34:54.560700,2589295,0.0,5.5
2021-07-30 09:34:54.716102,2589230,0.0,0.0
2021-07-30 09:34:54.716102,2589295,0.0,5.5
2021-07-30 09:34:54.871554,2589230,0.0,0.0
2021-07-30 09:34:54.871554,2589295,0.0,5.5
2021-07-30 09:34:55.027255,2589230,0.0,0.0
2021-07-30 09:34:55.027255,2589295,0.0,5.5
2021-07-30 09:34:55.182767,2589230,0.0,0.0
2021-07-30 09:34:55.182767,2589295,0.0,5.5
2021-07-30 09:34:55.338273,2589230,0.0,0.0
2021-07-30 09:34:55.338273,2589295,0.0,5.5
2021-07-30 09:34:55.493827,2589230,0.0,0.0
2021-07-30 09:34:55.493827,2589295,0.0,5.5
2021-07-30 09:34:55.649379,2589230,0.0,0.0
2021-07-30 09:34:55.649379,2589295,0.0,5.5
2021-07-30 09:34:55.804833,2589230,0.0,0.0
2021-07-30 09:34:55.804833,2589295,0.0,5.5
2021-07-30 09:34:55.960562,2589230,0.0,0.0
2021-07-30 09:34:55.960562,2589295,0.0,5.5
2021-07-30 09:34:56.116377,2589230,0.0,0.0
2021-07-30 09:34:56.116377,2589295,0.0,5.5
2021-07-30 09:34:56.271948,2589230,0.0,0.0
2021-07-30 09:34:56.271948,2589295,0.0,5.5
2021-07-30 09:34:56.427517,2589230,0.0,0.0
2021-07-30 09:34:56.427517,2589295,0.0,5.5
2021-07-30 09:34:56.583217,2589230,0.0,0.0
2021-07-30 09:34:56.583217,2589295,0.0,5.5
2021-07-30 09:34:56.738686,2589230,0.0,0.0
2021-07-30 09:34:56.738686,2589295,0.0,5.5
2021-07-30 09:34:56.894168,2589230,0.0,0.0
2021-07-30 09:34:56.894168,2589295,0.0,5.5
2021-07-30 09:34:57.049938,2589230,0.0,0.0
2021-07-30 09:34:57.049938,2589295,0.0,5.5
2021-07-30 09:34:57.205634,2589230,0.0,0.0
2021-07-30 09:34:57.205634,2589295,0.0,5.5
2021-07-30 09:34:57.361131,2589230,0.0,0.0
2021-07-30 09:34:57.361131,2589295,0.0,5.5
2021-07-30 09:34:57.516807,2589230,0.0,0.0
2021-07-30 09:34:57.516807,2589295,0.0,5.5
2021-07-30 09:34:57.672217,2589230,0.0,0.0
2021-07-30 09:34:57.672217,2589295,0.0,5.5
2021-07-30 09:34:57.827648,2589230,0.0,0.0
2021-07-30 09:34:57.827648,2589295,0.0,5.5
2021-07-30 09:34:57.983106,2589230,0.0,0.0
2021-07-30 09:34:57.983106,2589295,0.0,5.5
2021-07-30 09:34:58.138682,2589230,0.0,0.0
2021-07-30 09:34:58.138682,2589295,0.0,5.5
2021-07-30 09:34:58.294258,2589230,0.0,0.0
2021-07-30 09:34:58.294258,2589295,0.0,5.5
2021-07-30 09:34:58.450085,2589230,0.0,0.0
2021-07-30 09:34:58.450085,2589295,0.0,5.5
2021-07-30 09:34:58.605786,2589230,0.0,0.0
2021-07-30 09:34:58.605786,2589295,0.0,5.5
2021-07-30 09:34:58.761409,2589230,0.0,0.0
2021-07-30 09:34:58.761409,2589295,0.0,5.5
2021-07-30 09:34:58.917042,2589230,0.0,0.0
2021-07-30 09:34:58.917042,2589295,0.0,5.5
2021-07-30 09:34:59.072492,2589230,0.0,0.0
2021-07-30 09:34:59.072492,2589295,0.0,5.5
2021-07-30 09:34:59.228230,2589230,0.0,0.0
2021-07-30 09:34:59.228230,2589295,0.0,5.5
2021-07-30 09:34:59.383939,2589230,0.0,0.0
2021-07-30 09:34:59.383939,2589295,0.0,5.5
2021-07-30 09:34:59.539397,2589230,0.0,0.0
2021-07-30 09:34:59.539397,2589295,0.0,5.5
2021-07-30 09:34:59.694823,2589230,0.0,0.0
2021-07-30 09:34:59.694823,2589295,0.0,5.5
2021-07-30 09:34:59.850273,2589230,0.0,0.0
2021-07-30 09:34:59.850273,2589295,0.0,5.5
2021-07-30 09:35:00.005961,2589230,0.0,0.0
2021-07-30 09:35:00.005961,2589295,0.0,5.5
2021-07-30 09:35:00.161461,2589230,0.0,0.0
2021-07-30 09:35:00.161461,2589295,0.0,5.5
2021-07-30 09:35:00.317022,2589230,0.0,0.0
2021-07-30 09:35:00.317022,2589295,0.0,5.5
2021-07-30 09:35:00.472797,2589230,0.0,0.0
2021-07-30 09:35:00.472797,2589295,0.0,5.5
2021-07-30 09:35:00.628423,2589230,0.0,0.0
2021-07-30 09:35:00.628423,2589295,0.0,5.5
2021-07-30 09:35:00.783894,2589230,0.0,0.0
2021-07-30 09:35:00.783894,2589295,0.0,5.5
2021-07-30 09:35:00.939470,2589230,0.0,0.0
2021-07-30 09:35:00.939470,2589295,0.0,5.5
2021-07-30 09:35:01.095419,2589230,0.0,0.0
2021-07-30 09:35:01.095419,2589295,0.0,5.5
2021-07-30 09:35:01.251169,2589230,0.0,0.0
2021-07-30 09:35:01.251169,2589295,0.0,5.5
2021-07-30 09:35:01.406890,2589230,0.0,0.0
2021-07-30 09:35:01.406890,2589295,0.0,5.5
2021-07-30 09:35:01.562442,2589230,0.0,0.0
2021-07-30 09:35:01.562442,2589295,0.0,5.5
2021-07-30 09:35:01.717869,2589230,0.0,0.0
2021-07-30 09:35:01.717869,2589295,0.0,5.5
2021-07-30 09:35:01.873326,2589230,0.0,0.0
2021-07-30 09:35:01.873326,2589295,0.0,5.5
2021-07-30 09:35:02.029027,2589230,0.0,0.0
2021-07-30 09:35:02.029027,2589295,0.0,5.5
2021-07-30 09:35:02.184711,2589230,0.0,0.0
2021-07-30 09:35:02.184711,2589295,0.0,5.5
2021-07-30 09:35:02.340248,2589230,0.0,0.0
2021-07-30 09:35:02.340248,2589295,0.0,5.5
2021-07-30 09:35:02.495721,2589230,0.0,0.0
2021-07-30 09:35:02.495721,2589295,0.0,5.5
2021-07-30 09:35:02.651433,2589230,0.0,0.0
2021-07-30 09:35:02.651433,2589295,0.0,5.5
2021-07-30 09:35:02.807127,2589230,0.0,0.0
2021-07-30 09:35:02.807127,2589295,0.0,5.5
2021-07-30 09:35:02.962679,2589230,0.0,0.0
2021-07-30 09:35:02.962679,2589295,0.0,5.5
2021-07-30 09:35:03.118107,2589230,0.0,0.0
2021-07-30 09:35:03.118107,2589295,0.0,5.5
2021-07-30 09:35:03.273623,2589230,0.0,0.0
2021-07-30 09:35:03.273623,2589295,0.0,5.5
2021-07-30 09:35:03.429110,2589230,0.0,0.0
2021-07-30 09:35:03.429110,2589295,0.0,5.5
2021-07-30 09:35:03.584563,2589230,0.0,0.0
2021-07-30 09:35:03.584563,2589295,0.0,5.5
2021-07-30 09:35:03.740108,2589230,0.0,0.0
2021-07-30 09:35:03.740108,2589295,0.0,5.5
2021-07-30 09:35:03.895638,2589295,6.7,5.5
2021-07-30 09:35:03.895638,2589230,0.0,0.0
2021-07-30 09:35:04.051370,2589230,0.0,0.0
2021-07-30 09:35:04.051370,2589295,0.0,5.5
2021-07-30 09:35:04.206835,2589230,0.0,0.0
2021-07-30 09:35:04.206835,2589295,0.0,5.5
2021-07-30 09:35:04.362325,2589230,0.0,0.0
2021-07-30 09:35:04.362325,2589295,0.0,5.5
2021-07-30 09:35:04.517743,2589230,0.0,0.0
2021-07-30 09:35:04.517743,2589295,0.0,5.5
2021-07-30 09:35:04.673105,2589230,0.0,0.0
2021-07-30 09:35:04.673105,2589295,0.0,5.5
2021-07-30 09:35:04.828782,2589230,0.0,0.0
2021-07-30 09:35:04.828782,2589295,0.0,5.5
2021-07-30 09:35:04.984191,2589230,0.0,0.0
2021-07-30 09:35:04.984191,2589295,0.0,5.5
2021-07-30 09:35:05.139611,2589230,0.0,0.0
2021-07-30 09:35:05.139611,2589295,0.0,5.5
2021-07-30 09:35:05.295125,2589230,0.0,0.0
2021-07-30 09:35:05.295125,2589295,0.0,5.5
2021-07-30 09:35:05.450956,2589230,0.0,0.0
2021-07-30 09:35:05.450956,2589295,0.0,5.5
2021-07-30 09:35:05.606542,2589230,0.0,0.0
2021-07-30 09:35:05.606542,2589295,0.0,5.5
2021-07-30 09:35:05.762163,2589230,0.0,0.0
2021-07-30 09:35:05.762163,2589295,0.0,5.5
2021-07-30 09:35:05.917567,2589230,0.0,0.0
2021-07-30 09:35:05.917567,2589295,0.0,5.5
2021-07-30 09:35:06.073112,2589230,0.0,0.0
2021-07-30 09:35:06.073112,2589295,0.0,5.5
2021-07-30 09:35:06.228547,2589230,0.0,0.0
2021-07-30 09:35:06.228547,2589295,0.0,5.5
2021-07-30 09:35:06.384087,2589230,0.0,0.0
2021-07-30 09:35:06.384087,2589295,0.0,5.5
2021-07-30 09:35:06.539535,2589230,0.0,0.0
2021-07-30 09:35:06.539535,2589295,0.0,5.5
2021-07-30 09:35:06.695164,2589230,0.0,0.0
2021-07-30 09:35:06.695164,2589295,0.0,5.5
2021-07-30 09:35:06.850626,2589230,0.0,0.0
2021-07-30 09:35:06.850626,2589295,0.0,5.5
2021-07-30 09:35:07.006051,2589230,0.0,0.0
2021-07-30 09:35:07.006051,2589295,0.0,5.5
2021-07-30 09:35:07.161461,2589230,0.0,0.0
2021-07-30 09:35:07.161461,2589295,0.0,5.5
2021-07-30 09:35:07.316986,2589230,0.0,0.0
2021-07-30 09:35:07.316986,2589295,0.0,5.5
2021-07-30 09:35:07.472759,2589230,0.0,0.0
2021-07-30 09:35:07.472759,2589295,0.0,5.5
2021-07-30 09:35:07.628504,2589230,0.0,0.0
2021-07-30 09:35:07.628504,2589295,0.0,5.5
2021-07-30 09:35:07.784292,2589230,0.0,0.0
2021-07-30 09:35:07.784292,2589295,0.0,5.5
2021-07-30 09:35:07.939829,2589230,0.0,0.0
2021-07-30 09:35:07.939829,2589295,0.0,5.5
2021-07-30 09:35:08.095332,2589230,0.0,0.0
2021-07-30 09:35:08.095332,2589295,0.0,5.5
2021-07-30 09:35:08.251000,2589230,0.0,0.0
2021-07-30 09:35:08.251000,2589295,0.0,5.5
2021-07-30 09:35:08.406783,2589230,0.0,0.0
2021-07-30 09:35:08.406783,2589295,0.0,5.5
2021-07-30 09:35:08.562291,2589230,0.0,0.0
2021-07-30 09:35:08.562291,2589295,0.0,5.5
2021-07-30 09:35:08.717777,2589230,0.0,0.0
2021-07-30 09:35:08.717777,2589295,0.0,5.5
2021-07-30 09:35:08.873261,2589230,0.0,0.0
2021-07-30 09:35:08.873261,2589295,0.0,5.5
2021-07-30 09:35:09.028699,2589230,0.0,0.0
2021-07-30 09:35:09.028699,2589295,0.0,5.5
2021-07-30 09:35:09.184112,2589230,0.0,0.0
2021-07-30 09:35:09.184112,2589295,0.0,5.5
2021-07-30 09:35:09.339642,2589230,0.0,0.0
2021-07-30 09:35:09.339642,2589295,0.0,5.5
2021-07-30 09:35:09.495067,2589230,0.0,0.0
2021-07-30 09:35:09.495067,2589295,0.0,5.5
2021-07-30 09:35:09.650514,2589230,0.0,0.0
2021-07-30 09:35:09.650514,2589295,0.0,5.5
2021-07-30 09:35:09.805917,2589230,0.0,0.0
2021-07-30 09:35:09.805917,2589295,0.0,5.5
2021-07-30 09:35:09.961317,2589230,0.0,0.0
2021-07-30 09:35:09.961317,2589295,0.0,5.5
2021-07-30 09:35:10.116794,2589230,0.0,0.0
2021-07-30 09:35:10.116794,2589295,0.0,5.5
2021-07-30 09:35:10.272480,2589230,0.0,0.0
2021-07-30 09:35:10.272480,2589295,0.0,5.5
2021-07-30 09:35:10.428234,2589230,0.0,0.0
2021-07-30 09:35:10.428234,2589295,0.0,5.5
2021-07-30 09:35:10.583785,2589230,0.0,0.0
2021-07-30 09:35:10.583785,2589295,0.0,5.5
2021-07-30 09:35:10.739206,2589230,0.0,0.0
2021-07-30 09:35:10.739206,2589295,0.0,5.5
2021-07-30 09:35:10.894717,2589230,0.0,0.0
2021-07-30 09:35:10.894717,2589295,0.0,5.5
2021-07-30 09:35:11.050570,2589230,0.0,0.0
2021-07-30 09:35:11.050570,2589295,0.0,5.5
2021-07-30 09:35:11.206040,2589230,0.0,0.0
2021-07-30 09:35:11.206040,2589295,0.0,5.5
2021-07-30 09:35:11.361551,2589230,0.0,0.0
2021-07-30 09:35:11.361551,2589295,0.0,5.5
2021-07-30 09:35:11.517062,2589230,0.0,0.0
2021-07-30 09:35:11.517062,2589295,0.0,5.5
2021-07-30 09:35:11.672526,2589230,0.0,0.0
2021-07-30 09:35:11.672526,2589295,0.0,5.5
2021-07-30 09:35:11.828214,2589230,0.0,0.0
2021-07-30 09:35:11.828214,2589295,0.0,5.5
2021-07-30 09:35:11.983710,2589230,0.0,0.0
2021-07-30 09:35:11.983710,2589295,0.0,5.5
2021-07-30 09:35:12.139160,2589230,0.0,0.0
2021-07-30 09:35:12.139160,2589295,0.0,5.5
2021-07-30 09:35:12.294637,2589230,0.0,0.0
2021-07-30 09:35:12.294637,2589295,0.0,5.5
2021-07-30 09:35:12.450143,2589230,0.0,0.0
2021-07-30 09:35:12.450143,2589295,0.0,5.5
2021-07-30 09:35:12.605902,2589230,0.0,0.0
2021-07-30 09:35:12.605902,2589295,0.0,5.5
2021-07-30 09:35:12.761648,2589230,0.0,0.0
2021-07-30 09:35:12.761648,2589295,0.0,5.5
2021-07-30 09:35:12.917355,2589230,0.0,0.0
2021-07-30 09:35:12.917355,2589295,0.0,5.5
2021-07-30 09:35:13.072846,2589230,0.0,0.0
2021-07-30 09:35:13.072846,2589295,0.0,5.5
2021-07-30 09:35:13.228565,2589230,0.0,0.0
2021-07-30 09:35:13.228565,2589295,0.0,5.5
2021-07-30 09:35:13.384167,2589230,0.0,0.0
2021-07-30 09:35:13.384167,2589295,0.0,5.5
2021-07-30 09:35:13.539693,2589230,0.0,0.0
2021-07-30 09:35:13.539693,2589295,0.0,5.5
2021-07-30 09:35:13.695388,2589230,0.0,0.0
2021-07-30 09:35:13.695388,2589295,0.0,5.5
2021-07-30 09:35:13.850892,2589230,0.0,0.0
2021-07-30 09:35:13.850892,2589295,0.0,5.5
2021-07-30 09:35:14.006772,2589230,0.0,0.0
2021-07-30 09:35:14.006772,2589295,0.0,5.5
2021-07-30 09:35:14.162256,2589230,0.0,0.0
2021-07-30 09:35:14.162256,2589295,0.0,5.5
2021-07-30 09:35:14.317699,2589230,0.0,0.0
2021-07-30 09:35:14.317699,2589295,0.0,5.5
2021-07-30 09:35:14.473220,2589230,0.0,0.0
2021-07-30 09:35:14.473220,2589295,0.0,5.5
2021-07-30 09:35:14.628327,2589230,0.0,0.0
2021-07-30 09:35:14.628327,2589295,0.0,5.5
2021-07-30 09:35:14.783789,2589230,0.0,0.0
2021-07-30 09:35:14.783789,2589295,0.0,5.5
2021-07-30 09:35:14.939093,2589230,0.0,0.0
2021-07-30 09:35:14.939093,2589295,0.0,5.5
2021-07-30 09:35:15.094853,2589230,0.0,0.0
2021-07-30 09:35:15.094853,2589295,0.0,5.5
2021-07-30 09:35:15.250794,2589230,0.0,0.0
2021-07-30 09:35:15.250794,2589295,0.0,5.5
2021-07-30 09:35:15.406305,2589230,0.0,0.0
2021-07-30 09:35:15.406305,2589295,0.0,5.5
2021-07-30 09:35:15.562108,2589230,0.0,0.0
2021-07-30 09:35:15.562108,2589295,0.0,5.5
2021-07-30 09:35:15.717864,2589230,0.0,0.0
2021-07-30 09:35:15.717864,2589295,0.0,5.5
2021-07-30 09:35:15.873596,2589230,0.0,0.0
2021-07-30 09:35:15.873596,2589295,0.0,5.5
2021-07-30 09:35:16.029165,2589230,0.0,0.0
2021-07-30 09:35:16.029165,2589295,0.0,5.5
2021-07-30 09:35:16.184653,2589230,0.0,0.0
2021-07-30 09:35:16.184653,2589295,0.0,5.5
2021-07-30 09:35:16.340088,2589230,0.0,0.0
2021-07-30 09:35:16.340088,2589295,0.0,5.5
2021-07-30 09:35:16.495761,2589230,0.0,0.0
2021-07-30 09:35:16.495761,2589295,0.0,5.5
2021-07-30 09:35:16.651463,2589230,0.0,0.0
2021-07-30 09:35:16.651463,2589295,0.0,5.5
2021-07-30 09:35:16.806930,2589230,0.0,0.0
2021-07-30 09:35:16.806930,2589295,0.0,5.5
2021-07-30 09:35:16.962399,2589230,0.0,0.0
2021-07-30 09:35:16.962399,2589295,0.0,5.5
2021-07-30 09:35:17.117814,2589230,0.0,0.0
2021-07-30 09:35:17.117814,2589295,0.0,5.5
2021-07-30 09:35:17.273295,2589230,0.0,0.0
2021-07-30 09:35:17.273295,2589295,0.0,5.5
2021-07-30 09:35:17.428745,2589230,0.0,0.0
2021-07-30 09:35:17.428745,2589295,0.0,5.5
2021-07-30 09:35:17.584159,2589230,0.0,0.0
2021-07-30 09:35:17.584159,2589295,0.0,5.5
2021-07-30 09:35:17.739601,2589230,0.0,0.0
2021-07-30 09:35:17.739601,2589295,0.0,5.5
2021-07-30 09:35:17.895197,2589230,0.0,0.0
2021-07-30 09:35:17.895197,2589295,0.0,5.5
2021-07-30 09:35:18.050660,2589230,0.0,0.0
2021-07-30 09:35:18.050660,2589295,0.0,5.5
2021-07-30 09:35:18.206090,2589230,0.0,0.0
2021-07-30 09:35:18.206090,2589295,0.0,5.5
2021-07-30 09:35:18.361583,2589230,0.0,0.0
2021-07-30 09:35:18.361583,2589295,0.0,5.5
2021-07-30 09:35:18.517037,2589230,0.0,0.0
2021-07-30 09:35:18.517037,2589295,0.0,5.5
2021-07-30 09:35:18.672452,2589230,0.0,0.0
2021-07-30 09:35:18.672452,2589295,0.0,5.5
2021-07-30 09:35:18.827931,2589230,0.0,0.0
2021-07-30 09:35:18.827931,2589295,0.0,5.5
2021-07-30 09:35:18.983354,2589230,0.0,0.0
2021-07-30 09:35:18.983354,2589295,0.0,5.5
2021-07-30 09:35:19.138787,2589230,0.0,0.0
2021-07-30 09:35:19.138787,2589295,0.0,5.5
2021-07-30 09:35:19.294265,2589230,0.0,0.0
2021-07-30 09:35:19.294265,2589295,0.0,5.5
2021-07-30 09:35:19.449778,2589230,0.0,0.0
2021-07-30 09:35:19.449778,2589295,0.0,5.5
2021-07-30 09:35:19.605259,2589230,0.0,0.0
2021-07-30 09:35:19.605259,2589295,0.0,5.5
2021-07-30 09:35:19.761023,2589230,0.0,0.0
2021-07-30 09:35:19.761023,2589295,0.0,5.5
2021-07-30 09:35:19.916773,2589230,0.0,0.0
2021-07-30 09:35:19.916773,2589295,0.0,5.5
2021-07-30 09:35:20.072512,2589230,0.0,0.0
2021-07-30 09:35:20.072512,2589295,0.0,5.5
2021-07-30 09:35:20.228238,2589230,0.0,0.0
2021-07-30 09:35:20.228238,2589295,0.0,5.5
2021-07-30 09:35:20.383996,2589230,0.0,0.0
2021-07-30 09:35:20.383996,2589295,0.0,5.5
2021-07-30 09:35:20.539753,2589230,0.0,0.0
2021-07-30 09:35:20.539753,2589295,0.0,5.5
2021-07-30 09:35:20.695212,2589230,0.0,0.0
2021-07-30 09:35:20.695212,2589295,0.0,5.5
2021-07-30 09:35:20.850748,2589230,0.0,0.0
2021-07-30 09:35:20.850748,2589295,0.0,5.5
2021-07-30 09:35:21.006471,2589230,0.0,0.0
2021-07-30 09:35:21.006471,2589295,0.0,5.5
2021-07-30 09:35:21.161955,2589230,0.0,0.0
2021-07-30 09:35:21.161955,2589295,0.0,5.5
2021-07-30 09:35:21.317447,2589230,0.0,0.0
2021-07-30 09:35:21.317447,2589295,0.0,5.5
2021-07-30 09:35:21.473022,2589230,0.0,0.0
2021-07-30 09:35:21.473022,2589295,0.0,5.5
2021-07-30 09:35:21.628709,2589230,0.0,0.0
2021-07-30 09:35:21.628709,2589295,0.0,5.5
2021-07-30 09:35:21.784146,2589230,0.0,0.0
2021-07-30 09:35:21.784146,2589295,0.0,5.5
2021-07-30 09:35:21.939571,2589230,0.0,0.0
2021-07-30 09:35:21.939571,2589295,0.0,5.5
2021-07-30 09:35:22.094975,2589230,0.0,0.0
2021-07-30 09:35:22.094975,2589295,0.0,5.5
2021-07-30 09:35:22.250666,2589230,0.0,0.0
2021-07-30 09:35:22.250666,2589295,0.0,5.5
2021-07-30 09:35:22.406123,2589230,0.0,0.0
2021-07-30 09:35:22.406123,2589295,0.0,5.5
2021-07-30 09:35:22.561743,2589230,0.0,0.0
2021-07-30 09:35:22.561743,2589295,0.0,5.5
2021-07-30 09:35:22.717346,2589230,0.0,0.0
2021-07-30 09:35:22.717346,2589295,0.0,5.5
2021-07-30 09:35:22.873094,2589230,0.0,0.0
2021-07-30 09:35:22.873094,2589295,0.0,5.5
2021-07-30 09:35:23.028977,2589230,0.0,0.0
2021-07-30 09:35:23.028977,2589295,0.0,5.5
2021-07-30 09:35:23.184703,2589230,0.0,0.0
2021-07-30 09:35:23.184703,2589295,0.0,5.5
2021-07-30 09:35:23.340269,2589230,0.0,0.0
2021-07-30 09:35:23.340269,2589295,0.0,5.5
2021-07-30 09:35:23.495818,2589230,0.0,0.0
2021-07-30 09:35:23.495818,2589295,0.0,5.5
2021-07-30 09:35:23.651276,2589230,0.0,0.0
2021-07-30 09:35:23.651276,2589295,0.0,5.5
2021-07-30 09:35:23.806695,2589230,0.0,0.0
2021-07-30 09:35:23.806695,2589295,0.0,5.5
2021-07-30 09:35:23.962393,2589230,0.0,0.0
2021-07-30 09:35:23.962393,2589295,0.0,5.5
2021-07-30 09:35:24.117893,2589230,0.0,0.0
2021-07-30 09:35:24.117893,2589295,0.0,5.5
2021-07-30 09:35:24.273650,2589230,0.0,0.0
2021-07-30 09:35:24.273650,2589295,0.0,5.5
2021-07-30 09:35:24.429198,2589230,0.0,0.0
2021-07-30 09:35:24.429198,2589295,0.0,5.5
2021-07-30 09:35:24.584596,2589230,0.0,0.0
2021-07-30 09:35:24.584596,2589295,0.0,5.5
2021-07-30 09:35:24.740052,2589230,0.0,0.0
2021-07-30 09:35:24.740052,2589295,0.0,5.5
2021-07-30 09:35:24.895513,2589230,0.0,0.0
2021-07-30 09:35:24.895513,2589295,0.0,5.5
2021-07-30 09:35:25.051172,2589230,0.0,0.0
2021-07-30 09:35:25.051172,2589295,0.0,5.5
2021-07-30 09:35:25.206655,2589230,0.0,0.0
2021-07-30 09:35:25.206655,2589295,0.0,5.5
2021-07-30 09:35:25.362126,2589230,0.0,0.0
2021-07-30 09:35:25.362126,2589295,0.0,5.5
2021-07-30 09:35:25.517816,2589230,0.0,0.0
2021-07-30 09:35:25.517816,2589295,0.0,5.5
2021-07-30 09:35:25.673284,2589230,0.0,0.0
2021-07-30 09:35:25.673284,2589295,0.0,5.5
2021-07-30 09:35:25.828748,2589230,0.0,0.0
2021-07-30 09:35:25.828748,2589295,0.0,5.5
2021-07-30 09:35:25.984184,2589230,0.0,0.0
2021-07-30 09:35:25.984184,2589295,0.0,5.5
2021-07-30 09:35:26.139719,2589230,0.0,0.0
2021-07-30 09:35:26.139719,2589295,0.0,5.5
2021-07-30 09:35:26.295203,2589230,0.0,0.0
2021-07-30 09:35:26.295203,2589295,0.0,5.5
2021-07-30 09:35:26.450716,2589230,0.0,0.0
2021-07-30 09:35:26.450716,2589295,0.0,5.5
2021-07-30 09:35:26.606171,2589230,0.0,0.0
2021-07-30 09:35:26.606171,2589295,0.0,5.5
2021-07-30 09:35:26.761848,2589230,0.0,0.0
2021-07-30 09:35:26.761848,2589295,0.0,5.5
2021-07-30 09:35:26.917336,2589230,0.0,0.0
2021-07-30 09:35:26.917336,2589295,0.0,5.5
2021-07-30 09:35:27.072808,2589230,0.0,0.0
2021-07-30 09:35:27.072808,2589295,0.0,5.5
2021-07-30 09:35:27.228201,2589230,0.0,0.0
2021-07-30 09:35:27.228201,2589295,0.0,5.5
2021-07-30 09:35:27.383691,2589230,0.0,0.0
2021-07-30 09:35:27.383691,2589295,0.0,5.5
2021-07-30 09:35:27.539106,2589230,0.0,0.0
2021-07-30 09:35:27.539106,2589295,0.0,5.5
2021-07-30 09:35:27.694520,2589230,0.0,0.0
2021-07-30 09:35:27.694520,2589295,0.0,5.5
2021-07-30 09:35:27.849989,2589230,0.0,0.0
2021-07-30 09:35:27.849989,2589295,0.0,5.5
2021-07-30 09:35:28.005456,2589230,0.0,0.0
2021-07-30 09:35:28.005456,2589295,0.0,5.5
2021-07-30 09:35:28.160988,2589230,0.0,0.0
2021-07-30 09:35:28.160988,2589295,0.0,5.5
2021-07-30 09:35:28.316700,2589230,0.0,0.0
2021-07-30 09:35:28.316700,2589295,0.0,5.5
2021-07-30 09:35:28.472296,2589230,0.0,0.0
2021-07-30 09:35:28.472296,2589295,0.0,5.5
2021-07-30 09:35:28.627727,2589230,0.0,0.0
2021-07-30 09:35:28.627727,2589295,0.0,5.5
2021-07-30 09:35:28.783158,2589230,0.0,0.0
2021-07-30 09:35:28.783158,2589295,0.0,5.5
2021-07-30 09:35:28.938625,2589230,0.0,0.0
2021-07-30 09:35:28.938625,2589295,0.0,5.5
2021-07-30 09:35:29.094312,2589230,0.0,0.0
2021-07-30 09:35:29.094312,2589295,0.0,5.5
2021-07-30 09:35:29.249184,2589230,0.0,0.0
2021-07-30 09:35:29.249184,2589295,0.0,5.5
2021-07-30 09:35:29.405065,2589230,0.0,0.0
2021-07-30 09:35:29.405065,2589295,0.0,5.5
2021-07-30 09:35:29.560482,2589230,0.0,0.0
2021-07-30 09:35:29.560482,2589295,0.0,5.5
2021-07-30 09:35:29.715940,2589230,0.0,0.0
2021-07-30 09:35:29.715940,2589295,0.0,5.5
2021-07-30 09:35:29.871359,2589230,0.0,0.0
2021-07-30 09:35:29.871359,2589295,0.0,5.5
2021-07-30 09:35:30.026805,2589230,0.0,0.0
2021-07-30 09:35:30.026805,2589295,0.0,5.5
2021-07-30 09:35:30.182250,2589230,0.0,0.0
2021-07-30 09:35:30.182250,2589295,0.0,5.5
2021-07-30 09:35:30.337753,2589230,0.0,0.0
2021-07-30 09:35:30.337753,2589295,0.0,5.5
2021-07-30 09:35:30.493188,2589230,0.0,0.0
2021-07-30 09:35:30.493188,2589295,0.0,5.5
2021-07-30 09:35:30.648973,2589230,0.0,0.0
2021-07-30 09:35:30.648973,2589295,0.0,5.5
2021-07-30 09:35:30.804673,2589230,0.0,0.0
2021-07-30 09:35:30.804673,2589295,0.0,5.5
2021-07-30 09:35:30.960270,2589230,0.0,0.0
2021-07-30 09:35:30.960270,2589295,0.0,5.5
2021-07-30 09:35:31.116008,2589230,0.0,0.0
2021-07-30 09:35:31.116008,2589295,0.0,5.5
2021-07-30 09:35:31.271571,2589230,0.0,0.0
2021-07-30 09:35:31.271571,2589295,0.0,5.5
2021-07-30 09:35:31.427136,2589230,0.0,0.0
2021-07-30 09:35:31.427136,2589295,0.0,5.5
2021-07-30 09:35:31.582881,2589230,0.0,0.0
2021-07-30 09:35:31.582881,2589295,0.0,5.5
2021-07-30 09:35:31.738638,2589230,0.0,0.0
2021-07-30 09:35:31.738638,2589295,0.0,5.5
2021-07-30 09:35:31.894349,2589230,0.0,0.0
2021-07-30 09:35:31.894349,2589295,0.0,5.5
2021-07-30 09:35:32.049888,2589230,0.0,0.0
2021-07-30 09:35:32.049888,2589295,0.0,5.5
2021-07-30 09:35:32.205515,2589230,0.0,0.0
2021-07-30 09:35:32.205515,2589295,0.0,5.5
2021-07-30 09:35:32.361088,2589230,0.0,0.0
2021-07-30 09:35:32.361088,2589295,0.0,5.5
2021-07-30 09:35:32.516533,2589230,0.0,0.0
2021-07-30 09:35:32.516533,2589295,0.0,5.5
2021-07-30 09:35:32.671963,2589230,0.0,0.0
2021-07-30 09:35:32.671963,2589295,0.0,5.5
2021-07-30 09:35:32.827432,2589230,0.0,0.0
2021-07-30 09:35:32.827432,2589295,0.0,5.5
2021-07-30 09:35:32.983225,2589230,0.0,0.0
2021-07-30 09:35:32.983225,2589295,0.0,5.5
2021-07-30 09:35:33.138943,2589230,0.0,0.0
2021-07-30 09:35:33.138943,2589295,0.0,5.5
2021-07-30 09:35:33.294511,2589230,0.0,0.0
2021-07-30 09:35:33.294511,2589295,0.0,5.5
2021-07-30 09:35:33.450123,2589230,0.0,0.0
2021-07-30 09:35:33.450123,2589295,0.0,5.5
2021-07-30 09:35:33.605874,2589230,0.0,0.0
2021-07-30 09:35:33.605874,2589295,0.0,5.5
2021-07-30 09:35:33.761404,2589230,0.0,0.0
2021-07-30 09:35:33.761404,2589295,0.0,5.5
2021-07-30 09:35:33.916980,2589230,0.0,0.0
2021-07-30 09:35:33.916980,2589295,0.0,5.5
2021-07-30 09:35:34.072793,2589230,0.0,0.0
2021-07-30 09:35:34.072793,2589295,0.0,5.5
2021-07-30 09:35:34.228294,2589230,0.0,0.0
2021-07-30 09:35:34.228294,2589295,0.0,5.5
2021-07-30 09:35:34.383862,2589230,0.0,0.0
2021-07-30 09:35:34.383862,2589295,0.0,5.5
2021-07-30 09:35:34.539384,2589230,0.0,0.0
2021-07-30 09:35:34.539384,2589295,0.0,5.5
2021-07-30 09:35:34.695100,2589230,0.0,0.0
2021-07-30 09:35:34.695100,2589295,0.0,5.5
2021-07-30 09:35:34.850757,2589230,0.0,0.0
2021-07-30 09:35:34.850757,2589295,0.0,5.5
2021-07-30 09:35:35.006208,2589230,0.0,0.0
2021-07-30 09:35:35.006208,2589295,0.0,5.5
2021-07-30 09:35:35.161635,2589230,0.0,0.0
2021-07-30 09:35:35.161635,2589295,0.0,5.5
2021-07-30 09:35:35.317126,2589230,0.0,0.0
2021-07-30 09:35:35.317126,2589295,0.0,5.5
2021-07-30 09:35:35.472584,2589230,0.0,0.0
2021-07-30 09:35:35.472584,2589295,0.0,5.5
2021-07-30 09:35:35.628030,2589230,0.0,0.0
2021-07-30 09:35:35.628030,2589295,0.0,5.5
2021-07-30 09:35:35.783517,2589230,0.0,0.0
2021-07-30 09:35:35.783517,2589295,0.0,5.5
2021-07-30 09:35:35.938952,2589230,0.0,0.0
2021-07-30 09:35:35.938952,2589295,0.0,5.5
2021-07-30 09:35:36.094387,2589230,0.0,0.0
2021-07-30 09:35:36.094387,2589295,0.0,5.5
2021-07-30 09:35:36.249881,2589230,0.0,0.0
2021-07-30 09:35:36.249881,2589295,0.0,5.5
2021-07-30 09:35:36.405634,2589230,0.0,0.0
2021-07-30 09:35:36.405634,2589295,0.0,5.5
2021-07-30 09:35:36.561843,2589230,0.0,0.0
2021-07-30 09:35:36.561843,2589295,0.0,5.5
2021-07-30 09:35:36.717609,2589230,0.0,0.0
2021-07-30 09:35:36.717609,2589295,0.0,5.5
2021-07-30 09:35:36.873360,2589230,0.0,0.0
2021-07-30 09:35:36.873360,2589295,0.0,5.5
2021-07-30 09:35:37.028968,2589230,0.0,0.0
2021-07-30 09:35:37.028968,2589295,0.0,5.5
2021-07-30 09:35:37.184653,2589230,0.0,0.0
2021-07-30 09:35:37.184653,2589295,0.0,5.5
2021-07-30 09:35:37.340172,2589230,0.0,0.0
2021-07-30 09:35:37.340172,2589295,0.0,5.5
2021-07-30 09:35:37.495935,2589230,0.0,0.0
2021-07-30 09:35:37.495935,2589295,0.0,5.5
2021-07-30 09:35:37.651370,2589230,0.0,0.0
2021-07-30 09:35:37.651370,2589295,0.0,5.5
2021-07-30 09:35:37.806848,2589230,0.0,0.0
2021-07-30 09:35:37.806848,2589295,0.0,5.5
2021-07-30 09:35:37.962649,2589230,0.0,0.0
2021-07-30 09:35:37.962649,2589295,0.0,5.5
2021-07-30 09:35:38.118413,2589230,0.0,0.0
2021-07-30 09:35:38.118413,2589295,0.0,5.5
2021-07-30 09:35:38.273975,2589230,0.0,0.0
2021-07-30 09:35:38.273975,2589295,0.0,5.5
2021-07-30 09:35:38.429480,2589230,0.0,0.0
2021-07-30 09:35:38.429480,2589295,0.0,5.5
2021-07-30 09:35:38.585056,2589230,0.0,0.0
2021-07-30 09:35:38.585056,2589295,0.0,5.5
2021-07-30 09:35:38.740928,2589230,0.0,0.0
2021-07-30 09:35:38.740928,2589295,0.0,5.5
2021-07-30 09:35:38.896406,2589230,0.0,0.0
2021-07-30 09:35:38.896406,2589295,0.0,5.5
2021-07-30 09:35:39.051911,2589230,0.0,0.0
2021-07-30 09:35:39.051911,2589295,0.0,5.5
2021-07-30 09:35:39.207359,2589230,0.0,0.0
2021-07-30 09:35:39.207359,2589295,0.0,5.5
2021-07-30 09:35:39.362858,2589230,0.0,0.0
2021-07-30 09:35:39.362858,2589295,0.0,5.5
2021-07-30 09:35:39.518305,2589230,0.0,0.0
2021-07-30 09:35:39.518305,2589295,0.0,5.5
2021-07-30 09:35:39.673717,2589230,0.0,0.0
2021-07-30 09:35:39.673717,2589295,0.0,5.5
2021-07-30 09:35:39.829200,2589230,0.0,0.0
2021-07-30 09:35:39.829200,2589295,0.0,5.5
2021-07-30 09:35:39.984595,2589230,0.0,0.0
2021-07-30 09:35:39.984595,2589295,0.0,5.5
2021-07-30 09:35:40.140098,2589230,0.0,0.0
2021-07-30 09:35:40.140098,2589295,0.0,5.5
2021-07-30 09:35:40.295971,2589230,0.0,0.0
2021-07-30 09:35:40.295971,2589295,0.0,5.5
2021-07-30 09:35:40.451735,2589230,0.0,0.0
2021-07-30 09:35:40.451735,2589295,0.0,5.5
2021-07-30 09:35:40.607279,2589230,0.0,0.0
2021-07-30 09:35:40.607279,2589295,0.0,5.5
2021-07-30 09:35:40.762773,2589230,0.0,0.0
2021-07-30 09:35:40.762773,2589295,0.0,5.5
2021-07-30 09:35:40.918517,2589230,0.0,0.0
2021-07-30 09:35:40.918517,2589295,0.0,5.5
2021-07-30 09:35:41.074275,2589230,0.0,0.0
2021-07-30 09:35:41.074275,2589295,0.0,5.5
2021-07-30 09:35:41.230107,2589230,0.0,0.0
2021-07-30 09:35:41.230107,2589295,0.0,5.5
2021-07-30 09:35:41.385663,2589230,0.0,0.0
2021-07-30 09:35:41.385663,2589295,0.0,5.5
2021-07-30 09:35:41.541133,2589230,0.0,0.0
2021-07-30 09:35:41.541133,2589295,0.0,5.5
2021-07-30 09:35:41.696344,2589230,0.0,0.0
2021-07-30 09:35:41.696344,2589295,0.0,5.5
2021-07-30 09:35:41.851863,2589230,0.0,0.0
2021-07-30 09:35:41.851863,2589295,0.0,5.5
2021-07-30 09:35:42.007276,2589230,0.0,0.0
2021-07-30 09:35:42.007276,2589295,0.0,5.5
2021-07-30 09:35:42.162740,2589230,0.0,0.0
2021-07-30 09:35:42.162740,2589295,0.0,5.5
2021-07-30 09:35:42.318239,2589230,0.0,0.0
2021-07-30 09:35:42.318239,2589295,0.0,5.5
2021-07-30 09:35:42.473657,2589230,0.0,0.0
2021-07-30 09:35:42.473657,2589295,0.0,5.5
2021-07-30 09:35:42.629396,2589230,0.0,0.0
2021-07-30 09:35:42.629396,2589295,0.0,5.5
2021-07-30 09:35:42.785079,2589230,0.0,0.0
2021-07-30 09:35:42.785079,2589295,0.0,5.5
2021-07-30 09:35:42.940548,2589230,0.0,0.0
2021-07-30 09:35:42.940548,2589295,0.0,5.5
2021-07-30 09:35:43.096167,2589230,0.0,0.0
2021-07-30 09:35:43.096167,2589295,0.0,5.5
2021-07-30 09:35:43.251694,2589230,0.0,0.0
2021-07-30 09:35:43.251694,2589295,0.0,5.5
2021-07-30 09:35:43.407208,2589230,0.0,0.0
2021-07-30 09:35:43.407208,2589295,0.0,5.5
2021-07-30 09:35:43.562653,2589230,0.0,0.0
2021-07-30 09:35:43.562653,2589295,0.0,5.5
2021-07-30 09:35:43.718054,2589230,0.0,0.0
2021-07-30 09:35:43.718054,2589295,0.0,5.5
2021-07-30 09:35:43.873466,2589230,0.0,0.0
2021-07-30 09:35:43.873466,2589295,0.0,5.5
2021-07-30 09:35:44.028958,2589230,0.0,0.0
2021-07-30 09:35:44.028958,2589295,0.0,5.5
2021-07-30 09:35:44.184673,2589230,0.0,0.0
2021-07-30 09:35:44.184673,2589295,0.0,5.5
2021-07-30 09:35:44.340187,2589230,0.0,0.0
2021-07-30 09:35:44.340187,2589295,0.0,5.5
2021-07-30 09:35:44.495669,2589230,0.0,0.0
2021-07-30 09:35:44.495669,2589295,0.0,5.5
2021-07-30 09:35:44.651290,2589230,0.0,0.0
2021-07-30 09:35:44.651290,2589295,0.0,5.5
2021-07-30 09:35:44.806769,2589230,0.0,0.0
2021-07-30 09:35:44.806769,2589295,0.0,5.5
2021-07-30 09:35:44.962220,2589230,0.0,0.0
2021-07-30 09:35:44.962220,2589295,0.0,5.5
2021-07-30 09:35:45.117623,2589230,0.0,0.0
2021-07-30 09:35:45.117623,2589295,0.0,5.5
2021-07-30 09:35:45.273108,2589230,0.0,0.0
2021-07-30 09:35:45.273108,2589295,0.0,5.5
2021-07-30 09:35:45.428808,2589230,0.0,0.0
2021-07-30 09:35:45.428808,2589295,0.0,5.5
2021-07-30 09:35:45.584288,2589230,0.0,0.0
2021-07-30 09:35:45.584288,2589295,0.0,5.5
2021-07-30 09:35:45.739740,2589230,0.0,0.0
2021-07-30 09:35:45.739740,2589295,0.0,5.5
2021-07-30 09:35:45.895169,2589230,0.0,0.0
2021-07-30 09:35:45.895169,2589295,0.0,5.5
2021-07-30 09:35:46.050782,2589230,0.0,0.0
2021-07-30 09:35:46.050782,2589295,0.0,5.5
2021-07-30 09:35:46.206465,2589230,0.0,0.0
2021-07-30 09:35:46.206465,2589295,0.0,5.5
2021-07-30 09:35:46.362000,2589230,0.0,0.0
2021-07-30 09:35:46.362000,2589295,0.0,5.5
2021-07-30 09:35:46.517453,2589230,0.0,0.0
2021-07-30 09:35:46.517453,2589295,0.0,5.5
2021-07-30 09:35:46.673120,2589295,6.7,5.5
2021-07-30 09:35:46.673120,2589230,0.0,0.0
2021-07-30 09:35:46.828766,2589230,0.0,0.0
2021-07-30 09:35:46.828766,2589295,0.0,5.5
2021-07-30 09:35:46.984208,2589230,0.0,0.0
2021-07-30 09:35:46.984208,2589295,0.0,5.5
2021-07-30 09:35:47.139704,2589230,0.0,0.0
2021-07-30 09:35:47.139704,2589295,0.0,5.5
2021-07-30 09:35:47.295224,2589230,0.0,0.0
2021-07-30 09:35:47.295224,2589295,0.0,5.5
2021-07-30 09:35:47.450769,2589230,0.0,0.0
2021-07-30 09:35:47.450769,2589295,0.0,5.5
2021-07-30 09:35:47.606325,2589230,0.0,0.0
2021-07-30 09:35:47.606325,2589295,0.0,5.5
2021-07-30 09:35:47.761814,2589230,0.0,0.0
2021-07-30 09:35:47.761814,2589295,0.0,5.5
2021-07-30 09:35:47.917466,2589230,0.0,0.0
2021-07-30 09:35:47.917466,2589295,0.0,5.5
2021-07-30 09:35:48.072951,2589230,0.0,0.0
2021-07-30 09:35:48.072951,2589295,0.0,5.5
2021-07-30 09:35:48.228370,2589230,0.0,0.0
2021-07-30 09:35:48.228370,2589295,0.0,5.5
2021-07-30 09:35:48.383870,2589230,0.0,0.0
2021-07-30 09:35:48.383870,2589295,0.0,5.5
2021-07-30 09:35:48.539325,2589230,0.0,0.0
2021-07-30 09:35:48.539325,2589295,0.0,5.5
2021-07-30 09:35:48.694765,2589230,0.0,0.0
2021-07-30 09:35:48.694765,2589295,0.0,5.5
2021-07-30 09:35:48.850252,2589230,0.0,0.0
2021-07-30 09:35:48.850252,2589295,0.0,5.5
2021-07-30 09:35:49.005648,2589230,0.0,0.0
2021-07-30 09:35:49.005648,2589295,0.0,5.5
2021-07-30 09:35:49.161098,2589230,0.0,0.0
2021-07-30 09:35:49.161098,2589295,0.0,5.5
2021-07-30 09:35:49.316803,2589230,0.0,0.0
2021-07-30 09:35:49.316803,2589295,0.0,5.5
2021-07-30 09:35:49.472248,2589230,0.0,0.0
2021-07-30 09:35:49.472248,2589295,0.0,5.5
2021-07-30 09:35:49.627713,2589230,0.0,0.0
2021-07-30 09:35:49.627713,2589295,0.0,5.5
2021-07-30 09:35:49.783096,2589230,0.0,0.0
2021-07-30 09:35:49.783096,2589295,0.0,5.5
2021-07-30 09:35:49.938506,2589230,0.0,0.0
2021-07-30 09:35:49.938506,2589295,0.0,5.5
2021-07-30 09:35:50.093921,2589230,0.0,0.0
2021-07-30 09:35:50.093921,2589295,0.0,5.5
2021-07-30 09:35:50.249482,2589230,0.0,0.0
2021-07-30 09:35:50.249482,2589295,0.0,5.5
2021-07-30 09:35:50.404981,2589230,0.0,0.0
2021-07-30 09:35:50.404981,2589295,0.0,5.5
2021-07-30 09:35:50.560672,2589230,0.0,0.0
2021-07-30 09:35:50.560672,2589295,0.0,5.5
2021-07-30 09:35:50.716117,2589230,0.0,0.0
2021-07-30 09:35:50.716117,2589295,0.0,5.5
2021-07-30 09:35:50.871656,2589230,0.0,0.0
2021-07-30 09:35:50.871656,2589295,0.0,5.5
2021-07-30 09:35:51.027404,2589230,0.0,0.0
2021-07-30 09:35:51.027404,2589295,0.0,5.5
2021-07-30 09:35:51.182853,2589230,0.0,0.0
2021-07-30 09:35:51.182853,2589295,0.0,5.5
2021-07-30 09:35:51.338605,2589230,0.0,0.0
2021-07-30 09:35:51.338605,2589295,0.0,5.5
2021-07-30 09:35:51.494515,2589230,0.0,0.0
2021-07-30 09:35:51.494515,2589295,0.0,5.5
2021-07-30 09:35:51.650054,2589230,0.0,0.0
2021-07-30 09:35:51.650054,2589295,0.0,5.5
2021-07-30 09:35:51.805451,2589230,0.0,0.0
2021-07-30 09:35:51.805451,2589295,0.0,5.5
2021-07-30 09:35:51.960966,2589230,0.0,0.0
2021-07-30 09:35:51.960966,2589295,0.0,5.5
2021-07-30 09:35:52.116695,2589230,0.0,0.0
2021-07-30 09:35:52.116695,2589295,0.0,5.5
2021-07-30 09:35:52.272279,2589230,0.0,0.0
2021-07-30 09:35:52.272279,2589295,0.0,5.5
2021-07-30 09:35:52.428080,2589230,0.0,0.0
2021-07-30 09:35:52.428080,2589295,0.0,5.5
2021-07-30 09:35:52.583606,2589230,0.0,0.0
2021-07-30 09:35:52.583606,2589295,0.0,5.5
2021-07-30 09:35:52.739091,2589230,0.0,0.0
2021-07-30 09:35:52.739091,2589295,0.0,5.5
2021-07-30 09:35:52.894574,2589230,0.0,0.0
2021-07-30 09:35:52.894574,2589295,0.0,5.5
2021-07-30 09:35:53.050387,2589230,0.0,0.0
2021-07-30 09:35:53.050387,2589295,0.0,5.5
2021-07-30 09:35:53.205942,2589230,0.0,0.0
2021-07-30 09:35:53.205942,2589295,0.0,5.5
2021-07-30 09:35:53.361456,2589230,0.0,0.0
2021-07-30 09:35:53.361456,2589295,0.0,5.5
2021-07-30 09:35:53.517086,2589230,0.0,0.0
2021-07-30 09:35:53.517086,2589295,0.0,5.5
2021-07-30 09:35:53.672819,2589230,0.0,0.0
2021-07-30 09:35:53.672819,2589295,0.0,5.5
2021-07-30 09:35:53.828488,2589230,0.0,0.0
2021-07-30 09:35:53.828488,2589295,0.0,5.5
2021-07-30 09:35:53.984199,2589230,0.0,0.0
2021-07-30 09:35:53.984199,2589295,0.0,5.5
2021-07-30 09:35:54.140268,2589230,0.0,0.0
2021-07-30 09:35:54.140268,2589295,0.0,5.5
2021-07-30 09:35:54.296085,2589230,0.0,0.0
2021-07-30 09:35:54.296085,2589295,0.0,5.5
2021-07-30 09:35:54.451573,2589230,0.0,0.0
2021-07-30 09:35:54.451573,2589295,0.0,5.5
2021-07-30 09:35:54.606969,2589230,0.0,0.0
2021-07-30 09:35:54.606969,2589295,0.0,5.5
2021-07-30 09:35:54.762429,2589230,0.0,0.0
2021-07-30 09:35:54.762429,2589295,0.0,5.5
2021-07-30 09:35:54.918176,2589230,0.0,0.0
2021-07-30 09:35:54.918176,2589295,0.0,5.5
2021-07-30 09:35:55.073945,2589230,0.0,0.0
2021-07-30 09:35:55.073945,2589295,0.0,5.5
2021-07-30 09:35:55.229683,2589230,0.0,0.0
2021-07-30 09:35:55.229683,2589295,0.0,5.5
2021-07-30 09:35:55.385446,2589230,0.0,0.0
2021-07-30 09:35:55.385446,2589295,0.0,5.5
2021-07-30 09:35:55.541035,2589230,0.0,0.0
2021-07-30 09:35:55.541035,2589295,0.0,5.5
2021-07-30 09:35:55.696459,2589230,0.0,0.0
2021-07-30 09:35:55.696459,2589295,0.0,5.5
2021-07-30 09:35:55.851883,2589230,0.0,0.0
2021-07-30 09:35:55.851883,2589295,0.0,5.5
2021-07-30 09:35:56.007356,2589230,0.0,0.0
2021-07-30 09:35:56.007356,2589295,0.0,5.5
2021-07-30 09:35:56.162803,2589230,0.0,0.0
2021-07-30 09:35:56.162803,2589295,0.0,5.5
2021-07-30 09:35:56.318295,2589230,0.0,0.0
2021-07-30 09:35:56.318295,2589295,0.0,5.5
2021-07-30 09:35:56.473767,2589230,0.0,0.0
2021-07-30 09:35:56.473767,2589295,0.0,5.5
2021-07-30 09:35:56.629483,2589230,0.0,0.0
2021-07-30 09:35:56.629483,2589295,0.0,5.5
2021-07-30 09:35:56.785237,2589230,0.0,0.0
2021-07-30 09:35:56.785237,2589295,0.0,5.5
2021-07-30 09:35:56.940982,2589230,0.0,0.0
2021-07-30 09:35:56.940982,2589295,0.0,5.5
2021-07-30 09:35:57.096773,2589230,0.0,0.0
2021-07-30 09:35:57.096773,2589295,0.0,5.5
2021-07-30 09:35:57.252295,2589230,0.0,0.0
2021-07-30 09:35:57.252295,2589295,0.0,5.5
2021-07-30 09:35:57.407815,2589230,0.0,0.0
2021-07-30 09:35:57.407815,2589295,0.0,5.5
2021-07-30 09:35:57.563324,2589230,0.0,0.0
2021-07-30 09:35:57.563324,2589295,0.0,5.5
2021-07-30 09:35:57.719023,2589230,0.0,0.0
2021-07-30 09:35:57.719023,2589295,0.0,5.5
2021-07-30 09:35:57.874678,2589230,0.0,0.0
2021-07-30 09:35:57.874678,2589295,0.0,5.5
2021-07-30 09:35:58.030135,2589230,0.0,0.0
2021-07-30 09:35:58.030135,2589295,0.0,5.5
2021-07-30 09:35:58.185667,2589230,0.0,0.0
2021-07-30 09:35:58.185667,2589295,0.0,5.5
2021-07-30 09:35:58.341227,2589230,0.0,0.0
2021-07-30 09:35:58.341227,2589295,0.0,5.5
2021-07-30 09:35:58.496781,2589230,0.0,0.0
2021-07-30 09:35:58.496781,2589295,0.0,5.5
2021-07-30 09:35:58.652229,2589230,0.0,0.0
2021-07-30 09:35:58.652229,2589295,0.0,5.5
2021-07-30 09:35:58.807647,2589230,0.0,0.0
2021-07-30 09:35:58.807647,2589295,0.0,5.5
2021-07-30 09:35:58.963044,2589230,0.0,0.0
2021-07-30 09:35:58.963044,2589295,0.0,5.5
2021-07-30 09:35:59.118520,2589230,0.0,0.0
2021-07-30 09:35:59.118520,2589295,0.0,5.5
2021-07-30 09:35:59.274014,2589230,0.0,0.0
2021-07-30 09:35:59.274014,2589295,0.0,5.5
2021-07-30 09:35:59.429427,2589230,0.0,0.0
2021-07-30 09:35:59.429427,2589295,0.0,5.5
2021-07-30 09:35:59.585068,2589230,0.0,0.0
2021-07-30 09:35:59.585068,2589295,0.0,5.5
2021-07-30 09:35:59.740776,2589230,0.0,0.0
2021-07-30 09:35:59.740776,2589295,0.0,5.5
2021-07-30 09:35:59.896481,2589230,0.0,0.0
2021-07-30 09:35:59.896481,2589295,0.0,5.5
2021-07-30 09:36:00.052015,2589230,0.0,0.0
2021-07-30 09:36:00.052015,2589295,0.0,5.5
2021-07-30 09:36:00.207573,2589230,0.0,0.0
2021-07-30 09:36:00.207573,2589295,0.0,5.5
2021-07-30 09:36:00.363044,2589230,0.0,0.0
2021-07-30 09:36:00.363044,2589295,0.0,5.5
2021-07-30 09:36:00.518448,2589230,0.0,0.0
2021-07-30 09:36:00.518448,2589295,0.0,5.5
2021-07-30 09:36:00.673918,2589230,0.0,0.0
2021-07-30 09:36:00.673918,2589295,0.0,5.5
2021-07-30 09:36:00.829690,2589230,0.0,0.0
2021-07-30 09:36:00.829690,2589295,0.0,5.5
2021-07-30 09:36:00.985408,2589230,0.0,0.0
2021-07-30 09:36:00.985408,2589295,0.0,5.5
2021-07-30 09:36:01.140993,2589230,0.0,0.0
2021-07-30 09:36:01.140993,2589295,0.0,5.5
2021-07-30 09:36:01.296697,2589230,0.0,0.0
2021-07-30 09:36:01.296697,2589295,0.0,5.5
2021-07-30 09:36:01.452230,2589230,0.0,0.0
2021-07-30 09:36:01.452230,2589295,0.0,5.5
2021-07-30 09:36:01.607992,2589230,0.0,0.0
2021-07-30 09:36:01.607992,2589295,0.0,5.5
2021-07-30 09:36:01.763448,2589230,0.0,0.0
2021-07-30 09:36:01.763448,2589295,0.0,5.5
2021-07-30 09:36:01.918872,2589230,0.0,0.0
2021-07-30 09:36:01.918872,2589295,0.0,5.5
2021-07-30 09:36:02.074406,2589230,0.0,0.0
2021-07-30 09:36:02.074406,2589295,0.0,5.5
2021-07-30 09:36:02.230133,2589230,0.0,0.0
2021-07-30 09:36:02.230133,2589295,0.0,5.5
2021-07-30 09:36:02.385692,2589230,0.0,0.0
2021-07-30 09:36:02.385692,2589295,0.0,5.5
2021-07-30 09:36:02.541137,2589230,0.0,0.0
2021-07-30 09:36:02.541137,2589295,0.0,5.5
2021-07-30 09:36:02.696544,2589230,0.0,0.0
2021-07-30 09:36:02.696544,2589295,0.0,5.5
2021-07-30 09:36:02.852030,2589230,0.0,0.0
2021-07-30 09:36:02.852030,2589295,0.0,5.5
2021-07-30 09:36:03.007462,2589230,0.0,0.0
2021-07-30 09:36:03.007462,2589295,0.0,5.5
2021-07-30 09:36:03.162872,2589230,0.0,0.0
2021-07-30 09:36:03.162872,2589295,0.0,5.5
2021-07-30 09:36:03.318392,2589230,0.0,0.0
2021-07-30 09:36:03.318392,2589295,0.0,5.5
2021-07-30 09:36:03.473864,2589230,0.0,0.0
2021-07-30 09:36:03.473864,2589295,0.0,5.5
2021-07-30 09:36:03.629347,2589230,0.0,0.0
2021-07-30 09:36:03.629347,2589295,0.0,5.5
2021-07-30 09:36:03.784982,2589230,0.0,0.0
2021-07-30 09:36:03.784982,2589295,0.0,5.5
2021-07-30 09:36:03.940680,2589230,0.0,0.0
2021-07-30 09:36:03.940680,2589295,0.0,5.5
2021-07-30 09:36:04.095914,2589230,0.0,0.0
2021-07-30 09:36:04.095914,2589295,0.0,5.5
2021-07-30 09:36:04.251665,2589230,0.0,0.0
2021-07-30 09:36:04.251665,2589295,0.0,5.5
2021-07-30 09:36:04.407183,2589230,0.0,0.0
2021-07-30 09:36:04.407183,2589295,0.0,5.5
2021-07-30 09:36:04.562670,2589230,0.0,0.0
2021-07-30 09:36:04.562670,2589295,0.0,5.5
2021-07-30 09:36:04.718048,2589230,0.0,0.0
2021-07-30 09:36:04.718048,2589295,0.0,5.5
2021-07-30 09:36:04.873706,2589230,0.0,0.0
2021-07-30 09:36:04.873706,2589295,0.0,5.5
2021-07-30 09:36:05.029116,2589230,0.0,0.0
2021-07-30 09:36:05.029116,2589295,0.0,5.5
2021-07-30 09:36:05.184790,2589230,0.0,0.0
2021-07-30 09:36:05.184790,2589295,0.0,5.5
2021-07-30 09:36:05.340273,2589230,0.0,0.0
2021-07-30 09:36:05.340273,2589295,0.0,5.5
2021-07-30 09:36:05.495740,2589230,0.0,0.0
2021-07-30 09:36:05.495740,2589295,0.0,5.5
2021-07-30 09:36:05.651146,2589230,0.0,0.0
2021-07-30 09:36:05.651146,2589295,0.0,5.5
2021-07-30 09:36:05.806517,2589230,0.0,0.0
2021-07-30 09:36:05.806517,2589295,0.0,5.5
2021-07-30 09:36:05.962198,2589230,0.0,0.0
2021-07-30 09:36:05.962198,2589295,0.0,5.5
2021-07-30 09:36:06.117635,2589230,0.0,0.0
2021-07-30 09:36:06.117635,2589295,0.0,5.5
2021-07-30 09:36:06.273143,2589230,0.0,0.0
2021-07-30 09:36:06.273143,2589295,0.0,5.5
2021-07-30 09:36:06.428598,2589230,0.0,0.0
2021-07-30 09:36:06.428598,2589295,0.0,5.5
2021-07-30 09:36:06.584024,2589230,0.0,0.0
2021-07-30 09:36:06.584024,2589295,0.0,5.5
2021-07-30 09:36:06.739437,2589230,0.0,0.0
2021-07-30 09:36:06.739437,2589295,0.0,5.5
2021-07-30 09:36:06.894876,2589230,0.0,0.0
2021-07-30 09:36:06.894876,2589295,0.0,5.5
2021-07-30 09:36:07.050316,2589230,0.0,0.0
2021-07-30 09:36:07.050316,2589295,0.0,5.5
2021-07-30 09:36:07.205735,2589230,0.0,0.0
2021-07-30 09:36:07.205735,2589295,0.0,5.5
2021-07-30 09:36:07.361243,2589230,0.0,0.0
2021-07-30 09:36:07.361243,2589295,0.0,5.5
2021-07-30 09:36:07.516994,2589230,0.0,0.0
2021-07-30 09:36:07.516994,2589295,0.0,5.5
2021-07-30 09:36:07.672756,2589230,0.0,0.0
2021-07-30 09:36:07.672756,2589295,0.0,5.5
2021-07-30 09:36:07.828499,2589230,0.0,0.0
2021-07-30 09:36:07.828499,2589295,0.0,5.5
2021-07-30 09:36:07.984101,2589230,0.0,0.0
2021-07-30 09:36:07.984101,2589295,0.0,5.5
2021-07-30 09:36:08.139711,2589230,0.0,0.0
2021-07-30 09:36:08.139711,2589295,0.0,5.5
2021-07-30 09:36:08.295209,2589230,0.0,0.0
2021-07-30 09:36:08.295209,2589295,0.0,5.5
2021-07-30 09:36:08.450882,2589230,0.0,0.0
2021-07-30 09:36:08.450882,2589295,0.0,5.5
2021-07-30 09:36:08.606343,2589230,0.0,0.0
2021-07-30 09:36:08.606343,2589295,0.0,5.5
2021-07-30 09:36:08.761709,2589230,0.0,0.0
2021-07-30 09:36:08.761709,2589295,0.0,5.5
2021-07-30 09:36:08.917424,2589230,0.0,0.0
2021-07-30 09:36:08.917424,2589295,0.0,5.5
2021-07-30 09:36:09.072932,2589230,0.0,0.0
2021-07-30 09:36:09.072932,2589295,0.0,5.5
2021-07-30 09:36:09.228602,2589230,0.0,0.0
2021-07-30 09:36:09.228602,2589295,0.0,5.5
2021-07-30 09:36:09.384157,2589230,0.0,0.0
2021-07-30 09:36:09.384157,2589295,0.0,5.5
2021-07-30 09:36:09.539587,2589230,0.0,0.0
2021-07-30 09:36:09.539587,2589295,0.0,5.5
2021-07-30 09:36:09.694974,2589230,0.0,0.0
2021-07-30 09:36:09.694974,2589295,0.0,5.5
2021-07-30 09:36:09.850442,2589230,0.0,0.0
2021-07-30 09:36:09.850442,2589295,0.0,5.5
2021-07-30 09:36:10.006324,2589230,0.0,0.0
2021-07-30 09:36:10.006324,2589295,0.0,5.5
2021-07-30 09:36:10.162121,2589230,0.0,0.0
2021-07-30 09:36:10.162121,2589295,0.0,5.5
2021-07-30 09:36:10.317775,2589295,6.7,5.5
2021-07-30 09:36:10.317775,2589230,0.0,0.0
2021-07-30 09:36:10.473318,2589230,0.0,0.0
2021-07-30 09:36:10.473318,2589295,0.0,5.5
2021-07-30 09:36:10.628769,2589230,0.0,0.0
2021-07-30 09:36:10.628769,2589295,0.0,5.5
2021-07-30 09:36:10.784254,2589230,0.0,0.0
2021-07-30 09:36:10.784254,2589295,0.0,5.5
2021-07-30 09:36:10.939735,2589230,0.0,0.0
2021-07-30 09:36:10.939735,2589295,0.0,5.5
2021-07-30 09:36:11.095551,2589230,0.0,0.0
2021-07-30 09:36:11.095551,2589295,0.0,5.5
2021-07-30 09:36:11.251279,2589230,0.0,0.0
2021-07-30 09:36:11.251279,2589295,0.0,5.5
2021-07-30 09:36:11.406742,2589230,0.0,0.0
2021-07-30 09:36:11.406742,2589295,0.0,5.5
2021-07-30 09:36:11.562209,2589230,0.0,0.0
2021-07-30 09:36:11.562209,2589295,0.0,5.5
2021-07-30 09:36:11.717633,2589230,0.0,0.0
2021-07-30 09:36:11.717633,2589295,0.0,5.5
2021-07-30 09:36:11.873064,2589230,0.0,0.0
2021-07-30 09:36:11.873064,2589295,0.0,5.5
2021-07-30 09:36:12.028483,2589230,0.0,0.0
2021-07-30 09:36:12.028483,2589295,0.0,5.5
2021-07-30 09:36:12.183962,2589230,0.0,0.0
2021-07-30 09:36:12.183962,2589295,0.0,5.5
2021-07-30 09:36:12.339517,2589230,0.0,0.0
2021-07-30 09:36:12.339517,2589295,0.0,5.5
2021-07-30 09:36:12.494975,2589230,0.0,0.0
2021-07-30 09:36:12.494975,2589295,0.0,5.5
2021-07-30 09:36:12.650733,2589230,0.0,0.0
2021-07-30 09:36:12.650733,2589295,0.0,5.5
2021-07-30 09:36:12.806479,2589230,0.0,0.0
2021-07-30 09:36:12.806479,2589295,0.0,5.5
2021-07-30 09:36:12.962476,2589230,0.0,0.0
2021-07-30 09:36:12.962476,2589295,0.0,5.5
2021-07-30 09:36:13.118083,2589230,0.0,0.0
2021-07-30 09:36:13.118083,2589295,0.0,5.5
2021-07-30 09:36:13.273700,2589230,0.0,0.0
2021-07-30 09:36:13.273700,2589295,0.0,5.5
2021-07-30 09:36:13.429173,2589230,0.0,0.0
2021-07-30 09:36:13.429173,2589295,0.0,5.5
2021-07-30 09:36:13.584584,2589230,0.0,0.0
2021-07-30 09:36:13.584584,2589295,0.0,5.5
2021-07-30 09:36:13.740035,2589230,0.0,0.0
2021-07-30 09:36:13.740035,2589295,0.0,5.5
2021-07-30 09:36:13.895645,2589230,0.0,0.0
2021-07-30 09:36:13.895645,2589295,0.0,5.5
2021-07-30 09:36:14.051508,2589230,0.0,0.0
2021-07-30 09:36:14.051508,2589295,0.0,5.5
2021-07-30 09:36:14.207025,2589230,0.0,0.0
2021-07-30 09:36:14.207025,2589295,0.0,5.5
2021-07-30 09:36:14.362763,2589230,0.0,0.0
2021-07-30 09:36:14.362763,2589295,0.0,5.5
2021-07-30 09:36:14.518255,2589230,0.0,0.0
2021-07-30 09:36:14.518255,2589295,0.0,5.5
2021-07-30 09:36:14.673684,2589230,0.0,0.0
2021-07-30 09:36:14.673684,2589295,0.0,5.5
2021-07-30 09:36:14.829405,2589230,0.0,0.0
2021-07-30 09:36:14.829405,2589295,0.0,5.5
2021-07-30 09:36:14.985004,2589230,0.0,0.0
2021-07-30 09:36:14.985004,2589295,0.0,5.5
2021-07-30 09:36:15.140749,2589230,0.0,0.0
2021-07-30 09:36:15.140749,2589295,0.0,5.5
2021-07-30 09:36:15.296766,2589230,0.0,0.0
2021-07-30 09:36:15.296766,2589295,0.0,5.5
2021-07-30 09:36:15.452213,2589230,0.0,0.0
2021-07-30 09:36:15.452213,2589295,0.0,5.5
2021-07-30 09:36:15.607822,2589230,0.0,0.0
2021-07-30 09:36:15.607822,2589295,0.0,5.5
2021-07-30 09:36:15.763500,2589230,0.0,0.0
2021-07-30 09:36:15.763500,2589295,0.0,5.5
2021-07-30 09:36:15.918966,2589230,0.0,0.0
2021-07-30 09:36:15.918966,2589295,0.0,5.5
2021-07-30 09:36:16.074410,2589230,0.0,0.0
2021-07-30 09:36:16.074410,2589295,0.0,5.5
2021-07-30 09:36:16.229860,2589230,0.0,0.0
2021-07-30 09:36:16.229860,2589295,0.0,5.5
2021-07-30 09:36:16.385303,2589230,0.0,0.0
2021-07-30 09:36:16.385303,2589295,0.0,5.5
2021-07-30 09:36:16.540732,2589230,0.0,0.0
2021-07-30 09:36:16.540732,2589295,0.0,5.5
2021-07-30 09:36:16.696063,2589230,0.0,0.0
2021-07-30 09:36:16.696063,2589295,0.0,5.5
2021-07-30 09:36:16.851705,2589230,0.0,0.0
2021-07-30 09:36:16.851705,2589295,0.0,5.5
2021-07-30 09:36:17.007139,2589230,0.0,0.0
2021-07-30 09:36:17.007139,2589295,0.0,5.5
2021-07-30 09:36:17.162566,2589230,0.0,0.0
2021-07-30 09:36:17.162566,2589295,0.0,5.5
2021-07-30 09:36:17.318084,2589230,0.0,0.0
2021-07-30 09:36:17.318084,2589295,0.0,5.5
2021-07-30 09:36:17.473993,2589295,6.2,5.5
2021-07-30 09:36:17.473993,2589230,0.0,0.0
2021-07-30 09:36:17.629693,2589230,0.0,0.0
2021-07-30 09:36:17.629693,2589295,0.0,5.5
2021-07-30 09:36:17.785156,2589230,0.0,0.0
2021-07-30 09:36:17.785156,2589295,0.0,5.5
2021-07-30 09:36:17.940696,2589230,0.0,0.0
2021-07-30 09:36:17.940696,2589295,0.0,5.5
2021-07-30 09:36:18.096479,2589230,0.0,0.0
2021-07-30 09:36:18.096479,2589295,0.0,5.5
2021-07-30 09:36:18.252034,2589230,0.0,0.0
2021-07-30 09:36:18.252034,2589295,0.0,5.5
2021-07-30 09:36:18.407731,2589230,0.0,0.0
2021-07-30 09:36:18.407731,2589295,0.0,5.5
2021-07-30 09:36:18.563444,2589230,0.0,0.0
2021-07-30 09:36:18.563444,2589295,0.0,5.5
2021-07-30 09:36:18.718914,2589230,0.0,0.0
2021-07-30 09:36:18.718914,2589295,0.0,5.5
2021-07-30 09:36:18.874391,2589230,0.0,0.0
2021-07-30 09:36:18.874391,2589295,0.0,5.5
2021-07-30 09:36:19.029788,2589230,0.0,0.0
2021-07-30 09:36:19.029788,2589295,0.0,5.5
2021-07-30 09:36:19.185669,2589230,0.0,0.0
2021-07-30 09:36:19.185669,2589295,0.0,5.5
2021-07-30 09:36:19.341317,2589230,0.0,0.0
2021-07-30 09:36:19.341317,2589295,0.0,5.5
2021-07-30 09:36:19.496863,2589230,0.0,0.0
2021-07-30 09:36:19.496863,2589295,0.0,5.5
2021-07-30 09:36:19.652289,2589230,0.0,0.0
2021-07-30 09:36:19.652289,2589295,0.0,5.5
2021-07-30 09:36:19.807770,2589230,0.0,0.0
2021-07-30 09:36:19.807770,2589295,0.0,5.5
2021-07-30 09:36:19.963142,2589230,0.0,0.0
2021-07-30 09:36:19.963142,2589295,0.0,5.5
2021-07-30 09:36:20.118640,2589230,0.0,0.0
2021-07-30 09:36:20.118640,2589295,0.0,5.5
2021-07-30 09:36:20.274375,2589230,0.0,0.0
2021-07-30 09:36:20.274375,2589295,0.0,5.5
2021-07-30 09:36:20.429847,2589230,0.0,0.0
2021-07-30 09:36:20.429847,2589295,0.0,5.5
2021-07-30 09:36:20.585556,2589230,0.0,0.0
2021-07-30 09:36:20.585556,2589295,0.0,5.5
2021-07-30 09:36:20.741089,2589230,0.0,0.0
2021-07-30 09:36:20.741089,2589295,0.0,5.5
2021-07-30 09:36:20.896981,2589230,0.0,0.0
2021-07-30 09:36:20.896981,2589295,0.0,5.5
2021-07-30 09:36:21.052905,2589230,0.0,0.0
2021-07-30 09:36:21.052905,2589295,0.0,5.5
2021-07-30 09:36:21.208694,2589230,0.0,0.0
2021-07-30 09:36:21.208694,2589295,0.0,5.5
2021-07-30 09:36:21.364493,2589230,0.0,0.0
2021-07-30 09:36:21.364493,2589295,0.0,5.5
2021-07-30 09:36:21.520105,2589230,0.0,0.0
2021-07-30 09:36:21.520105,2589295,0.0,5.5
2021-07-30 09:36:21.675580,2589230,0.0,0.0
2021-07-30 09:36:21.675580,2589295,0.0,5.5
2021-07-30 09:36:21.831042,2589230,0.0,0.0
2021-07-30 09:36:21.831042,2589295,0.0,5.5
2021-07-30 09:36:21.986471,2589230,0.0,0.0
2021-07-30 09:36:21.986471,2589295,0.0,5.5
2021-07-30 09:36:22.141907,2589230,0.0,0.0
2021-07-30 09:36:22.141907,2589295,0.0,5.5
2021-07-30 09:36:22.297381,2589230,0.0,0.0
2021-07-30 09:36:22.297381,2589295,0.0,5.5
2021-07-30 09:36:22.452802,2589230,0.0,0.0
2021-07-30 09:36:22.452802,2589295,0.0,5.5
2021-07-30 09:36:22.608419,2589230,0.0,0.0
2021-07-30 09:36:22.608419,2589295,0.0,5.5
2021-07-30 09:36:22.763861,2589230,0.0,0.0
2021-07-30 09:36:22.763861,2589295,0.0,5.5
2021-07-30 09:36:22.919311,2589230,0.0,0.0
2021-07-30 09:36:22.919311,2589295,0.0,5.5
2021-07-30 09:36:23.074748,2589230,0.0,0.0
2021-07-30 09:36:23.074748,2589295,0.0,5.5
2021-07-30 09:36:23.230225,2589230,0.0,0.0
2021-07-30 09:36:23.230225,2589295,0.0,5.5
2021-07-30 09:36:23.385703,2589230,0.0,0.0
2021-07-30 09:36:23.385703,2589295,0.0,5.5
2021-07-30 09:36:23.541149,2589230,0.0,0.0
2021-07-30 09:36:23.541149,2589295,0.0,5.5
2021-07-30 09:36:23.696572,2589230,0.0,0.0
2021-07-30 09:36:23.696572,2589295,0.0,5.5
2021-07-30 09:36:23.852066,2589230,0.0,0.0
2021-07-30 09:36:23.852066,2589295,0.0,5.5
2021-07-30 09:36:24.007523,2589230,0.0,0.0
2021-07-30 09:36:24.007523,2589295,0.0,5.5
2021-07-30 09:36:24.162987,2589230,0.0,0.0
2021-07-30 09:36:24.162987,2589295,0.0,5.5
2021-07-30 09:36:24.318645,2589230,0.0,0.0
2021-07-30 09:36:24.318645,2589295,0.0,5.5
2021-07-30 09:36:24.474075,2589230,0.0,0.0
2021-07-30 09:36:24.474075,2589295,0.0,5.5
2021-07-30 09:36:24.629465,2589230,0.0,0.0
2021-07-30 09:36:24.629465,2589295,0.0,5.5
2021-07-30 09:36:24.784866,2589230,0.0,0.0
2021-07-30 09:36:24.784866,2589295,0.0,5.5
2021-07-30 09:36:24.940523,2589230,0.0,0.0
2021-07-30 09:36:24.940523,2589295,0.0,5.5
2021-07-30 09:36:25.096178,2589230,0.0,0.0
2021-07-30 09:36:25.096178,2589295,0.0,5.5
2021-07-30 09:36:25.251711,2589230,0.0,0.0
2021-07-30 09:36:25.251711,2589295,0.0,5.5
2021-07-30 09:36:25.407153,2589230,0.0,0.0
2021-07-30 09:36:25.407153,2589295,0.0,5.5
2021-07-30 09:36:25.562692,2589230,0.0,0.0
2021-07-30 09:36:25.562692,2589295,0.0,5.5
2021-07-30 09:36:25.718120,2589230,0.0,0.0
2021-07-30 09:36:25.718120,2589295,0.0,5.5
2021-07-30 09:36:25.873669,2589230,0.0,0.0
2021-07-30 09:36:25.873669,2589295,0.0,5.5
2021-07-30 09:36:26.029413,2589230,0.0,0.0
2021-07-30 09:36:26.029413,2589295,0.0,5.5
2021-07-30 09:36:26.184916,2589230,0.0,0.0
2021-07-30 09:36:26.184916,2589295,0.0,5.5
2021-07-30 09:36:26.340541,2589230,0.0,0.0
2021-07-30 09:36:26.340541,2589295,0.0,5.5
2021-07-30 09:36:26.496086,2589230,0.0,0.0
2021-07-30 09:36:26.496086,2589295,0.0,5.5
2021-07-30 09:36:26.651534,2589230,0.0,0.0
2021-07-30 09:36:26.651534,2589295,0.0,5.5
2021-07-30 09:36:26.806945,2589230,0.0,0.0
2021-07-30 09:36:26.806945,2589295,0.0,5.5
2021-07-30 09:36:26.962399,2589230,0.0,0.0
2021-07-30 09:36:26.962399,2589295,0.0,5.5
2021-07-30 09:36:27.117932,2589230,0.0,0.0
2021-07-30 09:36:27.117932,2589295,0.0,5.5
2021-07-30 09:36:27.273396,2589230,0.0,0.0
2021-07-30 09:36:27.273396,2589295,0.0,5.5
2021-07-30 09:36:27.429094,2589230,0.0,0.0
2021-07-30 09:36:27.429094,2589295,0.0,5.5
2021-07-30 09:36:27.584726,2589230,0.0,0.0
2021-07-30 09:36:27.584726,2589295,0.0,5.5
2021-07-30 09:36:27.740179,2589230,0.0,0.0
2021-07-30 09:36:27.740179,2589295,0.0,5.5
2021-07-30 09:36:27.895669,2589230,0.0,0.0
2021-07-30 09:36:27.895669,2589295,0.0,5.5
2021-07-30 09:36:28.051337,2589230,0.0,0.0
2021-07-30 09:36:28.051337,2589295,0.0,5.5
2021-07-30 09:36:28.206765,2589230,0.0,0.0
2021-07-30 09:36:28.206765,2589295,0.0,5.5
2021-07-30 09:36:28.362288,2589230,0.0,0.0
2021-07-30 09:36:28.362288,2589295,0.0,5.5
2021-07-30 09:36:28.517807,2589230,0.0,0.0
2021-07-30 09:36:28.517807,2589295,0.0,5.5
2021-07-30 09:36:28.673463,2589230,0.0,0.0
2021-07-30 09:36:28.673463,2589295,0.0,5.5
2021-07-30 09:36:28.828970,2589230,0.0,0.0
2021-07-30 09:36:28.828970,2589295,0.0,5.5
2021-07-30 09:36:28.984587,2589230,0.0,0.0
2021-07-30 09:36:28.984587,2589295,0.0,5.5
2021-07-30 09:36:29.140052,2589230,0.0,0.0
2021-07-30 09:36:29.140052,2589295,0.0,5.5
2021-07-30 09:36:29.295796,2589230,0.0,0.0
2021-07-30 09:36:29.295796,2589295,0.0,5.5
2021-07-30 09:36:29.451187,2589230,0.0,0.0
2021-07-30 09:36:29.451187,2589295,0.0,5.5
2021-07-30 09:36:29.606616,2589230,0.0,0.0
2021-07-30 09:36:29.606616,2589295,0.0,5.5
2021-07-30 09:36:29.762078,2589230,0.0,0.0
2021-07-30 09:36:29.762078,2589295,0.0,5.5
2021-07-30 09:36:29.917755,2589230,0.0,0.0
2021-07-30 09:36:29.917755,2589295,0.0,5.5
2021-07-30 09:36:30.073238,2589230,0.0,0.0
2021-07-30 09:36:30.073238,2589295,0.0,5.5
2021-07-30 09:36:30.228714,2589230,0.0,0.0
2021-07-30 09:36:30.228714,2589295,0.0,5.5
2021-07-30 09:36:30.384208,2589230,0.0,0.0
2021-07-30 09:36:30.384208,2589295,0.0,5.5
2021-07-30 09:36:30.539672,2589230,0.0,0.0
2021-07-30 09:36:30.539672,2589295,0.0,5.5
2021-07-30 09:36:30.695065,2589230,0.0,0.0
2021-07-30 09:36:30.695065,2589295,0.0,5.5
2021-07-30 09:36:30.850576,2589230,0.0,0.0
2021-07-30 09:36:30.850576,2589295,0.0,5.5
2021-07-30 09:36:31.006571,2589230,0.0,0.0
2021-07-30 09:36:31.006571,2589295,0.0,5.5
2021-07-30 09:36:31.162239,2589230,0.0,0.0
2021-07-30 09:36:31.162239,2589295,0.0,5.5
2021-07-30 09:36:31.318094,2589230,0.0,0.0
2021-07-30 09:36:31.318094,2589295,0.0,5.5
2021-07-30 09:36:31.473903,2589230,0.0,0.0
2021-07-30 09:36:31.473903,2589295,0.0,5.5
2021-07-30 09:36:31.629492,2589230,0.0,0.0
2021-07-30 09:36:31.629492,2589295,0.0,5.5
2021-07-30 09:36:31.785015,2589230,0.0,0.0
2021-07-30 09:36:31.785015,2589295,0.0,5.5
2021-07-30 09:36:31.940714,2589230,0.0,0.0
2021-07-30 09:36:31.940714,2589295,0.0,5.5
2021-07-30 09:36:32.096251,2589230,0.0,0.0
2021-07-30 09:36:32.096251,2589295,0.0,5.5
2021-07-30 09:36:32.252076,2589230,0.0,0.0
2021-07-30 09:36:32.252076,2589295,0.0,5.5
2021-07-30 09:36:32.407884,2589230,0.0,0.0
2021-07-30 09:36:32.407884,2589295,0.0,5.5
2021-07-30 09:36:32.563460,2589230,0.0,0.0
2021-07-30 09:36:32.563460,2589295,0.0,5.5
2021-07-30 09:36:32.719105,2589230,0.0,0.0
2021-07-30 09:36:32.719105,2589295,0.0,5.5
2021-07-30 09:36:32.874613,2589230,0.0,0.0
2021-07-30 09:36:32.874613,2589295,0.0,5.5
2021-07-30 09:36:33.030381,2589230,0.0,0.0
2021-07-30 09:36:33.030381,2589295,0.0,5.5
2021-07-30 09:36:33.186354,2589230,0.0,0.0
2021-07-30 09:36:33.186354,2589295,0.0,5.5
2021-07-30 09:36:33.341833,2589230,0.0,0.0
2021-07-30 09:36:33.341833,2589295,0.0,5.5
2021-07-30 09:36:33.497325,2589230,0.0,0.0
2021-07-30 09:36:33.497325,2589295,0.0,5.5
2021-07-30 09:36:33.652868,2589230,0.0,0.0
2021-07-30 09:36:33.652868,2589295,0.0,5.5
2021-07-30 09:36:33.808628,2589230,0.0,0.0
2021-07-30 09:36:33.808628,2589295,0.0,5.5
2021-07-30 09:36:33.964480,2589230,0.0,0.0
2021-07-30 09:36:33.964480,2589295,0.0,5.5
2021-07-30 09:36:34.120322,2589230,0.0,0.0
2021-07-30 09:36:34.120322,2589295,0.0,5.5
2021-07-30 09:36:34.275880,2589230,0.0,0.0
2021-07-30 09:36:34.275880,2589295,0.0,5.5
2021-07-30 09:36:34.431622,2589230,0.0,0.0
2021-07-30 09:36:34.431622,2589295,0.0,5.5
2021-07-30 09:36:34.587160,2589230,0.0,0.0
2021-07-30 09:36:34.587160,2589295,0.0,5.5
2021-07-30 09:36:34.742888,2589230,0.0,0.0
2021-07-30 09:36:34.742888,2589295,0.0,5.5
2021-07-30 09:36:34.898599,2589230,0.0,0.0
2021-07-30 09:36:34.898599,2589295,0.0,5.5
2021-07-30 09:36:35.054324,2589230,0.0,0.0
2021-07-30 09:36:35.054324,2589295,0.0,5.5
2021-07-30 09:36:35.209746,2589230,0.0,0.0
2021-07-30 09:36:35.209746,2589295,0.0,5.5
2021-07-30 09:36:35.365419,2589230,0.0,0.0
2021-07-30 09:36:35.365419,2589295,0.0,5.5
