timestamp,PID,CPU,RAM
2021-07-30 13:48:38.149191,2462915,0.0,0.0
2021-07-30 13:48:38.149191,2462977,0.0,5.4
2021-07-30 13:48:38.306834,2462915,0.0,0.0
2021-07-30 13:48:38.306834,2462977,0.0,5.4
2021-07-30 13:48:38.464105,2462915,0.0,0.0
2021-07-30 13:48:38.464105,2462977,0.0,5.4
2021-07-30 13:48:38.621413,2462915,0.0,0.0
2021-07-30 13:48:38.621413,2462977,0.0,5.4
2021-07-30 13:48:38.778788,2462915,0.0,0.0
2021-07-30 13:48:38.778788,2462977,0.0,5.4
2021-07-30 13:48:38.936064,2462915,0.0,0.0
2021-07-30 13:48:38.936064,2462977,0.0,5.4
2021-07-30 13:48:39.093164,2462915,0.0,0.0
2021-07-30 13:48:39.093164,2462977,0.0,5.4
2021-07-30 13:48:39.250486,2462915,0.0,0.0
2021-07-30 13:48:39.250486,2462977,0.0,5.4
2021-07-30 13:48:39.407786,2462915,0.0,0.0
2021-07-30 13:48:39.407786,2462977,0.0,5.4
2021-07-30 13:48:39.565159,2462915,0.0,0.0
2021-07-30 13:48:39.565159,2462977,0.0,5.4
2021-07-30 13:48:39.722333,2462915,0.0,0.0
2021-07-30 13:48:39.722333,2462977,0.0,5.4
2021-07-30 13:48:39.879537,2462915,0.0,0.0
2021-07-30 13:48:39.879537,2462977,0.0,5.4
2021-07-30 13:48:40.036811,2462915,0.0,0.0
2021-07-30 13:48:40.036811,2462977,0.0,5.4
2021-07-30 13:48:40.194262,2462915,0.0,0.0
2021-07-30 13:48:40.194262,2462977,0.0,5.4
2021-07-30 13:48:40.351549,2462915,0.0,0.0
2021-07-30 13:48:40.351549,2462977,0.0,5.4
2021-07-30 13:48:40.508775,2462915,0.0,0.0
2021-07-30 13:48:40.508775,2462977,0.0,5.4
2021-07-30 13:48:40.666052,2462915,0.0,0.0
2021-07-30 13:48:40.666052,2462977,0.0,5.4
2021-07-30 13:48:40.823238,2462915,0.0,0.0
2021-07-30 13:48:40.823238,2462977,0.0,5.4
2021-07-30 13:48:40.980453,2462915,0.0,0.0
2021-07-30 13:48:40.980453,2462977,0.0,5.4
2021-07-30 13:48:41.137609,2462977,40.0,5.4
2021-07-30 13:48:41.137609,2462915,0.0,0.0
2021-07-30 13:48:41.293053,2462915,0.0,0.0
2021-07-30 13:48:41.293053,2462977,0.0,5.4
2021-07-30 13:48:41.449847,2462915,0.0,0.0
2021-07-30 13:48:41.449847,2462977,0.0,5.4
2021-07-30 13:48:41.607104,2462915,0.0,0.0
2021-07-30 13:48:41.607104,2462977,0.0,5.4
2021-07-30 13:48:41.764083,2462915,0.0,0.0
2021-07-30 13:48:41.764083,2462977,0.0,5.4
2021-07-30 13:48:41.920272,2462915,0.0,0.0
2021-07-30 13:48:41.920272,2462977,0.0,5.4
2021-07-30 13:48:42.076677,2462915,0.0,0.0
2021-07-30 13:48:42.076677,2462977,0.0,5.4
2021-07-30 13:48:42.232867,2462915,0.0,0.0
2021-07-30 13:48:42.232867,2462977,0.0,5.4
2021-07-30 13:48:42.388963,2462915,0.0,0.0
2021-07-30 13:48:42.388963,2462977,0.0,5.4
2021-07-30 13:48:42.545461,2462915,0.0,0.0
2021-07-30 13:48:42.545461,2462977,0.0,5.4
2021-07-30 13:48:42.702046,2462915,0.0,0.0
2021-07-30 13:48:42.702046,2462977,0.0,5.4
2021-07-30 13:48:42.858923,2462915,0.0,0.0
2021-07-30 13:48:42.858923,2462977,0.0,5.4
2021-07-30 13:48:43.015968,2462915,0.0,0.0
2021-07-30 13:48:43.015968,2462977,0.0,5.4
2021-07-30 13:48:43.173285,2462915,0.0,0.0
2021-07-30 13:48:43.173285,2462977,0.0,5.4
2021-07-30 13:48:43.329708,2462915,0.0,0.0
2021-07-30 13:48:43.329708,2462977,0.0,5.4
2021-07-30 13:48:43.485810,2462915,0.0,0.0
2021-07-30 13:48:43.485810,2462977,0.0,5.4
2021-07-30 13:48:43.643404,2462915,0.0,0.0
2021-07-30 13:48:43.643404,2462977,0.0,5.4
2021-07-30 13:48:43.801055,2462915,0.0,0.0
2021-07-30 13:48:43.801055,2462977,0.0,5.4
2021-07-30 13:48:43.957933,2462915,0.0,0.0
2021-07-30 13:48:43.957933,2462977,0.0,5.4
2021-07-30 13:48:44.114599,2462915,0.0,0.0
2021-07-30 13:48:44.114599,2462977,0.0,5.4
2021-07-30 13:48:44.270832,2462915,0.0,0.0
2021-07-30 13:48:44.270832,2462977,0.0,5.4
2021-07-30 13:48:44.427883,2462915,0.0,0.0
2021-07-30 13:48:44.427883,2462977,0.0,5.4
2021-07-30 13:48:44.586196,2462915,0.0,0.0
2021-07-30 13:48:44.586196,2462977,0.0,5.4
2021-07-30 13:48:44.742362,2462915,0.0,0.0
2021-07-30 13:48:44.742362,2462977,0.0,5.4
2021-07-30 13:48:44.899739,2462915,0.0,0.0
2021-07-30 13:48:44.899739,2462977,0.0,5.4
2021-07-30 13:48:45.057478,2462915,0.0,0.0
2021-07-30 13:48:45.057478,2462977,0.0,5.4
2021-07-30 13:48:45.215310,2462915,0.0,0.0
2021-07-30 13:48:45.215310,2462977,0.0,5.4
2021-07-30 13:48:45.372720,2462915,0.0,0.0
2021-07-30 13:48:45.372720,2462977,0.0,5.4
2021-07-30 13:48:45.529951,2462915,0.0,0.0
2021-07-30 13:48:45.529951,2462977,0.0,5.4
2021-07-30 13:48:45.687234,2462915,0.0,0.0
2021-07-30 13:48:45.687234,2462977,0.0,5.4
2021-07-30 13:48:45.844598,2462915,0.0,0.0
2021-07-30 13:48:45.844598,2462977,0.0,5.4
2021-07-30 13:48:46.001207,2462915,0.0,0.0
2021-07-30 13:48:46.001207,2462977,0.0,5.4
2021-07-30 13:48:46.158540,2462915,0.0,0.0
2021-07-30 13:48:46.158540,2462977,0.0,5.4
2021-07-30 13:48:46.315731,2462915,0.0,0.0
2021-07-30 13:48:46.315731,2462977,0.0,5.4
2021-07-30 13:48:46.472954,2462915,0.0,0.0
2021-07-30 13:48:46.472954,2462977,0.0,5.4
2021-07-30 13:48:46.630131,2462915,0.0,0.0
2021-07-30 13:48:46.630131,2462977,0.0,5.4
2021-07-30 13:48:46.787351,2462915,0.0,0.0
2021-07-30 13:48:46.787351,2462977,0.0,5.4
2021-07-30 13:48:46.944713,2462915,0.0,0.0
2021-07-30 13:48:46.944713,2462977,0.0,5.4
2021-07-30 13:48:47.101944,2462915,0.0,0.0
2021-07-30 13:48:47.101944,2462977,0.0,5.4
2021-07-30 13:48:47.259212,2462915,0.0,0.0
2021-07-30 13:48:47.259212,2462977,0.0,5.4
2021-07-30 13:48:47.416525,2462915,0.0,0.0
2021-07-30 13:48:47.416525,2462977,0.0,5.4
2021-07-30 13:48:47.573734,2462915,0.0,0.0
2021-07-30 13:48:47.573734,2462977,0.0,5.4
2021-07-30 13:48:47.730948,2462915,0.0,0.0
2021-07-30 13:48:47.730948,2462977,0.0,5.4
2021-07-30 13:48:47.888009,2462915,0.0,0.0
2021-07-30 13:48:47.888009,2462977,0.0,5.4
2021-07-30 13:48:48.044887,2462915,0.0,0.0
2021-07-30 13:48:48.044887,2462977,0.0,5.4
2021-07-30 13:48:48.201799,2462915,0.0,0.0
2021-07-30 13:48:48.201799,2462977,0.0,5.4
2021-07-30 13:48:48.358810,2462915,0.0,0.0
2021-07-30 13:48:48.358810,2462977,0.0,5.4
2021-07-30 13:48:48.515882,2462915,0.0,0.0
2021-07-30 13:48:48.515882,2462977,0.0,5.4
2021-07-30 13:48:48.673118,2462915,0.0,0.0
2021-07-30 13:48:48.673118,2462977,0.0,5.4
2021-07-30 13:48:48.830075,2462915,0.0,0.0
2021-07-30 13:48:48.830075,2462977,0.0,5.4
2021-07-30 13:48:48.987188,2462915,0.0,0.0
2021-07-30 13:48:48.987188,2462977,0.0,5.4
2021-07-30 13:48:49.144309,2462915,0.0,0.0
2021-07-30 13:48:49.144309,2462977,0.0,5.4
2021-07-30 13:48:49.301482,2462915,0.0,0.0
2021-07-30 13:48:49.301482,2462977,0.0,5.4
2021-07-30 13:48:49.458831,2462915,0.0,0.0
2021-07-30 13:48:49.458831,2462977,0.0,5.4
2021-07-30 13:48:49.616049,2462915,0.0,0.0
2021-07-30 13:48:49.616049,2462977,0.0,5.4
2021-07-30 13:48:49.773370,2462915,0.0,0.0
2021-07-30 13:48:49.773370,2462977,0.0,5.4
2021-07-30 13:48:49.930570,2462915,0.0,0.0
2021-07-30 13:48:49.930570,2462977,0.0,5.4
2021-07-30 13:48:50.087844,2462915,0.0,0.0
2021-07-30 13:48:50.087844,2462977,0.0,5.4
2021-07-30 13:48:50.245121,2462915,0.0,0.0
2021-07-30 13:48:50.245121,2462977,0.0,5.4
2021-07-30 13:48:50.402591,2462915,0.0,0.0
2021-07-30 13:48:50.402591,2462977,0.0,5.4
2021-07-30 13:48:50.559816,2462915,0.0,0.0
2021-07-30 13:48:50.559816,2462977,0.0,5.4
2021-07-30 13:48:50.717038,2462915,0.0,0.0
2021-07-30 13:48:50.717038,2462977,0.0,5.4
2021-07-30 13:48:50.874231,2462915,0.0,0.0
2021-07-30 13:48:50.874231,2462977,0.0,5.4
2021-07-30 13:48:51.031314,2462915,0.0,0.0
2021-07-30 13:48:51.031314,2462977,0.0,5.4
2021-07-30 13:48:51.188441,2462915,0.0,0.0
2021-07-30 13:48:51.188441,2462977,0.0,5.4
2021-07-30 13:48:51.345329,2462915,0.0,0.0
2021-07-30 13:48:51.345329,2462977,0.0,5.4
2021-07-30 13:48:51.502778,2462915,0.0,0.0
2021-07-30 13:48:51.502778,2462977,0.0,5.4
2021-07-30 13:48:51.660274,2462915,0.0,0.0
2021-07-30 13:48:51.660274,2462977,0.0,5.4
2021-07-30 13:48:51.817468,2462915,0.0,0.0
2021-07-30 13:48:51.817468,2462977,0.0,5.4
2021-07-30 13:48:51.974820,2462915,0.0,0.0
2021-07-30 13:48:51.974820,2462977,0.0,5.4
2021-07-30 13:48:52.132137,2462915,0.0,0.0
2021-07-30 13:48:52.132137,2462977,0.0,5.4
2021-07-30 13:48:52.289318,2462915,0.0,0.0
2021-07-30 13:48:52.289318,2462977,0.0,5.4
2021-07-30 13:48:52.446436,2462915,0.0,0.0
2021-07-30 13:48:52.446436,2462977,0.0,5.4
2021-07-30 13:48:52.603745,2462915,0.0,0.0
2021-07-30 13:48:52.603745,2462977,0.0,5.4
2021-07-30 13:48:52.761035,2462915,0.0,0.0
2021-07-30 13:48:52.761035,2462977,0.0,5.4
2021-07-30 13:48:52.918268,2462915,0.0,0.0
2021-07-30 13:48:52.918268,2462977,0.0,5.4
2021-07-30 13:48:53.075970,2462915,0.0,0.0
2021-07-30 13:48:53.075970,2462977,0.0,5.4
2021-07-30 13:48:53.233810,2462977,6.2,5.4
2021-07-30 13:48:53.233810,2462915,0.0,0.0
2021-07-30 13:48:53.391549,2462915,0.0,0.0
2021-07-30 13:48:53.391549,2462977,0.0,5.4
2021-07-30 13:48:53.548832,2462915,0.0,0.0
2021-07-30 13:48:53.548832,2462977,0.0,5.4
2021-07-30 13:48:53.705993,2462915,0.0,0.0
2021-07-30 13:48:53.705993,2462977,0.0,5.4
2021-07-30 13:48:53.863203,2462915,0.0,0.0
2021-07-30 13:48:53.863203,2462977,0.0,5.4
2021-07-30 13:48:54.020386,2462915,0.0,0.0
2021-07-30 13:48:54.020386,2462977,0.0,5.4
2021-07-30 13:48:54.177668,2462915,0.0,0.0
2021-07-30 13:48:54.177668,2462977,0.0,5.4
2021-07-30 13:48:54.335170,2462915,0.0,0.0
2021-07-30 13:48:54.335170,2462977,0.0,5.4
2021-07-30 13:48:54.491916,2462915,0.0,0.0
2021-07-30 13:48:54.491916,2462977,0.0,5.4
2021-07-30 13:48:54.649222,2462915,0.0,0.0
2021-07-30 13:48:54.649222,2462977,0.0,5.4
2021-07-30 13:48:54.806409,2462915,0.0,0.0
2021-07-30 13:48:54.806409,2462977,0.0,5.4
2021-07-30 13:48:54.963655,2462915,0.0,0.0
2021-07-30 13:48:54.963655,2462977,0.0,5.4
2021-07-30 13:48:55.120894,2462915,0.0,0.0
2021-07-30 13:48:55.120894,2462977,0.0,5.4
2021-07-30 13:48:55.278388,2462915,0.0,0.0
2021-07-30 13:48:55.278388,2462977,0.0,5.4
2021-07-30 13:48:55.435585,2462915,0.0,0.0
2021-07-30 13:48:55.435585,2462977,0.0,5.4
2021-07-30 13:48:55.592613,2462915,0.0,0.0
2021-07-30 13:48:55.592613,2462977,0.0,5.4
2021-07-30 13:48:55.749792,2462915,0.0,0.0
2021-07-30 13:48:55.749792,2462977,0.0,5.4
2021-07-30 13:48:55.907174,2462915,0.0,0.0
2021-07-30 13:48:55.907174,2462977,0.0,5.4
2021-07-30 13:48:56.064494,2462915,0.0,0.0
2021-07-30 13:48:56.064494,2462977,0.0,5.4
2021-07-30 13:48:56.221691,2462915,0.0,0.0
2021-07-30 13:48:56.221691,2462977,0.0,5.4
2021-07-30 13:48:56.378884,2462915,0.0,0.0
2021-07-30 13:48:56.378884,2462977,0.0,5.4
2021-07-30 13:48:56.536059,2462915,0.0,0.0
2021-07-30 13:48:56.536059,2462977,0.0,5.4
2021-07-30 13:48:56.693314,2462915,0.0,0.0
2021-07-30 13:48:56.693314,2462977,0.0,5.4
2021-07-30 13:48:56.850550,2462915,0.0,0.0
2021-07-30 13:48:56.850550,2462977,0.0,5.4
2021-07-30 13:48:57.007874,2462915,0.0,0.0
2021-07-30 13:48:57.007874,2462977,0.0,5.4
2021-07-30 13:48:57.165140,2462915,0.0,0.0
2021-07-30 13:48:57.165140,2462977,0.0,5.4
2021-07-30 13:48:57.322325,2462915,0.0,0.0
2021-07-30 13:48:57.322325,2462977,0.0,5.4
2021-07-30 13:48:57.479556,2462915,0.0,0.0
2021-07-30 13:48:57.479556,2462977,0.0,5.4
2021-07-30 13:48:57.636883,2462915,0.0,0.0
2021-07-30 13:48:57.636883,2462977,0.0,5.4
2021-07-30 13:48:57.794420,2462915,0.0,0.0
2021-07-30 13:48:57.794420,2462977,0.0,5.4
2021-07-30 13:48:57.951690,2462915,0.0,0.0
2021-07-30 13:48:57.951690,2462977,0.0,5.4
2021-07-30 13:48:58.108931,2462915,0.0,0.0
2021-07-30 13:48:58.108931,2462977,0.0,5.4
2021-07-30 13:48:58.266337,2462915,0.0,0.0
2021-07-30 13:48:58.266337,2462977,0.0,5.4
2021-07-30 13:48:58.423560,2462915,0.0,0.0
2021-07-30 13:48:58.423560,2462977,0.0,5.4
2021-07-30 13:48:58.580694,2462915,0.0,0.0
2021-07-30 13:48:58.580694,2462977,0.0,5.4
2021-07-30 13:48:58.738194,2462915,0.0,0.0
2021-07-30 13:48:58.738194,2462977,0.0,5.4
2021-07-30 13:48:58.895287,2462915,0.0,0.0
2021-07-30 13:48:58.895287,2462977,0.0,5.4
2021-07-30 13:48:59.052371,2462915,0.0,0.0
2021-07-30 13:48:59.052371,2462977,0.0,5.4
2021-07-30 13:48:59.209615,2462915,0.0,0.0
2021-07-30 13:48:59.209615,2462977,0.0,5.4
2021-07-30 13:48:59.366813,2462915,0.0,0.0
2021-07-30 13:48:59.366813,2462977,0.0,5.4
2021-07-30 13:48:59.523992,2462915,0.0,0.0
2021-07-30 13:48:59.523992,2462977,0.0,5.4
2021-07-30 13:48:59.681167,2462915,0.0,0.0
2021-07-30 13:48:59.681167,2462977,0.0,5.4
2021-07-30 13:48:59.838552,2462915,0.0,0.0
2021-07-30 13:48:59.838552,2462977,0.0,5.4
2021-07-30 13:48:59.995757,2462915,0.0,0.0
2021-07-30 13:48:59.995757,2462977,0.0,5.4
2021-07-30 13:49:00.153171,2462915,0.0,0.0
2021-07-30 13:49:00.153171,2462977,0.0,5.4
2021-07-30 13:49:00.310583,2462915,0.0,0.0
2021-07-30 13:49:00.310583,2462977,0.0,5.4
2021-07-30 13:49:00.467906,2462915,0.0,0.0
2021-07-30 13:49:00.467906,2462977,0.0,5.4
2021-07-30 13:49:00.624475,2462915,0.0,0.0
2021-07-30 13:49:00.624475,2462977,0.0,5.4
2021-07-30 13:49:00.781944,2462915,0.0,0.0
2021-07-30 13:49:00.781944,2462977,0.0,5.4
2021-07-30 13:49:00.939190,2462915,0.0,0.0
2021-07-30 13:49:00.939190,2462977,0.0,5.4
2021-07-30 13:49:01.096399,2462915,0.0,0.0
2021-07-30 13:49:01.096399,2462977,0.0,5.4
2021-07-30 13:49:01.253654,2462915,0.0,0.0
2021-07-30 13:49:01.253654,2462977,0.0,5.4
2021-07-30 13:49:01.410876,2462915,0.0,0.0
2021-07-30 13:49:01.410876,2462977,0.0,5.4
2021-07-30 13:49:01.568177,2462915,0.0,0.0
2021-07-30 13:49:01.568177,2462977,0.0,5.4
2021-07-30 13:49:01.725362,2462915,0.0,0.0
2021-07-30 13:49:01.725362,2462977,0.0,5.4
2021-07-30 13:49:01.882549,2462915,0.0,0.0
2021-07-30 13:49:01.882549,2462977,0.0,5.4
2021-07-30 13:49:02.039749,2462915,0.0,0.0
2021-07-30 13:49:02.039749,2462977,0.0,5.4
2021-07-30 13:49:02.196917,2462915,0.0,0.0
2021-07-30 13:49:02.196917,2462977,0.0,5.4
2021-07-30 13:49:02.354331,2462915,0.0,0.0
2021-07-30 13:49:02.354331,2462977,0.0,5.4
2021-07-30 13:49:02.511626,2462915,0.0,0.0
2021-07-30 13:49:02.511626,2462977,0.0,5.4
2021-07-30 13:49:02.668884,2462915,0.0,0.0
2021-07-30 13:49:02.668884,2462977,0.0,5.4
2021-07-30 13:49:02.826365,2462915,0.0,0.0
2021-07-30 13:49:02.826365,2462977,0.0,5.4
2021-07-30 13:49:02.983651,2462915,0.0,0.0
2021-07-30 13:49:02.983651,2462977,0.0,5.4
2021-07-30 13:49:03.140876,2462915,0.0,0.0
2021-07-30 13:49:03.140876,2462977,0.0,5.4
2021-07-30 13:49:03.298110,2462915,0.0,0.0
2021-07-30 13:49:03.298110,2462977,0.0,5.4
2021-07-30 13:49:03.455306,2462915,0.0,0.0
2021-07-30 13:49:03.455306,2462977,0.0,5.4
2021-07-30 13:49:03.612658,2462915,0.0,0.0
2021-07-30 13:49:03.612658,2462977,0.0,5.4
2021-07-30 13:49:03.770079,2462915,0.0,0.0
2021-07-30 13:49:03.770079,2462977,0.0,5.4
2021-07-30 13:49:03.927271,2462915,0.0,0.0
2021-07-30 13:49:03.927271,2462977,0.0,5.4
2021-07-30 13:49:04.084500,2462915,0.0,0.0
2021-07-30 13:49:04.084500,2462977,0.0,5.4
2021-07-30 13:49:04.241709,2462915,0.0,0.0
2021-07-30 13:49:04.241709,2462977,0.0,5.4
2021-07-30 13:49:04.398967,2462915,0.0,0.0
2021-07-30 13:49:04.398967,2462977,0.0,5.4
2021-07-30 13:49:04.556286,2462915,0.0,0.0
2021-07-30 13:49:04.556286,2462977,0.0,5.4
2021-07-30 13:49:04.713535,2462915,0.0,0.0
2021-07-30 13:49:04.713535,2462977,0.0,5.4
2021-07-30 13:49:04.870908,2462915,0.0,0.0
2021-07-30 13:49:04.870908,2462977,0.0,5.4
2021-07-30 13:49:05.028353,2462915,0.0,0.0
2021-07-30 13:49:05.028353,2462977,0.0,5.4
2021-07-30 13:49:05.185886,2462915,0.0,0.0
2021-07-30 13:49:05.185886,2462977,0.0,5.4
2021-07-30 13:49:05.343107,2462915,0.0,0.0
2021-07-30 13:49:05.343107,2462977,0.0,5.4
2021-07-30 13:49:05.500539,2462915,0.0,0.0
2021-07-30 13:49:05.500539,2462977,0.0,5.4
2021-07-30 13:49:05.657857,2462977,6.7,5.4
2021-07-30 13:49:05.657857,2462915,0.0,0.0
2021-07-30 13:49:05.815019,2462915,0.0,0.0
2021-07-30 13:49:05.815019,2462977,0.0,5.4
2021-07-30 13:49:05.972534,2462915,0.0,0.0
2021-07-30 13:49:05.972534,2462977,0.0,5.4
2021-07-30 13:49:06.129793,2462915,0.0,0.0
2021-07-30 13:49:06.129793,2462977,0.0,5.4
2021-07-30 13:49:06.286998,2462915,0.0,0.0
2021-07-30 13:49:06.286998,2462977,0.0,5.4
2021-07-30 13:49:06.444244,2462915,0.0,0.0
2021-07-30 13:49:06.444244,2462977,0.0,5.4
2021-07-30 13:49:06.601446,2462915,0.0,0.0
2021-07-30 13:49:06.601446,2462977,0.0,5.4
2021-07-30 13:49:06.758642,2462915,0.0,0.0
2021-07-30 13:49:06.758642,2462977,0.0,5.4
2021-07-30 13:49:06.915834,2462915,0.0,0.0
2021-07-30 13:49:06.915834,2462977,0.0,5.4
2021-07-30 13:49:07.073126,2462915,0.0,0.0
2021-07-30 13:49:07.073126,2462977,0.0,5.4
2021-07-30 13:49:07.230338,2462915,0.0,0.0
2021-07-30 13:49:07.230338,2462977,0.0,5.4
2021-07-30 13:49:07.387580,2462915,0.0,0.0
2021-07-30 13:49:07.387580,2462977,0.0,5.4
2021-07-30 13:49:07.544696,2462915,0.0,0.0
2021-07-30 13:49:07.544696,2462977,0.0,5.4
2021-07-30 13:49:07.702090,2462915,0.0,0.0
2021-07-30 13:49:07.702090,2462977,0.0,5.4
2021-07-30 13:49:07.859357,2462915,0.0,0.0
2021-07-30 13:49:07.859357,2462977,0.0,5.4
2021-07-30 13:49:08.016606,2462915,0.0,0.0
2021-07-30 13:49:08.016606,2462977,0.0,5.4
2021-07-30 13:49:08.174046,2462915,0.0,0.0
2021-07-30 13:49:08.174046,2462977,0.0,5.4
2021-07-30 13:49:08.331257,2462915,0.0,0.0
2021-07-30 13:49:08.331257,2462977,0.0,5.4
2021-07-30 13:49:08.488336,2462915,0.0,0.0
2021-07-30 13:49:08.488336,2462977,0.0,5.4
2021-07-30 13:49:08.644949,2462915,0.0,0.0
2021-07-30 13:49:08.644949,2462977,0.0,5.4
2021-07-30 13:49:08.802325,2462915,0.0,0.0
2021-07-30 13:49:08.802325,2462977,0.0,5.4
2021-07-30 13:49:08.959570,2462915,0.0,0.0
2021-07-30 13:49:08.959570,2462977,0.0,5.4
2021-07-30 13:49:09.116796,2462915,0.0,0.0
2021-07-30 13:49:09.116796,2462977,0.0,5.4
2021-07-30 13:49:09.274021,2462915,0.0,0.0
2021-07-30 13:49:09.274021,2462977,0.0,5.4
2021-07-30 13:49:09.431250,2462915,0.0,0.0
2021-07-30 13:49:09.431250,2462977,0.0,5.4
2021-07-30 13:49:09.588509,2462915,0.0,0.0
2021-07-30 13:49:09.588509,2462977,0.0,5.4
2021-07-30 13:49:09.745670,2462915,0.0,0.0
2021-07-30 13:49:09.745670,2462977,0.0,5.4
2021-07-30 13:49:09.902940,2462915,0.0,0.0
2021-07-30 13:49:09.902940,2462977,0.0,5.4
2021-07-30 13:49:10.060145,2462915,0.0,0.0
2021-07-30 13:49:10.060145,2462977,0.0,5.4
2021-07-30 13:49:10.217997,2462915,0.0,0.0
2021-07-30 13:49:10.217997,2462977,0.0,5.4
2021-07-30 13:49:10.375629,2462915,0.0,0.0
2021-07-30 13:49:10.375629,2462977,0.0,5.4
2021-07-30 13:49:10.533095,2462915,0.0,0.0
2021-07-30 13:49:10.533095,2462977,0.0,5.4
2021-07-30 13:49:10.690357,2462915,0.0,0.0
2021-07-30 13:49:10.690357,2462977,0.0,5.4
2021-07-30 13:49:10.847676,2462915,0.0,0.0
2021-07-30 13:49:10.847676,2462977,0.0,5.4
2021-07-30 13:49:11.004940,2462915,0.0,0.0
2021-07-30 13:49:11.004940,2462977,0.0,5.4
2021-07-30 13:49:11.162197,2462915,0.0,0.0
2021-07-30 13:49:11.162197,2462977,0.0,5.4
2021-07-30 13:49:11.319494,2462915,0.0,0.0
2021-07-30 13:49:11.319494,2462977,0.0,5.4
2021-07-30 13:49:11.475970,2462915,0.0,0.0
2021-07-30 13:49:11.475970,2462977,0.0,5.4
2021-07-30 13:49:11.633486,2462915,0.0,0.0
2021-07-30 13:49:11.633486,2462977,0.0,5.4
2021-07-30 13:49:11.790726,2462915,0.0,0.0
2021-07-30 13:49:11.790726,2462977,0.0,5.4
2021-07-30 13:49:11.948035,2462915,0.0,0.0
2021-07-30 13:49:11.948035,2462977,0.0,5.4
2021-07-30 13:49:12.105338,2462915,0.0,0.0
2021-07-30 13:49:12.105338,2462977,0.0,5.4
2021-07-30 13:49:12.262614,2462915,0.0,0.0
2021-07-30 13:49:12.262614,2462977,0.0,5.4
2021-07-30 13:49:12.420002,2462915,0.0,0.0
2021-07-30 13:49:12.420002,2462977,0.0,5.4
2021-07-30 13:49:12.577285,2462915,0.0,0.0
2021-07-30 13:49:12.577285,2462977,0.0,5.4
2021-07-30 13:49:12.734787,2462915,0.0,0.0
2021-07-30 13:49:12.734787,2462977,0.0,5.4
2021-07-30 13:49:12.892002,2462915,0.0,0.0
2021-07-30 13:49:12.892002,2462977,0.0,5.4
2021-07-30 13:49:13.049224,2462915,0.0,0.0
2021-07-30 13:49:13.049224,2462977,0.0,5.4
2021-07-30 13:49:13.206631,2462915,0.0,0.0
2021-07-30 13:49:13.206631,2462977,0.0,5.4
2021-07-30 13:49:13.363823,2462915,0.0,0.0
2021-07-30 13:49:13.363823,2462977,0.0,5.4
2021-07-30 13:49:13.521103,2462915,0.0,0.0
2021-07-30 13:49:13.521103,2462977,0.0,5.4
2021-07-30 13:49:13.678371,2462915,0.0,0.0
2021-07-30 13:49:13.678371,2462977,0.0,5.4
2021-07-30 13:49:13.835593,2462915,0.0,0.0
2021-07-30 13:49:13.835593,2462977,0.0,5.4
2021-07-30 13:49:13.992695,2462915,0.0,0.0
2021-07-30 13:49:13.992695,2462977,0.0,5.4
2021-07-30 13:49:14.150175,2462915,0.0,0.0
2021-07-30 13:49:14.150175,2462977,0.0,5.4
2021-07-30 13:49:14.307401,2462915,0.0,0.0
2021-07-30 13:49:14.307401,2462977,0.0,5.4
2021-07-30 13:49:14.464728,2462915,0.0,0.0
2021-07-30 13:49:14.464728,2462977,0.0,5.4
2021-07-30 13:49:14.622211,2462915,0.0,0.0
2021-07-30 13:49:14.622211,2462977,0.0,5.4
2021-07-30 13:49:14.779322,2462915,0.0,0.0
2021-07-30 13:49:14.779322,2462977,0.0,5.4
2021-07-30 13:49:14.936416,2462915,0.0,0.0
2021-07-30 13:49:14.936416,2462977,0.0,5.4
2021-07-30 13:49:15.093558,2462915,0.0,0.0
2021-07-30 13:49:15.093558,2462977,0.0,5.4
2021-07-30 13:49:15.250898,2462915,0.0,0.0
2021-07-30 13:49:15.250898,2462977,0.0,5.4
2021-07-30 13:49:15.408159,2462915,0.0,0.0
2021-07-30 13:49:15.408159,2462977,0.0,5.4
2021-07-30 13:49:15.565246,2462915,0.0,0.0
2021-07-30 13:49:15.565246,2462977,0.0,5.4
2021-07-30 13:49:15.722465,2462915,0.0,0.0
2021-07-30 13:49:15.722465,2462977,0.0,5.4
2021-07-30 13:49:15.879816,2462915,0.0,0.0
2021-07-30 13:49:15.879816,2462977,0.0,5.4
2021-07-30 13:49:16.037023,2462915,0.0,0.0
2021-07-30 13:49:16.037023,2462977,0.0,5.4
2021-07-30 13:49:16.194314,2462915,0.0,0.0
2021-07-30 13:49:16.194314,2462977,0.0,5.4
2021-07-30 13:49:16.351607,2462915,0.0,0.0
2021-07-30 13:49:16.351607,2462977,0.0,5.4
2021-07-30 13:49:16.509149,2462915,0.0,0.0
2021-07-30 13:49:16.509149,2462977,0.0,5.4
2021-07-30 13:49:16.666392,2462915,0.0,0.0
2021-07-30 13:49:16.666392,2462977,0.0,5.4
2021-07-30 13:49:16.823597,2462915,0.0,0.0
2021-07-30 13:49:16.823597,2462977,0.0,5.4
2021-07-30 13:49:16.980869,2462915,0.0,0.0
2021-07-30 13:49:16.980869,2462977,0.0,5.4
2021-07-30 13:49:17.138390,2462915,0.0,0.0
2021-07-30 13:49:17.138390,2462977,0.0,5.4
2021-07-30 13:49:17.295593,2462915,0.0,0.0
2021-07-30 13:49:17.295593,2462977,0.0,5.4
2021-07-30 13:49:17.452755,2462915,0.0,0.0
2021-07-30 13:49:17.452755,2462977,0.0,5.4
2021-07-30 13:49:17.609922,2462915,0.0,0.0
2021-07-30 13:49:17.609922,2462977,0.0,5.4
2021-07-30 13:49:17.767120,2462915,0.0,0.0
2021-07-30 13:49:17.767120,2462977,0.0,5.4
2021-07-30 13:49:17.924133,2462915,0.0,0.0
2021-07-30 13:49:17.924133,2462977,0.0,5.4
2021-07-30 13:49:18.080983,2462915,0.0,0.0
2021-07-30 13:49:18.080983,2462977,0.0,5.4
2021-07-30 13:49:18.238346,2462915,0.0,0.0
2021-07-30 13:49:18.238346,2462977,0.0,5.4
2021-07-30 13:49:18.395573,2462915,0.0,0.0
2021-07-30 13:49:18.395573,2462977,0.0,5.4
2021-07-30 13:49:18.552857,2462915,0.0,0.0
2021-07-30 13:49:18.552857,2462977,0.0,5.4
2021-07-30 13:49:18.710070,2462915,0.0,0.0
2021-07-30 13:49:18.710070,2462977,0.0,5.4
2021-07-30 13:49:18.867305,2462915,0.0,0.0
2021-07-30 13:49:18.867305,2462977,0.0,5.4
2021-07-30 13:49:19.024494,2462915,0.0,0.0
2021-07-30 13:49:19.024494,2462977,0.0,5.4
2021-07-30 13:49:19.181727,2462915,0.0,0.0
2021-07-30 13:49:19.181727,2462977,0.0,5.4
2021-07-30 13:49:19.339000,2462915,0.0,0.0
2021-07-30 13:49:19.339000,2462977,0.0,5.4
2021-07-30 13:49:19.496286,2462915,0.0,0.0
2021-07-30 13:49:19.496286,2462977,0.0,5.4
2021-07-30 13:49:19.653524,2462915,0.0,0.0
2021-07-30 13:49:19.653524,2462977,0.0,5.4
2021-07-30 13:49:19.810726,2462915,0.0,0.0
2021-07-30 13:49:19.810726,2462977,0.0,5.4
2021-07-30 13:49:19.967925,2462915,0.0,0.0
2021-07-30 13:49:19.967925,2462977,0.0,5.4
2021-07-30 13:49:20.125179,2462915,0.0,0.0
2021-07-30 13:49:20.125179,2462977,0.0,5.4
2021-07-30 13:49:20.282578,2462915,0.0,0.0
2021-07-30 13:49:20.282578,2462977,0.0,5.4
2021-07-30 13:49:20.440102,2462915,0.0,0.0
2021-07-30 13:49:20.440102,2462977,0.0,5.4
2021-07-30 13:49:20.597593,2462915,0.0,0.0
2021-07-30 13:49:20.597593,2462977,0.0,5.4
2021-07-30 13:49:20.754801,2462915,0.0,0.0
2021-07-30 13:49:20.754801,2462977,0.0,5.4
2021-07-30 13:49:20.912200,2462915,0.0,0.0
2021-07-30 13:49:20.912200,2462977,0.0,5.4
2021-07-30 13:49:21.069409,2462915,0.0,0.0
2021-07-30 13:49:21.069409,2462977,0.0,5.4
2021-07-30 13:49:21.226678,2462915,0.0,0.0
2021-07-30 13:49:21.226678,2462977,0.0,5.4
2021-07-30 13:49:21.383900,2462915,0.0,0.0
2021-07-30 13:49:21.383900,2462977,0.0,5.4
2021-07-30 13:49:21.541042,2462915,0.0,0.0
2021-07-30 13:49:21.541042,2462977,0.0,5.4
2021-07-30 13:49:21.698248,2462915,0.0,0.0
2021-07-30 13:49:21.698248,2462977,0.0,5.4
2021-07-30 13:49:21.855573,2462915,0.0,0.0
2021-07-30 13:49:21.855573,2462977,0.0,5.4
2021-07-30 13:49:22.012741,2462915,0.0,0.0
2021-07-30 13:49:22.012741,2462977,0.0,5.4
2021-07-30 13:49:22.169911,2462915,0.0,0.0
2021-07-30 13:49:22.169911,2462977,0.0,5.4
2021-07-30 13:49:22.327098,2462915,0.0,0.0
2021-07-30 13:49:22.327098,2462977,0.0,5.4
2021-07-30 13:49:22.484370,2462915,0.0,0.0
2021-07-30 13:49:22.484370,2462977,0.0,5.4
2021-07-30 13:49:22.641380,2462915,0.0,0.0
2021-07-30 13:49:22.641380,2462977,0.0,5.4
2021-07-30 13:49:22.798644,2462915,0.0,0.0
2021-07-30 13:49:22.798644,2462977,0.0,5.4
2021-07-30 13:49:22.955914,2462915,0.0,0.0
2021-07-30 13:49:22.955914,2462977,0.0,5.4
2021-07-30 13:49:23.113439,2462915,0.0,0.0
2021-07-30 13:49:23.113439,2462977,0.0,5.4
2021-07-30 13:49:23.270810,2462915,0.0,0.0
2021-07-30 13:49:23.270810,2462977,0.0,5.4
2021-07-30 13:49:23.428107,2462915,0.0,0.0
2021-07-30 13:49:23.428107,2462977,0.0,5.4
2021-07-30 13:49:23.585351,2462915,0.0,0.0
2021-07-30 13:49:23.585351,2462977,0.0,5.4
2021-07-30 13:49:23.742510,2462915,0.0,0.0
2021-07-30 13:49:23.742510,2462977,0.0,5.4
2021-07-30 13:49:23.899733,2462915,0.0,0.0
2021-07-30 13:49:23.899733,2462977,0.0,5.4
2021-07-30 13:49:24.057038,2462915,0.0,0.0
2021-07-30 13:49:24.057038,2462977,0.0,5.4
2021-07-30 13:49:24.214322,2462915,0.0,0.0
2021-07-30 13:49:24.214322,2462977,0.0,5.4
2021-07-30 13:49:24.371637,2462915,0.0,0.0
2021-07-30 13:49:24.371637,2462977,0.0,5.4
2021-07-30 13:49:24.528879,2462915,0.0,0.0
2021-07-30 13:49:24.528879,2462977,0.0,5.4
2021-07-30 13:49:24.686339,2462915,0.0,0.0
2021-07-30 13:49:24.686339,2462977,0.0,5.4
2021-07-30 13:49:24.843998,2462915,0.0,0.0
2021-07-30 13:49:24.843998,2462977,0.0,5.4
2021-07-30 13:49:25.001390,2462915,0.0,0.0
2021-07-30 13:49:25.001390,2462977,0.0,5.4
2021-07-30 13:49:25.158855,2462915,0.0,0.0
2021-07-30 13:49:25.158855,2462977,0.0,5.4
2021-07-30 13:49:25.316094,2462915,0.0,0.0
2021-07-30 13:49:25.316094,2462977,0.0,5.4
2021-07-30 13:49:25.473384,2462915,0.0,0.0
2021-07-30 13:49:25.473384,2462977,0.0,5.4
2021-07-30 13:49:25.630840,2462915,0.0,0.0
2021-07-30 13:49:25.630840,2462977,0.0,5.4
2021-07-30 13:49:25.788071,2462915,0.0,0.0
2021-07-30 13:49:25.788071,2462977,0.0,5.4
2021-07-30 13:49:25.945448,2462915,0.0,0.0
2021-07-30 13:49:25.945448,2462977,0.0,5.4
2021-07-30 13:49:26.102720,2462915,0.0,0.0
2021-07-30 13:49:26.102720,2462977,0.0,5.4
2021-07-30 13:49:26.260015,2462915,0.0,0.0
2021-07-30 13:49:26.260015,2462977,0.0,5.4
2021-07-30 13:49:26.417411,2462915,0.0,0.0
2021-07-30 13:49:26.417411,2462977,0.0,5.4
2021-07-30 13:49:26.574691,2462915,0.0,0.0
2021-07-30 13:49:26.574691,2462977,0.0,5.4
2021-07-30 13:49:26.731798,2462915,0.0,0.0
2021-07-30 13:49:26.731798,2462977,0.0,5.4
2021-07-30 13:49:26.888892,2462915,0.0,0.0
2021-07-30 13:49:26.888892,2462977,0.0,5.4
2021-07-30 13:49:27.046211,2462915,0.0,0.0
2021-07-30 13:49:27.046211,2462977,0.0,5.4
2021-07-30 13:49:27.203939,2462915,0.0,0.0
2021-07-30 13:49:27.203939,2462977,0.0,5.4
2021-07-30 13:49:27.361144,2462915,0.0,0.0
2021-07-30 13:49:27.361144,2462977,0.0,5.4
2021-07-30 13:49:27.518588,2462915,0.0,0.0
2021-07-30 13:49:27.518588,2462977,0.0,5.4
2021-07-30 13:49:27.675936,2462915,0.0,0.0
2021-07-30 13:49:27.675936,2462977,0.0,5.4
2021-07-30 13:49:27.833378,2462915,0.0,0.0
2021-07-30 13:49:27.833378,2462977,0.0,5.4
2021-07-30 13:49:27.990601,2462915,0.0,0.0
2021-07-30 13:49:27.990601,2462977,0.0,5.4
2021-07-30 13:49:28.147871,2462915,0.0,0.0
2021-07-30 13:49:28.147871,2462977,0.0,5.4
2021-07-30 13:49:28.305126,2462915,0.0,0.0
2021-07-30 13:49:28.305126,2462977,0.0,5.4
2021-07-30 13:49:28.462349,2462915,0.0,0.0
2021-07-30 13:49:28.462349,2462977,0.0,5.4
2021-07-30 13:49:28.619659,2462915,0.0,0.0
2021-07-30 13:49:28.619659,2462977,0.0,5.4
2021-07-30 13:49:28.776913,2462915,0.0,0.0
2021-07-30 13:49:28.776913,2462977,0.0,5.4
2021-07-30 13:49:28.933805,2462915,0.0,0.0
2021-07-30 13:49:28.933805,2462977,0.0,5.4
2021-07-30 13:49:29.090993,2462915,0.0,0.0
2021-07-30 13:49:29.090993,2462977,0.0,5.4
2021-07-30 13:49:29.248287,2462915,0.0,0.0
2021-07-30 13:49:29.248287,2462977,0.0,5.4
2021-07-30 13:49:29.405551,2462915,0.0,0.0
2021-07-30 13:49:29.405551,2462977,0.0,5.4
2021-07-30 13:49:29.562765,2462915,0.0,0.0
2021-07-30 13:49:29.562765,2462977,0.0,5.4
2021-07-30 13:49:29.720086,2462915,0.0,0.0
2021-07-30 13:49:29.720086,2462977,0.0,5.4
2021-07-30 13:49:29.877380,2462915,0.0,0.0
2021-07-30 13:49:29.877380,2462977,0.0,5.4
2021-07-30 13:49:30.034623,2462915,0.0,0.0
2021-07-30 13:49:30.034623,2462977,0.0,5.4
2021-07-30 13:49:30.191930,2462915,0.0,0.0
2021-07-30 13:49:30.191930,2462977,0.0,5.4
2021-07-30 13:49:30.349189,2462915,0.0,0.0
2021-07-30 13:49:30.349189,2462977,0.0,5.4
2021-07-30 13:49:30.506696,2462915,0.0,0.0
2021-07-30 13:49:30.506696,2462977,0.0,5.4
2021-07-30 13:49:30.663962,2462915,0.0,0.0
2021-07-30 13:49:30.663962,2462977,0.0,5.4
2021-07-30 13:49:30.821227,2462915,0.0,0.0
2021-07-30 13:49:30.821227,2462977,0.0,5.4
2021-07-30 13:49:30.978394,2462915,0.0,0.0
2021-07-30 13:49:30.978394,2462977,0.0,5.4
2021-07-30 13:49:31.135703,2462915,0.0,0.0
2021-07-30 13:49:31.135703,2462977,0.0,5.4
2021-07-30 13:49:31.292925,2462915,0.0,0.0
2021-07-30 13:49:31.292925,2462977,0.0,5.4
2021-07-30 13:49:31.450157,2462915,0.0,0.0
2021-07-30 13:49:31.450157,2462977,0.0,5.4
2021-07-30 13:49:31.607326,2462915,0.0,0.0
2021-07-30 13:49:31.607326,2462977,0.0,5.4
2021-07-30 13:49:31.764505,2462915,0.0,0.0
2021-07-30 13:49:31.764505,2462977,0.0,5.4
2021-07-30 13:49:31.921690,2462915,0.0,0.0
2021-07-30 13:49:31.921690,2462977,0.0,5.4
2021-07-30 13:49:32.078962,2462915,0.0,0.0
2021-07-30 13:49:32.078962,2462977,0.0,5.4
2021-07-30 13:49:32.236210,2462915,0.0,0.0
2021-07-30 13:49:32.236210,2462977,0.0,5.4
2021-07-30 13:49:32.393421,2462915,0.0,0.0
2021-07-30 13:49:32.393421,2462977,0.0,5.4
2021-07-30 13:49:32.550633,2462915,0.0,0.0
2021-07-30 13:49:32.550633,2462977,0.0,5.4
2021-07-30 13:49:32.707899,2462915,0.0,0.0
2021-07-30 13:49:32.707899,2462977,0.0,5.4
2021-07-30 13:49:32.865196,2462915,0.0,0.0
2021-07-30 13:49:32.865196,2462977,0.0,5.4
2021-07-30 13:49:33.022514,2462915,0.0,0.0
2021-07-30 13:49:33.022514,2462977,0.0,5.4
2021-07-30 13:49:33.179663,2462915,0.0,0.0
2021-07-30 13:49:33.179663,2462977,0.0,5.4
2021-07-30 13:49:33.336796,2462977,6.7,5.4
2021-07-30 13:49:33.336796,2462915,0.0,0.0
2021-07-30 13:49:33.494412,2462915,0.0,0.0
2021-07-30 13:49:33.494412,2462977,0.0,5.4
2021-07-30 13:49:33.652176,2462915,0.0,0.0
2021-07-30 13:49:33.652176,2462977,0.0,5.4
2021-07-30 13:49:33.809428,2462915,0.0,0.0
2021-07-30 13:49:33.809428,2462977,0.0,5.4
2021-07-30 13:49:33.966701,2462915,0.0,0.0
2021-07-30 13:49:33.966701,2462977,0.0,5.4
2021-07-30 13:49:34.123911,2462915,0.0,0.0
2021-07-30 13:49:34.123911,2462977,0.0,5.4
2021-07-30 13:49:34.281278,2462915,0.0,0.0
2021-07-30 13:49:34.281278,2462977,0.0,5.4
2021-07-30 13:49:34.438755,2462915,0.0,0.0
2021-07-30 13:49:34.438755,2462977,0.0,5.4
2021-07-30 13:49:34.595977,2462915,0.0,0.0
2021-07-30 13:49:34.595977,2462977,0.0,5.4
2021-07-30 13:49:34.753290,2462915,0.0,0.0
2021-07-30 13:49:34.753290,2462977,0.0,5.4
2021-07-30 13:49:34.910476,2462915,0.0,0.0
2021-07-30 13:49:34.910476,2462977,0.0,5.4
2021-07-30 13:49:35.067771,2462915,0.0,0.0
2021-07-30 13:49:35.067771,2462977,0.0,5.4
2021-07-30 13:49:35.225263,2462915,0.0,0.0
2021-07-30 13:49:35.225263,2462977,0.0,5.4
2021-07-30 13:49:35.382543,2462915,0.0,0.0
2021-07-30 13:49:35.382543,2462977,0.0,5.4
2021-07-30 13:49:35.539541,2462915,0.0,0.0
2021-07-30 13:49:35.539541,2462977,0.0,5.4
2021-07-30 13:49:35.696849,2462915,0.0,0.0
2021-07-30 13:49:35.696849,2462977,0.0,5.4
2021-07-30 13:49:35.854391,2462915,0.0,0.0
2021-07-30 13:49:35.854391,2462977,0.0,5.4
2021-07-30 13:49:36.011658,2462915,0.0,0.0
2021-07-30 13:49:36.011658,2462977,0.0,5.4
2021-07-30 13:49:36.168914,2462915,0.0,0.0
2021-07-30 13:49:36.168914,2462977,0.0,5.4
2021-07-30 13:49:36.326338,2462915,0.0,0.0
2021-07-30 13:49:36.326338,2462977,0.0,5.4
2021-07-30 13:49:36.483791,2462915,0.0,0.0
2021-07-30 13:49:36.483791,2462977,0.0,5.4
2021-07-30 13:49:36.641066,2462915,0.0,0.0
2021-07-30 13:49:36.641066,2462977,0.0,5.4
2021-07-30 13:49:36.798532,2462915,0.0,0.0
2021-07-30 13:49:36.798532,2462977,0.0,5.4
2021-07-30 13:49:36.956346,2462915,0.0,0.0
2021-07-30 13:49:36.956346,2462977,0.0,5.4
2021-07-30 13:49:37.113719,2462915,0.0,0.0
2021-07-30 13:49:37.113719,2462977,0.0,5.4
2021-07-30 13:49:37.270987,2462915,0.0,0.0
2021-07-30 13:49:37.270987,2462977,0.0,5.4
2021-07-30 13:49:37.428250,2462915,0.0,0.0
2021-07-30 13:49:37.428250,2462977,0.0,5.4
2021-07-30 13:49:37.585571,2462915,0.0,0.0
2021-07-30 13:49:37.585571,2462977,0.0,5.4
2021-07-30 13:49:37.742890,2462915,0.0,0.0
2021-07-30 13:49:37.742890,2462977,0.0,5.4
2021-07-30 13:49:37.900147,2462915,0.0,0.0
2021-07-30 13:49:37.900147,2462977,0.0,5.4
2021-07-30 13:49:38.057252,2462915,0.0,0.0
2021-07-30 13:49:38.057252,2462977,0.0,5.4
2021-07-30 13:49:38.214553,2462915,0.0,0.0
2021-07-30 13:49:38.214553,2462977,0.0,5.4
2021-07-30 13:49:38.371811,2462915,0.0,0.0
2021-07-30 13:49:38.371811,2462977,0.0,5.4
2021-07-30 13:49:38.528994,2462915,0.0,0.0
2021-07-30 13:49:38.528994,2462977,0.0,5.4
2021-07-30 13:49:38.686341,2462915,0.0,0.0
2021-07-30 13:49:38.686341,2462977,0.0,5.4
2021-07-30 13:49:38.843622,2462915,0.0,0.0
2021-07-30 13:49:38.843622,2462977,0.0,5.4
2021-07-30 13:49:39.000888,2462915,0.0,0.0
2021-07-30 13:49:39.000888,2462977,0.0,5.4
2021-07-30 13:49:39.158360,2462915,0.0,0.0
2021-07-30 13:49:39.158360,2462977,0.0,5.4
2021-07-30 13:49:39.315623,2462977,6.7,5.4
2021-07-30 13:49:39.315623,2462915,0.0,0.0
2021-07-30 13:49:39.472836,2462915,0.0,0.0
2021-07-30 13:49:39.472836,2462977,0.0,5.4
2021-07-30 13:49:39.629821,2462915,0.0,0.0
2021-07-30 13:49:39.629821,2462977,0.0,5.4
2021-07-30 13:49:39.787064,2462915,0.0,0.0
2021-07-30 13:49:39.787064,2462977,0.0,5.4
2021-07-30 13:49:39.944249,2462915,0.0,0.0
2021-07-30 13:49:39.944249,2462977,0.0,5.4
2021-07-30 13:49:40.101551,2462915,0.0,0.0
2021-07-30 13:49:40.101551,2462977,0.0,5.4
2021-07-30 13:49:40.259391,2462915,0.0,0.0
2021-07-30 13:49:40.259391,2462977,0.0,5.4
2021-07-30 13:49:40.416998,2462915,0.0,0.0
2021-07-30 13:49:40.416998,2462977,0.0,5.4
2021-07-30 13:49:40.573890,2462915,0.0,0.0
2021-07-30 13:49:40.573890,2462977,0.0,5.4
2021-07-30 13:49:40.731029,2462915,0.0,0.0
2021-07-30 13:49:40.731029,2462977,0.0,5.4
2021-07-30 13:49:40.887639,2462915,0.0,0.0
2021-07-30 13:49:40.887639,2462977,0.0,5.4
2021-07-30 13:49:41.045019,2462915,0.0,0.0
2021-07-30 13:49:41.045019,2462977,0.0,5.4
2021-07-30 13:49:41.201555,2462915,0.0,0.0
2021-07-30 13:49:41.201555,2462977,0.0,5.4
2021-07-30 13:49:41.358786,2462915,0.0,0.0
2021-07-30 13:49:41.358786,2462977,0.0,5.4
2021-07-30 13:49:41.515957,2462915,0.0,0.0
2021-07-30 13:49:41.515957,2462977,0.0,5.4
2021-07-30 13:49:41.673171,2462915,0.0,0.0
2021-07-30 13:49:41.673171,2462977,0.0,5.4
2021-07-30 13:49:41.831427,2462915,0.0,0.0
2021-07-30 13:49:41.831427,2462977,0.0,5.4
2021-07-30 13:49:41.989285,2462915,0.0,0.0
2021-07-30 13:49:41.989285,2462977,0.0,5.4
2021-07-30 13:49:42.146155,2462915,0.0,0.0
2021-07-30 13:49:42.146155,2462977,0.0,5.4
2021-07-30 13:49:42.305571,2462915,0.0,0.0
2021-07-30 13:49:42.305571,2462977,0.0,5.4
2021-07-30 13:49:42.463273,2462915,0.0,0.0
2021-07-30 13:49:42.463273,2462977,0.0,5.4
2021-07-30 13:49:42.620591,2462915,0.0,0.0
2021-07-30 13:49:42.620591,2462977,0.0,5.4
2021-07-30 13:49:42.778325,2462915,0.0,0.0
2021-07-30 13:49:42.778325,2462977,0.0,5.4
2021-07-30 13:49:42.935425,2462915,0.0,0.0
2021-07-30 13:49:42.935425,2462977,0.0,5.4
2021-07-30 13:49:43.092739,2462915,0.0,0.0
2021-07-30 13:49:43.092739,2462977,0.0,5.4
2021-07-30 13:49:43.249300,2462915,0.0,0.0
2021-07-30 13:49:43.249300,2462977,0.0,5.4
2021-07-30 13:49:43.406088,2462915,0.0,0.0
2021-07-30 13:49:43.406088,2462977,0.0,5.4
2021-07-30 13:49:43.562520,2462915,0.0,0.0
2021-07-30 13:49:43.562520,2462977,0.0,5.4
2021-07-30 13:49:43.718738,2462915,0.0,0.0
2021-07-30 13:49:43.718738,2462977,0.0,5.4
2021-07-30 13:49:43.875883,2462915,0.0,0.0
2021-07-30 13:49:43.875883,2462977,0.0,5.4
2021-07-30 13:49:44.033289,2462915,0.0,0.0
2021-07-30 13:49:44.033289,2462977,0.0,5.4
2021-07-30 13:49:44.190689,2462915,0.0,0.0
2021-07-30 13:49:44.190689,2462977,0.0,5.4
2021-07-30 13:49:44.348006,2462915,0.0,0.0
2021-07-30 13:49:44.348006,2462977,0.0,5.4
2021-07-30 13:49:44.505507,2462915,0.0,0.0
2021-07-30 13:49:44.505507,2462977,0.0,5.4
2021-07-30 13:49:44.666587,2462915,0.0,0.0
2021-07-30 13:49:44.666587,2462977,0.0,5.4
2021-07-30 13:49:44.824402,2462915,0.0,0.0
2021-07-30 13:49:44.824402,2462977,0.0,5.4
2021-07-30 13:49:44.981835,2462915,0.0,0.0
2021-07-30 13:49:44.981835,2462977,0.0,5.4
2021-07-30 13:49:45.138918,2462915,0.0,0.0
2021-07-30 13:49:45.138918,2462977,0.0,5.4
2021-07-30 13:49:45.296064,2462915,0.0,0.0
2021-07-30 13:49:45.296064,2462977,0.0,5.4
2021-07-30 13:49:45.453089,2462915,0.0,0.0
2021-07-30 13:49:45.453089,2462977,0.0,5.4
2021-07-30 13:49:45.609954,2462915,0.0,0.0
2021-07-30 13:49:45.609954,2462977,0.0,5.4
2021-07-30 13:49:45.766791,2462915,0.0,0.0
2021-07-30 13:49:45.766791,2462977,0.0,5.4
2021-07-30 13:49:45.924145,2462915,0.0,0.0
2021-07-30 13:49:45.924145,2462977,0.0,5.4
2021-07-30 13:49:46.081808,2462915,0.0,0.0
2021-07-30 13:49:46.081808,2462977,0.0,5.4
2021-07-30 13:49:46.238377,2462915,0.0,0.0
2021-07-30 13:49:46.238377,2462977,0.0,5.4
2021-07-30 13:49:46.395925,2462915,0.0,0.0
2021-07-30 13:49:46.395925,2462977,0.0,5.4
2021-07-30 13:49:46.553111,2462915,0.0,0.0
2021-07-30 13:49:46.553111,2462977,0.0,5.4
2021-07-30 13:49:46.710329,2462915,0.0,0.0
2021-07-30 13:49:46.710329,2462977,0.0,5.4
2021-07-30 13:49:46.871408,2462915,0.0,0.0
2021-07-30 13:49:46.871408,2462977,0.0,5.4
2021-07-30 13:49:47.028183,2462915,0.0,0.0
2021-07-30 13:49:47.028183,2462977,0.0,5.4
2021-07-30 13:49:47.185314,2462915,0.0,0.0
2021-07-30 13:49:47.185314,2462977,0.0,5.4
2021-07-30 13:49:47.341839,2462915,0.0,0.0
2021-07-30 13:49:47.341839,2462977,0.0,5.4
2021-07-30 13:49:47.498666,2462915,0.0,0.0
2021-07-30 13:49:47.498666,2462977,0.0,5.4
2021-07-30 13:49:47.655792,2462915,0.0,0.0
2021-07-30 13:49:47.655792,2462977,0.0,5.4
2021-07-30 13:49:47.813554,2462915,0.0,0.0
2021-07-30 13:49:47.813554,2462977,0.0,5.4
2021-07-30 13:49:47.971023,2462915,0.0,0.0
2021-07-30 13:49:47.971023,2462977,0.0,5.4
2021-07-30 13:49:48.128217,2462915,0.0,0.0
2021-07-30 13:49:48.128217,2462977,0.0,5.4
2021-07-30 13:49:48.285314,2462915,0.0,0.0
2021-07-30 13:49:48.285314,2462977,0.0,5.4
2021-07-30 13:49:48.443040,2462915,0.0,0.0
2021-07-30 13:49:48.443040,2462977,0.0,5.4
2021-07-30 13:49:48.600307,2462915,0.0,0.0
2021-07-30 13:49:48.600307,2462977,0.0,5.4
2021-07-30 13:49:48.757616,2462915,0.0,0.0
2021-07-30 13:49:48.757616,2462977,0.0,5.4
2021-07-30 13:49:48.914794,2462915,0.0,0.0
2021-07-30 13:49:48.914794,2462977,0.0,5.4
2021-07-30 13:49:49.072006,2462915,0.0,0.0
2021-07-30 13:49:49.072006,2462977,0.0,5.4
2021-07-30 13:49:49.229489,2462915,0.0,0.0
2021-07-30 13:49:49.229489,2462977,0.0,5.4
2021-07-30 13:49:49.386723,2462915,0.0,0.0
2021-07-30 13:49:49.386723,2462977,0.0,5.4
2021-07-30 13:49:49.544030,2462915,0.0,0.0
2021-07-30 13:49:49.544030,2462977,0.0,5.4
2021-07-30 13:49:49.701278,2462915,0.0,0.0
2021-07-30 13:49:49.701278,2462977,0.0,5.4
2021-07-30 13:49:49.858492,2462915,0.0,0.0
2021-07-30 13:49:49.858492,2462977,0.0,5.4
2021-07-30 13:49:50.015752,2462915,0.0,0.0
2021-07-30 13:49:50.015752,2462977,0.0,5.4
2021-07-30 13:49:50.173055,2462915,0.0,0.0
2021-07-30 13:49:50.173055,2462977,0.0,5.4
2021-07-30 13:49:50.330724,2462915,0.0,0.0
2021-07-30 13:49:50.330724,2462977,0.0,5.4
2021-07-30 13:49:50.488305,2462915,0.0,0.0
2021-07-30 13:49:50.488305,2462977,0.0,5.4
2021-07-30 13:49:50.645384,2462915,0.0,0.0
2021-07-30 13:49:50.645384,2462977,0.0,5.4
2021-07-30 13:49:50.802632,2462915,0.0,0.0
2021-07-30 13:49:50.802632,2462977,0.0,5.4
2021-07-30 13:49:50.959879,2462915,0.0,0.0
2021-07-30 13:49:50.959879,2462977,0.0,5.4
2021-07-30 13:49:51.117123,2462915,0.0,0.0
2021-07-30 13:49:51.117123,2462977,0.0,5.4
2021-07-30 13:49:51.274430,2462915,0.0,0.0
2021-07-30 13:49:51.274430,2462977,0.0,5.4
2021-07-30 13:49:51.431797,2462915,0.0,0.0
2021-07-30 13:49:51.431797,2462977,0.0,5.4
2021-07-30 13:49:51.589215,2462915,0.0,0.0
2021-07-30 13:49:51.589215,2462977,0.0,5.4
2021-07-30 13:49:51.746675,2462915,0.0,0.0
2021-07-30 13:49:51.746675,2462977,0.0,5.4
2021-07-30 13:49:51.903875,2462915,0.0,0.0
2021-07-30 13:49:51.903875,2462977,0.0,5.4
2021-07-30 13:49:52.061164,2462915,0.0,0.0
2021-07-30 13:49:52.061164,2462977,0.0,5.4
2021-07-30 13:49:52.218408,2462915,0.0,0.0
2021-07-30 13:49:52.218408,2462977,0.0,5.4
2021-07-30 13:49:52.375670,2462915,0.0,0.0
2021-07-30 13:49:52.375670,2462977,0.0,5.4
2021-07-30 13:49:52.532880,2462915,0.0,0.0
2021-07-30 13:49:52.532880,2462977,0.0,5.4
2021-07-30 13:49:52.690248,2462915,0.0,0.0
2021-07-30 13:49:52.690248,2462977,0.0,5.4
2021-07-30 13:49:52.847444,2462915,0.0,0.0
2021-07-30 13:49:52.847444,2462977,0.0,5.4
2021-07-30 13:49:53.004664,2462915,0.0,0.0
2021-07-30 13:49:53.004664,2462977,0.0,5.4
2021-07-30 13:49:53.162283,2462915,0.0,0.0
2021-07-30 13:49:53.162283,2462977,0.0,5.4
2021-07-30 13:49:53.319659,2462915,0.0,0.0
2021-07-30 13:49:53.319659,2462977,0.0,5.4
2021-07-30 13:49:53.476937,2462915,0.0,0.0
2021-07-30 13:49:53.476937,2462977,0.0,5.4
2021-07-30 13:49:53.634185,2462915,0.0,0.0
2021-07-30 13:49:53.634185,2462977,0.0,5.4
2021-07-30 13:49:53.791363,2462915,0.0,0.0
2021-07-30 13:49:53.791363,2462977,0.0,5.4
2021-07-30 13:49:53.948704,2462915,0.0,0.0
2021-07-30 13:49:53.948704,2462977,0.0,5.4
2021-07-30 13:49:54.105885,2462915,0.0,0.0
2021-07-30 13:49:54.105885,2462977,0.0,5.4
2021-07-30 13:49:54.263134,2462915,0.0,0.0
2021-07-30 13:49:54.263134,2462977,0.0,5.4
2021-07-30 13:49:54.420603,2462915,0.0,0.0
2021-07-30 13:49:54.420603,2462977,0.0,5.4
2021-07-30 13:49:54.578055,2462915,0.0,0.0
2021-07-30 13:49:54.578055,2462977,0.0,5.4
2021-07-30 13:49:54.735319,2462915,0.0,0.0
2021-07-30 13:49:54.735319,2462977,0.0,5.4
2021-07-30 13:49:54.892560,2462915,0.0,0.0
2021-07-30 13:49:54.892560,2462977,0.0,5.4
2021-07-30 13:49:55.049824,2462915,0.0,0.0
2021-07-30 13:49:55.049824,2462977,0.0,5.4
2021-07-30 13:49:55.207167,2462915,0.0,0.0
2021-07-30 13:49:55.207167,2462977,0.0,5.4
2021-07-30 13:49:55.364722,2462915,0.0,0.0
2021-07-30 13:49:55.364722,2462977,0.0,5.4
2021-07-30 13:49:55.521989,2462915,0.0,0.0
2021-07-30 13:49:55.521989,2462977,0.0,5.4
2021-07-30 13:49:55.679213,2462915,0.0,0.0
2021-07-30 13:49:55.679213,2462977,0.0,5.4
2021-07-30 13:49:55.836431,2462915,0.0,0.0
2021-07-30 13:49:55.836431,2462977,0.0,5.4
2021-07-30 13:49:55.993648,2462915,0.0,0.0
2021-07-30 13:49:55.993648,2462977,0.0,5.4
2021-07-30 13:49:56.150802,2462915,0.0,0.0
2021-07-30 13:49:56.150802,2462977,0.0,5.4
2021-07-30 13:49:56.307955,2462915,0.0,0.0
2021-07-30 13:49:56.307955,2462977,0.0,5.4
2021-07-30 13:49:56.465212,2462915,0.0,0.0
2021-07-30 13:49:56.465212,2462977,0.0,5.4
2021-07-30 13:49:56.622419,2462915,0.0,0.0
2021-07-30 13:49:56.622419,2462977,0.0,5.4
2021-07-30 13:49:56.779743,2462915,0.0,0.0
2021-07-30 13:49:56.779743,2462977,0.0,5.4
2021-07-30 13:49:56.937418,2462915,0.0,0.0
2021-07-30 13:49:56.937418,2462977,0.0,5.4
2021-07-30 13:49:57.095036,2462915,0.0,0.0
2021-07-30 13:49:57.095036,2462977,0.0,5.4
2021-07-30 13:49:57.252576,2462915,0.0,0.0
2021-07-30 13:49:57.252576,2462977,0.0,5.4
2021-07-30 13:49:57.410331,2462915,0.0,0.0
2021-07-30 13:49:57.410331,2462977,0.0,5.4
2021-07-30 13:49:57.567960,2462915,0.0,0.0
2021-07-30 13:49:57.567960,2462977,0.0,5.4
2021-07-30 13:49:57.725102,2462915,0.0,0.0
2021-07-30 13:49:57.725102,2462977,0.0,5.4
2021-07-30 13:49:57.882679,2462915,0.0,0.0
2021-07-30 13:49:57.882679,2462977,0.0,5.4
2021-07-30 13:49:58.039812,2462915,0.0,0.0
2021-07-30 13:49:58.039812,2462977,0.0,5.4
2021-07-30 13:49:58.197437,2462915,0.0,0.0
2021-07-30 13:49:58.197437,2462977,0.0,5.4
2021-07-30 13:49:58.355132,2462915,0.0,0.0
2021-07-30 13:49:58.355132,2462977,0.0,5.4
2021-07-30 13:49:58.512095,2462915,0.0,0.0
2021-07-30 13:49:58.512095,2462977,0.0,5.4
2021-07-30 13:49:58.669558,2462915,0.0,0.0
2021-07-30 13:49:58.669558,2462977,0.0,5.4
2021-07-30 13:49:58.827202,2462915,0.0,0.0
2021-07-30 13:49:58.827202,2462977,0.0,5.4
2021-07-30 13:49:58.985302,2462915,0.0,0.0
2021-07-30 13:49:58.985302,2462977,0.0,5.4
2021-07-30 13:49:59.142460,2462915,0.0,0.0
2021-07-30 13:49:59.142460,2462977,0.0,5.4
2021-07-30 13:49:59.299929,2462915,0.0,0.0
2021-07-30 13:49:59.299929,2462977,0.0,5.4
2021-07-30 13:49:59.457273,2462915,0.0,0.0
2021-07-30 13:49:59.457273,2462977,0.0,5.4
2021-07-30 13:49:59.614952,2462915,0.0,0.0
2021-07-30 13:49:59.614952,2462977,0.0,5.4
2021-07-30 13:49:59.772141,2462915,0.0,0.0
2021-07-30 13:49:59.772141,2462977,0.0,5.4
2021-07-30 13:49:59.928866,2462915,0.0,0.0
2021-07-30 13:49:59.928866,2462977,0.0,5.4
2021-07-30 13:50:00.086607,2462915,0.0,0.0
2021-07-30 13:50:00.086607,2462977,0.0,5.4
2021-07-30 13:50:00.244599,2462915,0.0,0.0
2021-07-30 13:50:00.244599,2462977,0.0,5.4
2021-07-30 13:50:00.402434,2462915,0.0,0.0
2021-07-30 13:50:00.402434,2462977,0.0,5.4
2021-07-30 13:50:00.560009,2462915,0.0,0.0
2021-07-30 13:50:00.560009,2462977,0.0,5.4
2021-07-30 13:50:00.717067,2462977,6.7,5.4
2021-07-30 13:50:00.717067,2462915,0.0,0.0
2021-07-30 13:50:00.874802,2462915,0.0,0.0
2021-07-30 13:50:00.874802,2462977,0.0,5.4
2021-07-30 13:50:01.032114,2462915,0.0,0.0
2021-07-30 13:50:01.032114,2462977,0.0,5.4
2021-07-30 13:50:01.189379,2462915,0.0,0.0
2021-07-30 13:50:01.189379,2462977,0.0,5.4
2021-07-30 13:50:01.346669,2462915,0.0,0.0
2021-07-30 13:50:01.346669,2462977,0.0,5.4
2021-07-30 13:50:01.504401,2462915,0.0,0.0
2021-07-30 13:50:01.504401,2462977,0.0,5.4
2021-07-30 13:50:01.661595,2462915,0.0,0.0
2021-07-30 13:50:01.661595,2462977,0.0,5.4
2021-07-30 13:50:01.818780,2462915,0.0,0.0
2021-07-30 13:50:01.818780,2462977,0.0,5.4
2021-07-30 13:50:01.975838,2462915,0.0,0.0
2021-07-30 13:50:01.975838,2462977,0.0,5.4
2021-07-30 13:50:02.133403,2462915,0.0,0.0
2021-07-30 13:50:02.133403,2462977,0.0,5.4
2021-07-30 13:50:02.291070,2462915,0.0,0.0
2021-07-30 13:50:02.291070,2462977,0.0,5.4
2021-07-30 13:50:02.448531,2462915,0.0,0.0
2021-07-30 13:50:02.448531,2462977,0.0,5.4
2021-07-30 13:50:02.605784,2462915,0.0,0.0
2021-07-30 13:50:02.605784,2462977,0.0,5.4
2021-07-30 13:50:02.762801,2462915,0.0,0.0
2021-07-30 13:50:02.762801,2462977,0.0,5.4
2021-07-30 13:50:02.919632,2462915,0.0,0.0
2021-07-30 13:50:02.919632,2462977,0.0,5.4
2021-07-30 13:50:03.076930,2462915,0.0,0.0
2021-07-30 13:50:03.076930,2462977,0.0,5.4
2021-07-30 13:50:03.234350,2462915,0.0,0.0
2021-07-30 13:50:03.234350,2462977,0.0,5.4
2021-07-30 13:50:03.391569,2462915,0.0,0.0
2021-07-30 13:50:03.391569,2462977,0.0,5.4
2021-07-30 13:50:03.548864,2462915,0.0,0.0
2021-07-30 13:50:03.548864,2462977,0.0,5.4
2021-07-30 13:50:03.706041,2462915,0.0,0.0
2021-07-30 13:50:03.706041,2462977,0.0,5.4
2021-07-30 13:50:03.863287,2462915,0.0,0.0
2021-07-30 13:50:03.863287,2462977,0.0,5.4
2021-07-30 13:50:04.020623,2462915,0.0,0.0
2021-07-30 13:50:04.020623,2462977,0.0,5.4
2021-07-30 13:50:04.178064,2462915,0.0,0.0
2021-07-30 13:50:04.178064,2462977,0.0,5.4
2021-07-30 13:50:04.335314,2462915,0.0,0.0
2021-07-30 13:50:04.335314,2462977,0.0,5.4
2021-07-30 13:50:04.492728,2462915,0.0,0.0
2021-07-30 13:50:04.492728,2462977,0.0,5.4
2021-07-30 13:50:04.649905,2462915,0.0,0.0
2021-07-30 13:50:04.649905,2462977,0.0,5.4
2021-07-30 13:50:04.807252,2462915,0.0,0.0
2021-07-30 13:50:04.807252,2462977,0.0,5.4
