timestamp,PID,CPU,RAM
2021-07-27 11:40:42.947253,2623051,173.3,1.1
2021-07-27 11:40:42.947253,2481891,6.7,3.9
2021-07-27 11:40:42.947253,2481830,0.0,0.0
2021-07-27 11:40:43.103855,2623051,120.0,1.2
2021-07-27 11:40:43.103855,2481830,0.0,0.0
2021-07-27 11:40:43.103855,2481891,0.0,3.9
2021-07-27 11:40:43.261259,2623051,153.3,1.3
2021-07-27 11:40:43.261259,2481830,0.0,0.0
2021-07-27 11:40:43.261259,2481891,0.0,3.9
2021-07-27 11:40:43.418013,2623051,166.7,1.4
2021-07-27 11:40:43.418013,2481830,0.0,0.0
2021-07-27 11:40:43.418013,2481891,0.0,3.9
2021-07-27 11:40:43.573910,2623051,168.8,1.5
2021-07-27 11:40:43.573910,2481830,0.0,0.0
2021-07-27 11:40:43.573910,2481891,0.0,3.9
2021-07-27 11:40:43.730890,2623051,173.3,1.5
2021-07-27 11:40:43.730890,2481830,0.0,0.0
2021-07-27 11:40:43.730890,2481891,0.0,3.9
2021-07-27 11:40:43.887091,2623051,260.0,1.6
2021-07-27 11:40:43.887091,2481830,0.0,0.0
2021-07-27 11:40:43.887091,2481891,0.0,3.9
2021-07-27 11:40:44.044594,2623051,253.3,1.6
2021-07-27 11:40:44.044594,2481830,0.0,0.0
2021-07-27 11:40:44.044594,2481891,0.0,3.9
2021-07-27 11:40:44.201557,2623051,240.0,1.7
2021-07-27 11:40:44.201557,2481830,0.0,0.0
2021-07-27 11:40:44.201557,2481891,0.0,3.9
2021-07-27 11:40:44.358259,2623051,266.7,1.9
2021-07-27 11:40:44.358259,2481830,0.0,0.0
2021-07-27 11:40:44.358259,2481891,0.0,3.9
2021-07-27 11:40:44.514043,2623051,206.7,1.9
2021-07-27 11:40:44.514043,2481830,0.0,0.0
2021-07-27 11:40:44.514043,2481891,0.0,3.9
2021-07-27 11:40:44.671846,2623051,233.3,2.0
2021-07-27 11:40:44.671846,2481830,0.0,0.0
2021-07-27 11:40:44.671846,2481891,0.0,3.9
2021-07-27 11:40:44.829110,2623051,180.0,2.2
2021-07-27 11:40:44.829110,2481830,0.0,0.0
2021-07-27 11:40:44.829110,2481891,0.0,3.9
2021-07-27 11:40:44.985623,2623051,213.3,2.4
2021-07-27 11:40:44.985623,2481830,0.0,0.0
2021-07-27 11:40:44.985623,2481891,0.0,3.9
2021-07-27 11:40:45.142328,2623051,126.7,2.4
2021-07-27 11:40:45.142328,2481830,0.0,0.0
2021-07-27 11:40:45.142328,2481891,0.0,3.9
2021-07-27 11:40:45.298903,2623051,153.3,2.4
2021-07-27 11:40:45.298903,2481830,0.0,0.0
2021-07-27 11:40:45.298903,2481891,0.0,3.9
2021-07-27 11:40:45.455934,2623051,280.0,2.5
2021-07-27 11:40:45.455934,2481830,0.0,0.0
2021-07-27 11:40:45.455934,2481891,0.0,3.9
2021-07-27 11:40:45.611837,2623051,260.0,2.7
2021-07-27 11:40:45.611837,2481830,0.0,0.0
2021-07-27 11:40:45.611837,2481891,0.0,3.9
2021-07-27 11:40:45.767541,2623051,326.7,2.8
2021-07-27 11:40:45.767541,2481830,0.0,0.0
2021-07-27 11:40:45.767541,2481891,0.0,3.9
2021-07-27 11:40:45.924858,2623051,306.7,2.9
2021-07-27 11:40:45.924858,2481830,0.0,0.0
2021-07-27 11:40:45.924858,2481891,0.0,3.9
2021-07-27 11:40:46.083914,2623051,237.5,2.9
2021-07-27 11:40:46.083914,2481830,0.0,0.0
2021-07-27 11:40:46.083914,2481891,0.0,3.9
2021-07-27 11:40:46.241026,2623051,313.3,2.9
2021-07-27 11:40:46.241026,2481830,0.0,0.0
2021-07-27 11:40:46.241026,2481891,0.0,3.9
2021-07-27 11:40:46.397015,2623051,233.3,3.2
2021-07-27 11:40:46.397015,2481830,0.0,0.0
2021-07-27 11:40:46.397015,2481891,0.0,3.9
2021-07-27 11:40:46.553952,2623051,281.2,3.5
2021-07-27 11:40:46.553952,2481830,0.0,0.0
2021-07-27 11:40:46.553952,2481891,0.0,3.9
2021-07-27 11:40:46.716715,2623051,306.7,3.6
2021-07-27 11:40:46.716715,2481830,0.0,0.0
2021-07-27 11:40:46.716715,2481891,0.0,3.9
2021-07-27 11:40:46.872197,2623051,160.0,3.8
2021-07-27 11:40:46.872197,2481830,0.0,0.0
2021-07-27 11:40:46.872197,2481891,0.0,3.9
2021-07-27 11:40:47.027870,2623051,126.7,3.8
2021-07-27 11:40:47.027870,2481830,0.0,0.0
2021-07-27 11:40:47.027870,2481891,0.0,3.9
2021-07-27 11:40:47.184246,2623051,120.0,3.9
2021-07-27 11:40:47.184246,2481830,0.0,0.0
2021-07-27 11:40:47.184246,2481891,0.0,3.9
2021-07-27 11:40:47.341880,2623051,166.7,3.8
2021-07-27 11:40:47.341880,2481830,0.0,0.0
2021-07-27 11:40:47.341880,2481891,0.0,3.9
2021-07-27 11:40:47.498784,2623051,120.0,3.8
2021-07-27 11:40:47.498784,2481830,0.0,0.0
2021-07-27 11:40:47.498784,2481891,0.0,3.9
2021-07-27 11:40:47.656250,2623051,173.3,4.0
2021-07-27 11:40:47.656250,2481830,0.0,0.0
2021-07-27 11:40:47.656250,2481891,0.0,3.9
2021-07-27 11:40:47.812981,2623051,260.0,4.0
2021-07-27 11:40:47.812981,2481830,0.0,0.0
2021-07-27 11:40:47.812981,2481891,0.0,3.9
2021-07-27 11:40:47.969688,2623051,126.7,4.0
2021-07-27 11:40:47.969688,2481830,0.0,0.0
2021-07-27 11:40:47.969688,2481891,0.0,3.9
2021-07-27 11:40:48.127503,2623051,206.7,4.1
2021-07-27 11:40:48.127503,2481830,0.0,0.0
2021-07-27 11:40:48.127503,2481891,0.0,3.9
2021-07-27 11:40:48.284459,2623051,166.7,4.1
2021-07-27 11:40:48.284459,2481830,0.0,0.0
2021-07-27 11:40:48.284459,2481891,0.0,3.9
2021-07-27 11:40:48.441746,2623051,200.0,4.1
2021-07-27 11:40:48.441746,2481830,0.0,0.0
2021-07-27 11:40:48.441746,2481891,0.0,3.9
2021-07-27 11:40:48.598652,2623051,140.0,4.1
2021-07-27 11:40:48.598652,2481830,0.0,0.0
2021-07-27 11:40:48.598652,2481891,0.0,3.9
2021-07-27 11:40:48.756077,2623051,160.0,4.2
2021-07-27 11:40:48.756077,2481830,0.0,0.0
2021-07-27 11:40:48.756077,2481891,0.0,3.9
2021-07-27 11:40:48.913370,2623051,200.0,4.2
2021-07-27 11:40:48.913370,2481830,0.0,0.0
2021-07-27 11:40:48.913370,2481891,0.0,3.9
2021-07-27 11:40:49.070855,2623051,206.7,4.3
2021-07-27 11:40:49.070855,2481830,0.0,0.0
2021-07-27 11:40:49.070855,2481891,0.0,3.9
2021-07-27 11:40:49.227595,2623051,186.7,4.5
2021-07-27 11:40:49.227595,2481830,0.0,0.0
2021-07-27 11:40:49.227595,2481891,0.0,3.9
2021-07-27 11:40:49.384358,2623051,220.0,4.8
2021-07-27 11:40:49.384358,2481830,0.0,0.0
2021-07-27 11:40:49.384358,2481891,0.0,3.9
2021-07-27 11:40:49.541512,2623051,233.3,4.8
2021-07-27 11:40:49.541512,2481830,0.0,0.0
2021-07-27 11:40:49.541512,2481891,0.0,3.9
2021-07-27 11:40:49.699082,2623051,240.0,4.8
2021-07-27 11:40:49.699082,2481830,0.0,0.0
2021-07-27 11:40:49.699082,2481891,0.0,3.9
2021-07-27 11:40:49.856519,2623051,340.0,4.8
2021-07-27 11:40:49.856519,2481830,0.0,0.0
2021-07-27 11:40:49.856519,2481891,0.0,3.9
2021-07-27 11:40:50.013471,2623051,200.0,4.9
2021-07-27 11:40:50.013471,2481830,0.0,0.0
2021-07-27 11:40:50.013471,2481891,0.0,3.9
2021-07-27 11:40:50.169701,2623051,366.7,4.9
2021-07-27 11:40:50.169701,2481830,0.0,0.0
2021-07-27 11:40:50.169701,2481891,0.0,3.9
2021-07-27 11:40:50.326640,2623051,306.7,5.1
2021-07-27 11:40:50.326640,2481830,0.0,0.0
2021-07-27 11:40:50.326640,2481891,0.0,3.9
2021-07-27 11:40:50.483532,2623051,312.5,5.1
2021-07-27 11:40:50.483532,2481830,0.0,0.0
2021-07-27 11:40:50.483532,2481891,0.0,3.9
2021-07-27 11:40:50.640503,2623051,333.3,5.1
2021-07-27 11:40:50.640503,2481830,0.0,0.0
2021-07-27 11:40:50.640503,2481891,0.0,3.9
2021-07-27 11:40:50.797078,2623051,306.7,5.1
2021-07-27 11:40:50.797078,2481830,0.0,0.0
2021-07-27 11:40:50.797078,2481891,0.0,3.9
2021-07-27 11:40:50.957266,2623051,180.0,5.1
2021-07-27 11:40:50.957266,2481830,0.0,0.0
2021-07-27 11:40:50.957266,2481891,0.0,3.9
2021-07-27 11:40:51.116122,2623051,200.0,5.2
2021-07-27 11:40:51.116122,2481830,0.0,0.0
2021-07-27 11:40:51.116122,2481891,0.0,3.9
2021-07-27 11:40:51.272512,2623051,146.7,5.2
2021-07-27 11:40:51.272512,2481830,0.0,0.0
2021-07-27 11:40:51.272512,2481891,0.0,3.9
2021-07-27 11:40:51.429241,2623051,220.0,5.2
2021-07-27 11:40:51.429241,2481830,0.0,0.0
2021-07-27 11:40:51.429241,2481891,0.0,3.9
2021-07-27 11:40:51.586709,2623051,313.3,5.4
2021-07-27 11:40:51.586709,2481830,0.0,0.0
2021-07-27 11:40:51.586709,2481891,0.0,3.9
2021-07-27 11:40:51.744218,2623051,313.3,5.5
2021-07-27 11:40:51.744218,2481830,0.0,0.0
2021-07-27 11:40:51.744218,2481891,0.0,3.9
2021-07-27 11:40:51.903104,2623051,326.7,5.6
2021-07-27 11:40:51.903104,2481830,0.0,0.0
2021-07-27 11:40:51.903104,2481891,0.0,3.9
2021-07-27 11:40:52.062705,2623051,326.7,5.5
2021-07-27 11:40:52.062705,2481830,0.0,0.0
2021-07-27 11:40:52.062705,2481891,0.0,3.9
2021-07-27 11:40:52.222020,2623051,306.7,5.5
2021-07-27 11:40:52.222020,2481830,0.0,0.0
2021-07-27 11:40:52.222020,2481891,0.0,3.9
2021-07-27 11:40:52.378619,2623051,360.0,5.5
2021-07-27 11:40:52.378619,2481830,0.0,0.0
2021-07-27 11:40:52.378619,2481891,0.0,3.9
2021-07-27 11:40:52.537433,2623051,266.7,5.6
2021-07-27 11:40:52.537433,2481830,0.0,0.0
2021-07-27 11:40:52.537433,2481891,0.0,3.9
2021-07-27 11:40:52.694079,2623051,293.3,6.0
2021-07-27 11:40:52.694079,2481830,0.0,0.0
2021-07-27 11:40:52.694079,2481891,0.0,3.9
2021-07-27 11:40:52.850562,2623051,306.7,6.0
2021-07-27 11:40:52.850562,2481830,0.0,0.0
2021-07-27 11:40:52.850562,2481891,0.0,3.9
2021-07-27 11:40:53.008704,2623051,80.0,6.0
2021-07-27 11:40:53.008704,2481830,0.0,0.0
2021-07-27 11:40:53.008704,2481891,0.0,3.9
2021-07-27 11:40:53.165859,2623051,53.3,6.0
2021-07-27 11:40:53.165859,2481830,0.0,0.0
2021-07-27 11:40:53.165859,2481891,0.0,3.9
2021-07-27 11:40:53.322636,2623051,6.7,6.0
2021-07-27 11:40:53.322636,2481830,0.0,0.0
2021-07-27 11:40:53.322636,2481891,0.0,3.9
2021-07-27 11:40:53.480135,2481891,6.7,3.9
2021-07-27 11:40:53.480135,2481830,0.0,0.0
2021-07-27 11:40:53.480135,2623051,0.0,6.0
2021-07-27 11:40:53.637554,2623051,6.7,6.0
2021-07-27 11:40:53.637554,2481830,0.0,0.0
2021-07-27 11:40:53.637554,2481891,0.0,3.9
2021-07-27 11:40:53.795083,2481830,0.0,0.0
2021-07-27 11:40:53.795083,2481891,0.0,3.9
2021-07-27 11:40:53.795083,2623051,0.0,6.0
2021-07-27 11:40:53.952467,2481830,0.0,0.0
2021-07-27 11:40:53.952467,2481891,0.0,3.9
2021-07-27 11:40:53.952467,2623051,0.0,6.0
2021-07-27 11:40:54.109838,2481830,0.0,0.0
2021-07-27 11:40:54.109838,2481891,0.0,3.9
2021-07-27 11:40:54.109838,2623051,0.0,6.0
2021-07-27 11:40:54.267024,2481830,0.0,0.0
2021-07-27 11:40:54.267024,2481891,0.0,3.9
2021-07-27 11:40:54.267024,2623051,0.0,6.0
2021-07-27 11:40:54.424739,2481830,0.0,0.0
2021-07-27 11:40:54.424739,2481891,0.0,3.9
2021-07-27 11:40:54.424739,2623051,0.0,6.0
2021-07-27 11:40:54.581855,2481830,0.0,0.0
2021-07-27 11:40:54.581855,2481891,0.0,3.9
2021-07-27 11:40:54.581855,2623051,0.0,6.0
2021-07-27 11:40:54.739273,2481830,0.0,0.0
2021-07-27 11:40:54.739273,2481891,0.0,3.9
2021-07-27 11:40:54.739273,2623051,0.0,6.0
2021-07-27 11:40:54.896480,2481830,0.0,0.0
2021-07-27 11:40:54.896480,2481891,0.0,3.9
2021-07-27 11:40:54.896480,2623051,0.0,6.0
2021-07-27 11:40:55.053655,2481830,0.0,0.0
2021-07-27 11:40:55.053655,2481891,0.0,3.9
2021-07-27 11:40:55.053655,2623051,0.0,6.0
2021-07-27 11:40:55.210835,2481830,0.0,0.0
2021-07-27 11:40:55.210835,2481891,0.0,3.9
2021-07-27 11:40:55.210835,2623051,0.0,6.0
2021-07-27 11:40:55.368022,2481830,0.0,0.0
2021-07-27 11:40:55.368022,2481891,0.0,3.9
2021-07-27 11:40:55.368022,2623051,0.0,6.0
2021-07-27 11:40:55.525209,2481830,0.0,0.0
2021-07-27 11:40:55.525209,2481891,0.0,3.9
2021-07-27 11:40:55.525209,2623051,0.0,6.0
2021-07-27 11:40:55.682545,2623051,6.7,6.0
2021-07-27 11:40:55.682545,2481830,0.0,0.0
2021-07-27 11:40:55.682545,2481891,0.0,3.9
2021-07-27 11:40:55.840039,2481830,0.0,0.0
2021-07-27 11:40:55.840039,2481891,0.0,3.9
2021-07-27 11:40:55.840039,2623051,0.0,6.0
2021-07-27 11:40:55.997268,2481830,0.0,0.0
2021-07-27 11:40:55.997268,2481891,0.0,3.9
2021-07-27 11:40:55.997268,2623051,0.0,6.0
2021-07-27 11:40:56.154475,2481830,0.0,0.0
2021-07-27 11:40:56.154475,2481891,0.0,3.9
2021-07-27 11:40:56.154475,2623051,0.0,6.0
2021-07-27 11:40:56.311640,2481830,0.0,0.0
2021-07-27 11:40:56.311640,2481891,0.0,3.9
2021-07-27 11:40:56.311640,2623051,0.0,6.0
2021-07-27 11:40:56.469009,2481830,0.0,0.0
2021-07-27 11:40:56.469009,2481891,0.0,3.9
2021-07-27 11:40:56.469009,2623051,0.0,6.0
2021-07-27 11:40:56.626492,2623051,6.7,6.0
2021-07-27 11:40:56.626492,2481830,0.0,0.0
2021-07-27 11:40:56.626492,2481891,0.0,3.9
2021-07-27 11:40:56.784048,2481830,0.0,0.0
2021-07-27 11:40:56.784048,2481891,0.0,3.9
2021-07-27 11:40:56.784048,2623051,0.0,6.0
2021-07-27 11:40:56.941331,2481830,0.0,0.0
2021-07-27 11:40:56.941331,2481891,0.0,3.9
2021-07-27 11:40:56.941331,2623051,0.0,6.0
2021-07-27 11:40:57.098756,2481830,0.0,0.0
2021-07-27 11:40:57.098756,2481891,0.0,3.9
2021-07-27 11:40:57.098756,2623051,0.0,6.0
2021-07-27 11:40:57.256426,2481830,0.0,0.0
2021-07-27 11:40:57.256426,2481891,0.0,3.9
2021-07-27 11:40:57.256426,2623051,0.0,6.0
2021-07-27 11:40:57.413662,2481830,0.0,0.0
2021-07-27 11:40:57.413662,2481891,0.0,3.9
2021-07-27 11:40:57.413662,2623051,0.0,6.0
2021-07-27 11:40:57.571173,2623051,153.3,6.1
2021-07-27 11:40:57.571173,2481830,0.0,0.0
2021-07-27 11:40:57.571173,2481891,0.0,3.9
2021-07-27 11:40:57.729731,2623051,180.0,6.1
2021-07-27 11:40:57.729731,2481830,0.0,0.0
2021-07-27 11:40:57.729731,2481891,0.0,3.9
2021-07-27 11:40:57.886213,2481830,0.0,0.0
2021-07-27 11:40:57.886213,2481891,0.0,3.9
2021-07-27 11:40:57.886213,2623051,0.0,6.1
2021-07-27 11:40:58.043619,2481830,0.0,0.0
2021-07-27 11:40:58.043619,2481891,0.0,3.9
2021-07-27 11:40:58.043619,2623051,0.0,6.1
2021-07-27 11:40:58.200877,2481830,0.0,0.0
2021-07-27 11:40:58.200877,2481891,0.0,3.9
2021-07-27 11:40:58.200877,2623051,0.0,6.1
2021-07-27 11:40:58.358058,2481830,0.0,0.0
2021-07-27 11:40:58.358058,2481891,0.0,3.9
2021-07-27 11:40:58.358058,2623051,0.0,6.1
2021-07-27 11:40:58.515238,2481830,0.0,0.0
2021-07-27 11:40:58.515238,2481891,0.0,3.9
2021-07-27 11:40:58.515238,2623051,0.0,6.1
2021-07-27 11:40:58.672485,2481830,0.0,0.0
2021-07-27 11:40:58.672485,2481891,0.0,3.9
2021-07-27 11:40:58.672485,2623051,0.0,6.1
2021-07-27 11:40:58.829702,2481830,0.0,0.0
2021-07-27 11:40:58.829702,2481891,0.0,3.9
2021-07-27 11:40:58.829702,2623051,0.0,6.1
2021-07-27 11:40:58.986873,2481830,0.0,0.0
2021-07-27 11:40:58.986873,2481891,0.0,3.9
2021-07-27 11:40:58.986873,2623051,0.0,6.1
2021-07-27 11:40:59.144016,2481830,0.0,0.0
2021-07-27 11:40:59.144016,2481891,0.0,3.9
2021-07-27 11:40:59.144016,2623051,0.0,6.1
2021-07-27 11:40:59.301114,2481830,0.0,0.0
2021-07-27 11:40:59.301114,2481891,0.0,3.9
2021-07-27 11:40:59.301114,2623051,0.0,6.1
2021-07-27 11:40:59.458467,2481830,0.0,0.0
2021-07-27 11:40:59.458467,2481891,0.0,3.9
2021-07-27 11:40:59.458467,2623051,0.0,6.1
2021-07-27 11:40:59.615890,2623051,6.7,6.1
2021-07-27 11:40:59.615890,2481830,0.0,0.0
2021-07-27 11:40:59.615890,2481891,0.0,3.9
2021-07-27 11:40:59.773573,2481830,0.0,0.0
2021-07-27 11:40:59.773573,2481891,0.0,3.9
2021-07-27 11:40:59.773573,2623051,0.0,6.1
2021-07-27 11:40:59.931075,2623051,6.7,6.1
2021-07-27 11:40:59.931075,2481830,0.0,0.0
2021-07-27 11:40:59.931075,2481891,0.0,3.9
2021-07-27 11:41:00.088581,2481830,0.0,0.0
2021-07-27 11:41:00.088581,2481891,0.0,3.9
2021-07-27 11:41:00.088581,2623051,0.0,6.1
2021-07-27 11:41:00.246035,2481830,0.0,0.0
2021-07-27 11:41:00.246035,2481891,0.0,3.9
2021-07-27 11:41:00.246035,2623051,0.0,6.1
2021-07-27 11:41:00.403242,2481830,0.0,0.0
2021-07-27 11:41:00.403242,2481891,0.0,3.9
2021-07-27 11:41:00.403242,2623051,0.0,6.1
2021-07-27 11:41:00.560516,2481830,0.0,0.0
2021-07-27 11:41:00.560516,2481891,0.0,3.9
2021-07-27 11:41:00.560516,2623051,0.0,6.1
2021-07-27 11:41:00.717897,2481830,0.0,0.0
2021-07-27 11:41:00.717897,2481891,0.0,3.9
2021-07-27 11:41:00.717897,2623051,0.0,6.1
2021-07-27 11:41:00.875277,2481830,0.0,0.0
2021-07-27 11:41:00.875277,2481891,0.0,3.9
2021-07-27 11:41:00.875277,2623051,0.0,6.1
2021-07-27 11:41:01.032421,2481830,0.0,0.0
2021-07-27 11:41:01.032421,2481891,0.0,3.9
2021-07-27 11:41:01.032421,2623051,0.0,6.1
2021-07-27 11:41:01.189283,2481830,0.0,0.0
2021-07-27 11:41:01.189283,2481891,0.0,3.9
2021-07-27 11:41:01.189283,2623051,0.0,6.1
2021-07-27 11:41:01.346651,2481830,0.0,0.0
2021-07-27 11:41:01.346651,2481891,0.0,3.9
2021-07-27 11:41:01.346651,2623051,0.0,6.1
2021-07-27 11:41:01.503885,2481830,0.0,0.0
2021-07-27 11:41:01.503885,2481891,0.0,3.9
2021-07-27 11:41:01.503885,2623051,0.0,6.1
2021-07-27 11:41:01.661154,2623051,6.7,6.1
2021-07-27 11:41:01.661154,2481830,0.0,0.0
2021-07-27 11:41:01.661154,2481891,0.0,3.9
2021-07-27 11:41:01.818483,2481830,0.0,0.0
2021-07-27 11:41:01.818483,2481891,0.0,3.9
2021-07-27 11:41:01.818483,2623051,0.0,6.1
2021-07-27 11:41:01.975781,2481830,0.0,0.0
2021-07-27 11:41:01.975781,2481891,0.0,3.9
2021-07-27 11:41:01.975781,2623051,0.0,6.1
2021-07-27 11:41:02.133388,2481830,0.0,0.0
2021-07-27 11:41:02.133388,2481891,0.0,3.9
2021-07-27 11:41:02.133388,2623051,0.0,6.1
2021-07-27 11:41:02.290671,2481830,0.0,0.0
2021-07-27 11:41:02.290671,2481891,0.0,3.9
2021-07-27 11:41:02.290671,2623051,0.0,6.1
2021-07-27 11:41:02.447821,2481830,0.0,0.0
2021-07-27 11:41:02.447821,2481891,0.0,3.9
2021-07-27 11:41:02.447821,2623051,0.0,6.1
2021-07-27 11:41:02.605123,2623051,6.7,6.1
2021-07-27 11:41:02.605123,2481830,0.0,0.0
2021-07-27 11:41:02.605123,2481891,0.0,3.9
2021-07-27 11:41:02.762961,2481830,0.0,0.0
2021-07-27 11:41:02.762961,2481891,0.0,3.9
2021-07-27 11:41:02.762961,2623051,0.0,6.1
2021-07-27 11:41:02.920305,2481830,0.0,0.0
2021-07-27 11:41:02.920305,2481891,0.0,3.9
2021-07-27 11:41:02.920305,2623051,0.0,6.1
2021-07-27 11:41:03.077588,2481830,0.0,0.0
2021-07-27 11:41:03.077588,2481891,0.0,3.9
2021-07-27 11:41:03.077588,2623051,0.0,6.1
2021-07-27 11:41:03.234762,2481830,0.0,0.0
2021-07-27 11:41:03.234762,2481891,0.0,3.9
2021-07-27 11:41:03.234762,2623051,0.0,6.1
2021-07-27 11:41:03.391880,2481830,0.0,0.0
2021-07-27 11:41:03.391880,2481891,0.0,3.9
2021-07-27 11:41:03.391880,2623051,0.0,6.1
2021-07-27 11:41:03.549547,2623051,200.0,6.2
2021-07-27 11:41:03.549547,2481830,0.0,0.0
2021-07-27 11:41:03.549547,2481891,0.0,3.9
2021-07-27 11:41:03.706202,2623051,126.7,6.3
2021-07-27 11:41:03.706202,2481830,0.0,0.0
2021-07-27 11:41:03.706202,2481891,0.0,3.9
2021-07-27 11:41:03.863242,2623051,93.8,6.3
2021-07-27 11:41:03.863242,2481830,0.0,0.0
2021-07-27 11:41:03.863242,2481891,0.0,3.9
2021-07-27 11:41:04.019789,2623051,66.7,6.2
2021-07-27 11:41:04.019789,2481830,0.0,0.0
2021-07-27 11:41:04.019789,2481891,0.0,3.9
2021-07-27 11:41:04.176805,2481830,0.0,0.0
2021-07-27 11:41:04.176805,2481891,0.0,3.9
2021-07-27 11:41:04.176805,2623051,0.0,6.2
2021-07-27 11:41:04.334523,2481830,0.0,0.0
2021-07-27 11:41:04.334523,2481891,0.0,3.9
2021-07-27 11:41:04.334523,2623051,0.0,6.2
2021-07-27 11:41:04.491780,2481830,0.0,0.0
2021-07-27 11:41:04.491780,2481891,0.0,3.9
2021-07-27 11:41:04.491780,2623051,0.0,6.2
2021-07-27 11:41:04.649302,2623051,40.0,6.2
2021-07-27 11:41:04.649302,2481830,0.0,0.0
2021-07-27 11:41:04.649302,2481891,0.0,3.9
2021-07-27 11:41:04.806113,2623051,86.7,6.2
2021-07-27 11:41:04.806113,2481830,0.0,0.0
2021-07-27 11:41:04.806113,2481891,0.0,3.9
2021-07-27 11:41:04.962148,2623051,60.0,6.2
2021-07-27 11:41:04.962148,2481830,0.0,0.0
2021-07-27 11:41:04.962148,2481891,0.0,3.9
2021-07-27 11:41:05.119134,2623051,193.3,6.3
2021-07-27 11:41:05.119134,2481830,0.0,0.0
2021-07-27 11:41:05.119134,2481891,0.0,3.9
2021-07-27 11:41:05.275061,2623051,240.0,6.2
2021-07-27 11:41:05.275061,2481830,0.0,0.0
2021-07-27 11:41:05.275061,2481891,0.0,3.9
2021-07-27 11:41:05.431866,2623051,186.7,6.3
2021-07-27 11:41:05.431866,2481830,0.0,0.0
2021-07-27 11:41:05.431866,2481891,0.0,3.9
2021-07-27 11:41:05.591555,2623051,133.3,6.2
2021-07-27 11:41:05.591555,2481830,0.0,0.0
2021-07-27 11:41:05.591555,2481891,0.0,3.9
2021-07-27 11:41:05.749448,2623051,53.3,6.2
2021-07-27 11:41:05.749448,2481830,0.0,0.0
2021-07-27 11:41:05.749448,2481891,0.0,3.9
2021-07-27 11:41:05.906525,2623051,73.3,6.2
2021-07-27 11:41:05.906525,2481830,0.0,0.0
2021-07-27 11:41:05.906525,2481891,0.0,3.9
2021-07-27 11:41:06.063401,2623051,93.8,6.2
2021-07-27 11:41:06.063401,2481830,0.0,0.0
2021-07-27 11:41:06.063401,2481891,0.0,3.9
2021-07-27 11:41:06.220230,2481830,0.0,0.0
2021-07-27 11:41:06.220230,2481891,0.0,3.9
2021-07-27 11:41:06.220230,2623051,0.0,6.2
2021-07-27 11:41:06.377946,2623051,73.3,6.3
2021-07-27 11:41:06.377946,2481830,0.0,0.0
2021-07-27 11:41:06.377946,2481891,0.0,3.9
2021-07-27 11:41:06.534429,2623051,66.7,6.3
2021-07-27 11:41:06.534429,2481830,0.0,0.0
2021-07-27 11:41:06.534429,2481891,0.0,3.9
2021-07-27 11:41:06.692120,2623051,133.3,6.3
2021-07-27 11:41:06.692120,2481830,0.0,0.0
2021-07-27 11:41:06.692120,2481891,0.0,3.9
2021-07-27 11:41:06.849007,2623051,80.0,6.3
2021-07-27 11:41:06.849007,2481830,0.0,0.0
2021-07-27 11:41:06.849007,2481891,0.0,3.9
2021-07-27 11:41:07.005569,2623051,166.7,6.3
2021-07-27 11:41:07.005569,2481830,0.0,0.0
2021-07-27 11:41:07.005569,2481891,0.0,3.9
2021-07-27 11:41:07.161645,2623051,73.3,6.3
2021-07-27 11:41:07.161645,2481830,0.0,0.0
2021-07-27 11:41:07.161645,2481891,0.0,3.9
2021-07-27 11:41:07.317343,2623051,166.7,6.3
2021-07-27 11:41:07.317343,2481830,0.0,0.0
2021-07-27 11:41:07.317343,2481891,0.0,3.9
2021-07-27 11:41:07.473754,2623051,137.5,6.2
2021-07-27 11:41:07.473754,2481830,0.0,0.0
2021-07-27 11:41:07.473754,2481891,0.0,3.9
2021-07-27 11:41:07.631180,2623051,66.7,6.2
2021-07-27 11:41:07.631180,2481830,0.0,0.0
2021-07-27 11:41:07.631180,2481891,0.0,3.9
2021-07-27 11:41:07.788120,2481891,6.7,3.9
2021-07-27 11:41:07.788120,2481830,0.0,0.0
2021-07-27 11:41:07.944410,2481830,0.0,0.0
2021-07-27 11:41:07.944410,2481891,0.0,3.9
2021-07-27 11:41:08.101848,2481830,0.0,0.0
2021-07-27 11:41:08.101848,2481891,0.0,3.9
2021-07-27 11:41:08.258941,2481830,0.0,0.0
2021-07-27 11:41:08.258941,2481891,0.0,3.9
2021-07-27 11:41:08.416029,2481830,0.0,0.0
2021-07-27 11:41:08.416029,2481891,0.0,3.9
2021-07-27 11:41:08.573284,2481830,0.0,0.0
2021-07-27 11:41:08.573284,2481891,0.0,3.9
2021-07-27 11:41:08.730406,2481830,0.0,0.0
2021-07-27 11:41:08.730406,2481891,0.0,3.9
2021-07-27 11:41:08.887550,2481830,0.0,0.0
2021-07-27 11:41:08.887550,2481891,0.0,3.9
2021-07-27 11:41:09.044606,2481830,0.0,0.0
2021-07-27 11:41:09.044606,2481891,0.0,3.9
2021-07-27 11:41:09.201702,2481830,0.0,0.0
2021-07-27 11:41:09.201702,2481891,0.0,3.9
2021-07-27 11:41:09.358777,2481830,0.0,0.0
2021-07-27 11:41:09.358777,2481891,0.0,3.9
2021-07-27 11:41:09.516072,2481830,0.0,0.0
2021-07-27 11:41:09.516072,2481891,0.0,3.9
2021-07-27 11:41:09.673251,2481830,0.0,0.0
2021-07-27 11:41:09.673251,2481891,0.0,3.9
2021-07-27 11:41:09.830296,2481830,0.0,0.0
2021-07-27 11:41:09.830296,2481891,0.0,3.9
2021-07-27 11:41:09.987424,2481830,0.0,0.0
2021-07-27 11:41:09.987424,2481891,0.0,3.9
2021-07-27 11:41:10.143913,2481830,0.0,0.0
2021-07-27 11:41:10.143913,2481891,0.0,3.9
2021-07-27 11:41:10.301018,2481830,0.0,0.0
2021-07-27 11:41:10.301018,2481891,0.0,3.9
2021-07-27 11:41:10.458106,2481830,0.0,0.0
2021-07-27 11:41:10.458106,2481891,0.0,3.9
2021-07-27 11:41:10.615200,2481830,0.0,0.0
2021-07-27 11:41:10.615200,2481891,0.0,3.9
2021-07-27 11:41:10.772306,2481830,0.0,0.0
2021-07-27 11:41:10.772306,2481891,0.0,3.9
2021-07-27 11:41:10.929379,2481830,0.0,0.0
2021-07-27 11:41:10.929379,2481891,0.0,3.9
2021-07-27 11:41:11.086611,2481830,0.0,0.0
2021-07-27 11:41:11.086611,2481891,0.0,3.9
2021-07-27 11:41:11.243720,2481830,0.0,0.0
2021-07-27 11:41:11.243720,2481891,0.0,3.9
2021-07-27 11:41:11.400712,2481830,0.0,0.0
2021-07-27 11:41:11.400712,2481891,0.0,3.9
2021-07-27 11:41:11.557849,2481830,0.0,0.0
2021-07-27 11:41:11.557849,2481891,0.0,3.9
2021-07-27 11:41:11.715090,2481830,0.0,0.0
2021-07-27 11:41:11.715090,2481891,0.0,3.9
2021-07-27 11:41:11.872379,2481830,0.0,0.0
2021-07-27 11:41:11.872379,2481891,0.0,3.9
2021-07-27 11:41:12.029544,2481830,0.0,0.0
2021-07-27 11:41:12.029544,2481891,0.0,3.9
2021-07-27 11:41:12.186592,2481830,0.0,0.0
2021-07-27 11:41:12.186592,2481891,0.0,3.9
2021-07-27 11:41:12.343728,2481830,0.0,0.0
2021-07-27 11:41:12.343728,2481891,0.0,3.9
2021-07-27 11:41:12.500810,2481830,0.0,0.0
2021-07-27 11:41:12.500810,2481891,0.0,3.9
