timestamp,PID,CPU,RAM
2021-07-30 00:25:23.666853,2115851,0.0,0.0
2021-07-30 00:25:23.666853,2115914,0.0,3.8
2021-07-30 00:25:23.822339,2115851,0.0,0.0
2021-07-30 00:25:23.822339,2115914,0.0,3.8
2021-07-30 00:25:23.977888,2115851,0.0,0.0
2021-07-30 00:25:23.977888,2115914,0.0,3.8
2021-07-30 00:25:24.133356,2115851,0.0,0.0
2021-07-30 00:25:24.133356,2115914,0.0,3.8
2021-07-30 00:25:24.288842,2115851,0.0,0.0
2021-07-30 00:25:24.288842,2115914,0.0,3.8
2021-07-30 00:25:24.444365,2115851,0.0,0.0
2021-07-30 00:25:24.444365,2115914,0.0,3.8
2021-07-30 00:25:24.600112,2115851,0.0,0.0
2021-07-30 00:25:24.600112,2115914,0.0,3.8
2021-07-30 00:25:24.755643,2115851,0.0,0.0
2021-07-30 00:25:24.755643,2115914,0.0,3.8
2021-07-30 00:25:24.911090,2115851,0.0,0.0
2021-07-30 00:25:24.911090,2115914,0.0,3.8
2021-07-30 00:25:25.066551,2115851,0.0,0.0
2021-07-30 00:25:25.066551,2115914,0.0,3.8
2021-07-30 00:25:25.222109,2115851,0.0,0.0
2021-07-30 00:25:25.222109,2115914,0.0,3.8
2021-07-30 00:25:25.377847,2115851,0.0,0.0
2021-07-30 00:25:25.377847,2115914,0.0,3.8
2021-07-30 00:25:25.533360,2115851,0.0,0.0
2021-07-30 00:25:25.533360,2115914,0.0,3.8
2021-07-30 00:25:25.688835,2115851,0.0,0.0
2021-07-30 00:25:25.688835,2115914,0.0,3.8
2021-07-30 00:25:25.844518,2115851,0.0,0.0
2021-07-30 00:25:25.844518,2115914,0.0,3.8
2021-07-30 00:25:25.999984,2115851,0.0,0.0
2021-07-30 00:25:25.999984,2115914,0.0,3.8
2021-07-30 00:25:26.155446,2115851,0.0,0.0
2021-07-30 00:25:26.155446,2115914,0.0,3.8
2021-07-30 00:25:26.310986,2115851,0.0,0.0
2021-07-30 00:25:26.310986,2115914,0.0,3.8
2021-07-30 00:25:26.467335,2115914,13.3,3.9
2021-07-30 00:25:26.467335,2115851,0.0,0.0
2021-07-30 00:25:26.623823,2115851,0.0,0.0
2021-07-30 00:25:26.623823,2115914,0.0,3.9
2021-07-30 00:25:26.780272,2115851,0.0,0.0
2021-07-30 00:25:26.780272,2115914,0.0,3.9
2021-07-30 00:25:26.936014,2115851,0.0,0.0
2021-07-30 00:25:26.936014,2115914,0.0,3.9
2021-07-30 00:25:27.091640,2115851,0.0,0.0
2021-07-30 00:25:27.091640,2115914,0.0,3.9
2021-07-30 00:25:27.247106,2115851,0.0,0.0
2021-07-30 00:25:27.247106,2115914,0.0,3.9
2021-07-30 00:25:27.403239,2115851,0.0,0.0
2021-07-30 00:25:27.403239,2115914,0.0,3.9
2021-07-30 00:25:27.558990,2115851,0.0,0.0
2021-07-30 00:25:27.558990,2115914,0.0,3.9
2021-07-30 00:25:27.714585,2115851,0.0,0.0
2021-07-30 00:25:27.714585,2115914,0.0,3.9
2021-07-30 00:25:27.871325,2115851,0.0,0.0
2021-07-30 00:25:27.871325,2115914,0.0,3.9
2021-07-30 00:25:28.027210,2115851,0.0,0.0
2021-07-30 00:25:28.027210,2115914,0.0,3.9
2021-07-30 00:25:28.184454,2115851,0.0,0.0
2021-07-30 00:25:28.184454,2115914,0.0,3.9
2021-07-30 00:25:28.342648,2115851,0.0,0.0
2021-07-30 00:25:28.342648,2115914,0.0,3.9
2021-07-30 00:25:28.500111,2115851,0.0,0.0
2021-07-30 00:25:28.500111,2115914,0.0,3.9
2021-07-30 00:25:28.656793,2115851,0.0,0.0
2021-07-30 00:25:28.656793,2115914,0.0,3.9
2021-07-30 00:25:28.812981,2115851,0.0,0.0
2021-07-30 00:25:28.812981,2115914,0.0,3.9
2021-07-30 00:25:28.969238,2115851,0.0,0.0
2021-07-30 00:25:28.969238,2115914,0.0,3.9
2021-07-30 00:25:29.125067,2115851,0.0,0.0
2021-07-30 00:25:29.125067,2115914,0.0,3.9
2021-07-30 00:25:29.281838,2115851,0.0,0.0
2021-07-30 00:25:29.281838,2115914,0.0,3.9
2021-07-30 00:25:29.438564,2115851,0.0,0.0
2021-07-30 00:25:29.438564,2115914,0.0,3.9
2021-07-30 00:25:29.597822,2115851,0.0,0.0
2021-07-30 00:25:29.597822,2115914,0.0,3.9
2021-07-30 00:25:29.753958,2115851,0.0,0.0
2021-07-30 00:25:29.753958,2115914,0.0,3.9
2021-07-30 00:25:29.909968,2115851,0.0,0.0
2021-07-30 00:25:29.909968,2115914,0.0,3.9
2021-07-30 00:25:30.065716,2115851,0.0,0.0
2021-07-30 00:25:30.065716,2115914,0.0,3.9
2021-07-30 00:25:30.221623,2115851,0.0,0.0
2021-07-30 00:25:30.221623,2115914,0.0,3.9
2021-07-30 00:25:30.377466,2115851,0.0,0.0
2021-07-30 00:25:30.377466,2115914,0.0,3.9
2021-07-30 00:25:30.533237,2115851,0.0,0.0
2021-07-30 00:25:30.533237,2115914,0.0,3.9
2021-07-30 00:25:30.688918,2115851,0.0,0.0
2021-07-30 00:25:30.688918,2115914,0.0,3.9
2021-07-30 00:25:30.844512,2115851,0.0,0.0
2021-07-30 00:25:30.844512,2115914,0.0,3.9
2021-07-30 00:25:31.000240,2115851,0.0,0.0
2021-07-30 00:25:31.000240,2115914,0.0,3.9
2021-07-30 00:25:31.155805,2115851,0.0,0.0
2021-07-30 00:25:31.155805,2115914,0.0,3.9
2021-07-30 00:25:31.311597,2115851,0.0,0.0
2021-07-30 00:25:31.311597,2115914,0.0,3.9
2021-07-30 00:25:31.467376,2115851,0.0,0.0
2021-07-30 00:25:31.467376,2115914,0.0,3.9
2021-07-30 00:25:31.623023,2115851,0.0,0.0
2021-07-30 00:25:31.623023,2115914,0.0,3.9
2021-07-30 00:25:31.778629,2115851,0.0,0.0
2021-07-30 00:25:31.778629,2115914,0.0,3.9
2021-07-30 00:25:31.934172,2115851,0.0,0.0
2021-07-30 00:25:31.934172,2115914,0.0,3.9
2021-07-30 00:25:32.090043,2115851,0.0,0.0
2021-07-30 00:25:32.090043,2115914,0.0,3.9
2021-07-30 00:25:32.245910,2115851,0.0,0.0
2021-07-30 00:25:32.245910,2115914,0.0,3.9
2021-07-30 00:25:32.401710,2115851,0.0,0.0
2021-07-30 00:25:32.401710,2115914,0.0,3.9
2021-07-30 00:25:32.557511,2115851,0.0,0.0
2021-07-30 00:25:32.557511,2115914,0.0,3.9
2021-07-30 00:25:32.713309,2115851,0.0,0.0
2021-07-30 00:25:32.713309,2115914,0.0,3.9
2021-07-30 00:25:32.869127,2115851,0.0,0.0
2021-07-30 00:25:32.869127,2115914,0.0,3.9
2021-07-30 00:25:33.024929,2115851,0.0,0.0
2021-07-30 00:25:33.024929,2115914,0.0,3.9
2021-07-30 00:25:33.180765,2115851,0.0,0.0
2021-07-30 00:25:33.180765,2115914,0.0,3.9
2021-07-30 00:25:33.336609,2115851,0.0,0.0
2021-07-30 00:25:33.336609,2115914,0.0,3.9
2021-07-30 00:25:33.492533,2115851,0.0,0.0
2021-07-30 00:25:33.492533,2115914,0.0,3.9
2021-07-30 00:25:33.648515,2115851,0.0,0.0
2021-07-30 00:25:33.648515,2115914,0.0,3.9
2021-07-30 00:25:33.804533,2115851,0.0,0.0
2021-07-30 00:25:33.804533,2115914,0.0,3.9
2021-07-30 00:25:33.960916,2115851,0.0,0.0
2021-07-30 00:25:33.960916,2115914,0.0,3.9
2021-07-30 00:25:34.117972,2115851,0.0,0.0
2021-07-30 00:25:34.117972,2115914,0.0,3.9
2021-07-30 00:25:34.279020,2115851,0.0,0.0
2021-07-30 00:25:34.279020,2115914,0.0,3.9
2021-07-30 00:25:34.438151,2115851,0.0,0.0
2021-07-30 00:25:34.438151,2115914,0.0,3.9
2021-07-30 00:25:34.595607,2115851,0.0,0.0
2021-07-30 00:25:34.595607,2115914,0.0,3.9
2021-07-30 00:25:34.754585,2115851,0.0,0.0
2021-07-30 00:25:34.754585,2115914,0.0,3.9
2021-07-30 00:25:34.911384,2115851,0.0,0.0
2021-07-30 00:25:34.911384,2115914,0.0,3.9
2021-07-30 00:25:35.067114,2115851,0.0,0.0
2021-07-30 00:25:35.067114,2115914,0.0,3.9
2021-07-30 00:25:35.222560,2115851,0.0,0.0
2021-07-30 00:25:35.222560,2115914,0.0,3.9
2021-07-30 00:25:35.378301,2115851,0.0,0.0
2021-07-30 00:25:35.378301,2115914,0.0,3.9
2021-07-30 00:25:35.535337,2115851,0.0,0.0
2021-07-30 00:25:35.535337,2115914,0.0,3.9
2021-07-30 00:25:35.691178,2115851,0.0,0.0
2021-07-30 00:25:35.691178,2115914,0.0,3.9
2021-07-30 00:25:35.847963,2115851,0.0,0.0
2021-07-30 00:25:35.847963,2115914,0.0,3.9
2021-07-30 00:25:36.003616,2115851,0.0,0.0
2021-07-30 00:25:36.003616,2115914,0.0,3.9
2021-07-30 00:25:36.159330,2115851,0.0,0.0
2021-07-30 00:25:36.159330,2115914,0.0,3.9
2021-07-30 00:25:36.315617,2115851,0.0,0.0
2021-07-30 00:25:36.315617,2115914,0.0,3.9
2021-07-30 00:25:36.472488,2115851,0.0,0.0
2021-07-30 00:25:36.472488,2115914,0.0,3.9
2021-07-30 00:25:36.628923,2115851,0.0,0.0
2021-07-30 00:25:36.628923,2115914,0.0,3.9
2021-07-30 00:25:36.785860,2115851,0.0,0.0
2021-07-30 00:25:36.785860,2115914,0.0,3.9
2021-07-30 00:25:36.942614,2115851,0.0,0.0
2021-07-30 00:25:36.942614,2115914,0.0,3.9
2021-07-30 00:25:37.099844,2115851,0.0,0.0
2021-07-30 00:25:37.099844,2115914,0.0,3.9
2021-07-30 00:25:37.256084,2115851,0.0,0.0
2021-07-30 00:25:37.256084,2115914,0.0,3.9
2021-07-30 00:25:37.413316,2115851,0.0,0.0
2021-07-30 00:25:37.413316,2115914,0.0,3.9
2021-07-30 00:25:37.572501,2115851,0.0,0.0
2021-07-30 00:25:37.572501,2115914,0.0,3.9
2021-07-30 00:25:37.730492,2115851,0.0,0.0
2021-07-30 00:25:37.730492,2115914,0.0,3.9
2021-07-30 00:25:37.886275,2115851,0.0,0.0
2021-07-30 00:25:37.886275,2115914,0.0,3.9
2021-07-30 00:25:38.042463,2115851,0.0,0.0
2021-07-30 00:25:38.042463,2115914,0.0,3.9
2021-07-30 00:25:38.198347,2115851,0.0,0.0
2021-07-30 00:25:38.198347,2115914,0.0,3.9
2021-07-30 00:25:38.354438,2115851,0.0,0.0
2021-07-30 00:25:38.354438,2115914,0.0,3.9
2021-07-30 00:25:38.512158,2115851,0.0,0.0
2021-07-30 00:25:38.512158,2115914,0.0,3.9
2021-07-30 00:25:38.668113,2115851,0.0,0.0
2021-07-30 00:25:38.668113,2115914,0.0,3.9
2021-07-30 00:25:38.824156,2115851,0.0,0.0
2021-07-30 00:25:38.824156,2115914,0.0,3.9
2021-07-30 00:25:38.979921,2115851,0.0,0.0
2021-07-30 00:25:38.979921,2115914,0.0,3.9
2021-07-30 00:25:39.136420,2115851,0.0,0.0
2021-07-30 00:25:39.136420,2115914,0.0,3.9
2021-07-30 00:25:39.292785,2115851,0.0,0.0
2021-07-30 00:25:39.292785,2115914,0.0,3.9
2021-07-30 00:25:39.449026,2115851,0.0,0.0
2021-07-30 00:25:39.449026,2115914,0.0,3.9
2021-07-30 00:25:39.605310,2115851,0.0,0.0
2021-07-30 00:25:39.605310,2115914,0.0,3.9
2021-07-30 00:25:39.760294,2115851,0.0,0.0
2021-07-30 00:25:39.760294,2115914,0.0,3.9
2021-07-30 00:25:39.915131,2115851,0.0,0.0
2021-07-30 00:25:39.915131,2115914,0.0,3.9
2021-07-30 00:25:40.069846,2115851,0.0,0.0
2021-07-30 00:25:40.069846,2115914,0.0,3.9
2021-07-30 00:25:40.225101,2115851,0.0,0.0
2021-07-30 00:25:40.225101,2115914,0.0,3.9
2021-07-30 00:25:40.380006,2115851,0.0,0.0
2021-07-30 00:25:40.380006,2115914,0.0,3.9
2021-07-30 00:25:40.534567,2115851,0.0,0.0
2021-07-30 00:25:40.534567,2115914,0.0,3.9
2021-07-30 00:25:40.691826,2115851,0.0,0.0
2021-07-30 00:25:40.691826,2115914,0.0,3.9
2021-07-30 00:25:40.849423,2115851,0.0,0.0
2021-07-30 00:25:40.849423,2115914,0.0,3.9
2021-07-30 00:25:41.007127,2115851,0.0,0.0
2021-07-30 00:25:41.007127,2115914,0.0,3.9
2021-07-30 00:25:41.163729,2115851,0.0,0.0
2021-07-30 00:25:41.163729,2115914,0.0,3.9
2021-07-30 00:25:41.319853,2115851,0.0,0.0
2021-07-30 00:25:41.319853,2115914,0.0,3.9
2021-07-30 00:25:41.475670,2115851,0.0,0.0
2021-07-30 00:25:41.475670,2115914,0.0,3.9
2021-07-30 00:25:41.631616,2115851,0.0,0.0
2021-07-30 00:25:41.631616,2115914,0.0,3.9
2021-07-30 00:25:41.786873,2115851,0.0,0.0
2021-07-30 00:25:41.786873,2115914,0.0,3.9
2021-07-30 00:25:41.942577,2115851,0.0,0.0
2021-07-30 00:25:41.942577,2115914,0.0,3.9
2021-07-30 00:25:42.097449,2115851,0.0,0.0
2021-07-30 00:25:42.097449,2115914,0.0,3.9
2021-07-30 00:25:42.253139,2115851,0.0,0.0
2021-07-30 00:25:42.253139,2115914,0.0,3.9
2021-07-30 00:25:42.409248,2115851,0.0,0.0
2021-07-30 00:25:42.409248,2115914,0.0,3.9
2021-07-30 00:25:42.566421,2115851,0.0,0.0
2021-07-30 00:25:42.566421,2115914,0.0,3.9
2021-07-30 00:25:42.722940,2115851,0.0,0.0
2021-07-30 00:25:42.722940,2115914,0.0,3.9
2021-07-30 00:25:42.878484,2115851,0.0,0.0
2021-07-30 00:25:42.878484,2115914,0.0,3.9
2021-07-30 00:25:43.034828,2115851,0.0,0.0
2021-07-30 00:25:43.034828,2115914,0.0,3.9
2021-07-30 00:25:43.190607,2115851,0.0,0.0
2021-07-30 00:25:43.190607,2115914,0.0,3.9
2021-07-30 00:25:43.346592,2115851,0.0,0.0
2021-07-30 00:25:43.346592,2115914,0.0,3.9
2021-07-30 00:25:43.503169,2115851,0.0,0.0
2021-07-30 00:25:43.503169,2115914,0.0,3.9
2021-07-30 00:25:43.659052,2115851,0.0,0.0
2021-07-30 00:25:43.659052,2115914,0.0,3.9
2021-07-30 00:25:43.815801,2115851,0.0,0.0
2021-07-30 00:25:43.815801,2115914,0.0,3.9
2021-07-30 00:25:43.972119,2115851,0.0,0.0
2021-07-30 00:25:43.972119,2115914,0.0,3.9
2021-07-30 00:25:44.127325,2115851,0.0,0.0
2021-07-30 00:25:44.127325,2115914,0.0,3.9
2021-07-30 00:25:44.282283,2115914,6.7,3.9
2021-07-30 00:25:44.282283,2115851,0.0,0.0
2021-07-30 00:25:44.436948,2115851,0.0,0.0
2021-07-30 00:25:44.436948,2115914,0.0,3.9
2021-07-30 00:25:44.591635,2115851,0.0,0.0
2021-07-30 00:25:44.591635,2115914,0.0,3.9
2021-07-30 00:25:44.748741,2115851,0.0,0.0
2021-07-30 00:25:44.748741,2115914,0.0,3.9
2021-07-30 00:25:44.904275,2115851,0.0,0.0
2021-07-30 00:25:44.904275,2115914,0.0,3.9
2021-07-30 00:25:45.061994,2115851,0.0,0.0
2021-07-30 00:25:45.061994,2115914,0.0,3.9
2021-07-30 00:25:45.219721,2115851,0.0,0.0
2021-07-30 00:25:45.219721,2115914,0.0,3.9
2021-07-30 00:25:45.376470,2115851,0.0,0.0
2021-07-30 00:25:45.376470,2115914,0.0,3.9
2021-07-30 00:25:45.532385,2115851,0.0,0.0
2021-07-30 00:25:45.532385,2115914,0.0,3.9
2021-07-30 00:25:45.688226,2115851,0.0,0.0
2021-07-30 00:25:45.688226,2115914,0.0,3.9
2021-07-30 00:25:45.843233,2115851,0.0,0.0
2021-07-30 00:25:45.843233,2115914,0.0,3.9
2021-07-30 00:25:45.998370,2115851,0.0,0.0
2021-07-30 00:25:45.998370,2115914,0.0,3.9
2021-07-30 00:25:46.155030,2115851,0.0,0.0
2021-07-30 00:25:46.155030,2115914,0.0,3.9
2021-07-30 00:25:46.310833,2115851,0.0,0.0
2021-07-30 00:25:46.310833,2115914,0.0,3.9
2021-07-30 00:25:46.466811,2115851,0.0,0.0
2021-07-30 00:25:46.466811,2115914,0.0,3.9
2021-07-30 00:25:46.623179,2115851,0.0,0.0
2021-07-30 00:25:46.623179,2115914,0.0,3.9
2021-07-30 00:25:46.778870,2115851,0.0,0.0
2021-07-30 00:25:46.778870,2115914,0.0,3.9
2021-07-30 00:25:46.933739,2115851,0.0,0.0
2021-07-30 00:25:46.933739,2115914,0.0,3.9
2021-07-30 00:25:47.089116,2115851,0.0,0.0
2021-07-30 00:25:47.089116,2115914,0.0,3.9
2021-07-30 00:25:47.244764,2115851,0.0,0.0
2021-07-30 00:25:47.244764,2115914,0.0,3.9
2021-07-30 00:25:47.400476,2115851,0.0,0.0
2021-07-30 00:25:47.400476,2115914,0.0,3.9
2021-07-30 00:25:47.555404,2115851,0.0,0.0
2021-07-30 00:25:47.555404,2115914,0.0,3.9
2021-07-30 00:25:47.710922,2115851,0.0,0.0
2021-07-30 00:25:47.710922,2115914,0.0,3.9
2021-07-30 00:25:47.867197,2115851,0.0,0.0
2021-07-30 00:25:47.867197,2115914,0.0,3.9
2021-07-30 00:25:48.022769,2115851,0.0,0.0
2021-07-30 00:25:48.022769,2115914,0.0,3.9
2021-07-30 00:25:48.178713,2115851,0.0,0.0
2021-07-30 00:25:48.178713,2115914,0.0,3.9
2021-07-30 00:25:48.334482,2115851,0.0,0.0
2021-07-30 00:25:48.334482,2115914,0.0,3.9
2021-07-30 00:25:48.490229,2115851,0.0,0.0
2021-07-30 00:25:48.490229,2115914,0.0,3.9
2021-07-30 00:25:48.645857,2115851,0.0,0.0
2021-07-30 00:25:48.645857,2115914,0.0,3.9
2021-07-30 00:25:48.801522,2115851,0.0,0.0
2021-07-30 00:25:48.801522,2115914,0.0,3.9
2021-07-30 00:25:48.957801,2115851,0.0,0.0
2021-07-30 00:25:48.957801,2115914,0.0,3.9
2021-07-30 00:25:49.113431,2115851,0.0,0.0
2021-07-30 00:25:49.113431,2115914,0.0,3.9
2021-07-30 00:25:49.268534,2115851,0.0,0.0
2021-07-30 00:25:49.268534,2115914,0.0,3.9
2021-07-30 00:25:49.423205,2115851,0.0,0.0
2021-07-30 00:25:49.423205,2115914,0.0,3.9
2021-07-30 00:25:49.578142,2115851,0.0,0.0
2021-07-30 00:25:49.578142,2115914,0.0,3.9
2021-07-30 00:25:49.734158,2115851,0.0,0.0
2021-07-30 00:25:49.734158,2115914,0.0,3.9
2021-07-30 00:25:49.889213,2115851,0.0,0.0
2021-07-30 00:25:49.889213,2115914,0.0,3.9
2021-07-30 00:25:50.045124,2115851,0.0,0.0
2021-07-30 00:25:50.045124,2115914,0.0,3.9
2021-07-30 00:25:50.203097,2115851,0.0,0.0
2021-07-30 00:25:50.203097,2115914,0.0,3.9
2021-07-30 00:25:50.360883,2115851,0.0,0.0
2021-07-30 00:25:50.360883,2115914,0.0,3.9
2021-07-30 00:25:50.517077,2115851,0.0,0.0
2021-07-30 00:25:50.517077,2115914,0.0,3.9
2021-07-30 00:25:50.671993,2115851,0.0,0.0
2021-07-30 00:25:50.671993,2115914,0.0,3.9
2021-07-30 00:25:50.826939,2115851,0.0,0.0
2021-07-30 00:25:50.826939,2115914,0.0,3.9
2021-07-30 00:25:50.983815,2115851,0.0,0.0
2021-07-30 00:25:50.983815,2115914,0.0,3.9
2021-07-30 00:25:51.138958,2115851,0.0,0.0
2021-07-30 00:25:51.138958,2115914,0.0,3.9
2021-07-30 00:25:51.295598,2115851,0.0,0.0
2021-07-30 00:25:51.295598,2115914,0.0,3.9
2021-07-30 00:25:51.450528,2115851,0.0,0.0
2021-07-30 00:25:51.450528,2115914,0.0,3.9
2021-07-30 00:25:51.606170,2115851,0.0,0.0
2021-07-30 00:25:51.606170,2115914,0.0,3.9
2021-07-30 00:25:51.763810,2115851,0.0,0.0
2021-07-30 00:25:51.763810,2115914,0.0,3.9
2021-07-30 00:25:51.921453,2115851,0.0,0.0
2021-07-30 00:25:51.921453,2115914,0.0,3.9
2021-07-30 00:25:52.078642,2115851,0.0,0.0
2021-07-30 00:25:52.078642,2115914,0.0,3.9
2021-07-30 00:25:52.233933,2115851,0.0,0.0
2021-07-30 00:25:52.233933,2115914,0.0,3.9
2021-07-30 00:25:52.388561,2115851,0.0,0.0
2021-07-30 00:25:52.388561,2115914,0.0,3.9
2021-07-30 00:25:52.544096,2115851,0.0,0.0
2021-07-30 00:25:52.544096,2115914,0.0,3.9
2021-07-30 00:25:52.699580,2115851,0.0,0.0
2021-07-30 00:25:52.699580,2115914,0.0,3.9
2021-07-30 00:25:52.854930,2115851,0.0,0.0
2021-07-30 00:25:52.854930,2115914,0.0,3.9
2021-07-30 00:25:53.010397,2115851,0.0,0.0
2021-07-30 00:25:53.010397,2115914,0.0,3.9
2021-07-30 00:25:53.166046,2115851,0.0,0.0
2021-07-30 00:25:53.166046,2115914,0.0,3.9
2021-07-30 00:25:53.321616,2115851,0.0,0.0
2021-07-30 00:25:53.321616,2115914,0.0,3.9
2021-07-30 00:25:53.477558,2115851,0.0,0.0
2021-07-30 00:25:53.477558,2115914,0.0,3.9
2021-07-30 00:25:53.633219,2115851,0.0,0.0
2021-07-30 00:25:53.633219,2115914,0.0,3.9
2021-07-30 00:25:53.788964,2115851,0.0,0.0
2021-07-30 00:25:53.788964,2115914,0.0,3.9
2021-07-30 00:25:53.944573,2115851,0.0,0.0
2021-07-30 00:25:53.944573,2115914,0.0,3.9
2021-07-30 00:25:54.100157,2115914,6.7,3.9
2021-07-30 00:25:54.100157,2115851,0.0,0.0
2021-07-30 00:25:54.254884,2115851,0.0,0.0
2021-07-30 00:25:54.254884,2115914,0.0,3.9
2021-07-30 00:25:54.409452,2115851,0.0,0.0
2021-07-30 00:25:54.409452,2115914,0.0,3.9
2021-07-30 00:25:54.565337,2115851,0.0,0.0
2021-07-30 00:25:54.565337,2115914,0.0,3.9
2021-07-30 00:25:54.721208,2115851,0.0,0.0
2021-07-30 00:25:54.721208,2115914,0.0,3.9
2021-07-30 00:25:54.876380,2115851,0.0,0.0
2021-07-30 00:25:54.876380,2115914,0.0,3.9
2021-07-30 00:25:55.031939,2115851,0.0,0.0
2021-07-30 00:25:55.031939,2115914,0.0,3.9
2021-07-30 00:25:55.187602,2115851,0.0,0.0
2021-07-30 00:25:55.187602,2115914,0.0,3.9
2021-07-30 00:25:55.342429,2115851,0.0,0.0
2021-07-30 00:25:55.342429,2115914,0.0,3.9
2021-07-30 00:25:55.498211,2115851,0.0,0.0
2021-07-30 00:25:55.498211,2115914,0.0,3.9
2021-07-30 00:25:55.653723,2115851,0.0,0.0
2021-07-30 00:25:55.653723,2115914,0.0,3.9
2021-07-30 00:25:55.809777,2115851,0.0,0.0
2021-07-30 00:25:55.809777,2115914,0.0,3.9
2021-07-30 00:25:55.965087,2115851,0.0,0.0
2021-07-30 00:25:55.965087,2115914,0.0,3.9
2021-07-30 00:25:56.121837,2115851,0.0,0.0
2021-07-30 00:25:56.121837,2115914,0.0,3.9
2021-07-30 00:25:56.277773,2115851,0.0,0.0
2021-07-30 00:25:56.277773,2115914,0.0,3.9
2021-07-30 00:25:56.434335,2115851,0.0,0.0
2021-07-30 00:25:56.434335,2115914,0.0,3.9
2021-07-30 00:25:56.590278,2115851,0.0,0.0
2021-07-30 00:25:56.590278,2115914,0.0,3.9
2021-07-30 00:25:56.746176,2115851,0.0,0.0
2021-07-30 00:25:56.746176,2115914,0.0,3.9
2021-07-30 00:25:56.902768,2115851,0.0,0.0
2021-07-30 00:25:56.902768,2115914,0.0,3.9
2021-07-30 00:25:57.058639,2115851,0.0,0.0
2021-07-30 00:25:57.058639,2115914,0.0,3.9
2021-07-30 00:25:57.214950,2115851,0.0,0.0
2021-07-30 00:25:57.214950,2115914,0.0,3.9
2021-07-30 00:25:57.370686,2115851,0.0,0.0
2021-07-30 00:25:57.370686,2115914,0.0,3.9
2021-07-30 00:25:57.526483,2115851,0.0,0.0
2021-07-30 00:25:57.526483,2115914,0.0,3.9
2021-07-30 00:25:57.682374,2115851,0.0,0.0
2021-07-30 00:25:57.682374,2115914,0.0,3.9
2021-07-30 00:25:57.838801,2115851,0.0,0.0
2021-07-30 00:25:57.838801,2115914,0.0,3.9
2021-07-30 00:25:57.995296,2115851,0.0,0.0
2021-07-30 00:25:57.995296,2115914,0.0,3.9
2021-07-30 00:25:58.150653,2115851,0.0,0.0
2021-07-30 00:25:58.150653,2115914,0.0,3.9
2021-07-30 00:25:58.305657,2115851,0.0,0.0
2021-07-30 00:25:58.305657,2115914,0.0,3.9
2021-07-30 00:25:58.462216,2115851,0.0,0.0
2021-07-30 00:25:58.462216,2115914,0.0,3.9
2021-07-30 00:25:58.618856,2115851,0.0,0.0
2021-07-30 00:25:58.618856,2115914,0.0,3.9
2021-07-30 00:25:58.776708,2115851,0.0,0.0
2021-07-30 00:25:58.776708,2115914,0.0,3.9
2021-07-30 00:25:58.932838,2115851,0.0,0.0
2021-07-30 00:25:58.932838,2115914,0.0,3.9
2021-07-30 00:25:59.091781,2115851,0.0,0.0
2021-07-30 00:25:59.091781,2115914,0.0,3.9
2021-07-30 00:25:59.249314,2115851,0.0,0.0
2021-07-30 00:25:59.249314,2115914,0.0,3.9
2021-07-30 00:25:59.406622,2115851,0.0,0.0
2021-07-30 00:25:59.406622,2115914,0.0,3.9
2021-07-30 00:25:59.563168,2115851,0.0,0.0
2021-07-30 00:25:59.563168,2115914,0.0,3.9
2021-07-30 00:25:59.719155,2115851,0.0,0.0
2021-07-30 00:25:59.719155,2115914,0.0,3.9
2021-07-30 00:25:59.875228,2115851,0.0,0.0
2021-07-30 00:25:59.875228,2115914,0.0,3.9
2021-07-30 00:26:00.031025,2115851,0.0,0.0
2021-07-30 00:26:00.031025,2115914,0.0,3.9
2021-07-30 00:26:00.187613,2115851,0.0,0.0
2021-07-30 00:26:00.187613,2115914,0.0,3.9
2021-07-30 00:26:00.344889,2115851,0.0,0.0
2021-07-30 00:26:00.344889,2115914,0.0,3.9
2021-07-30 00:26:00.501684,2115851,0.0,0.0
2021-07-30 00:26:00.501684,2115914,0.0,3.9
2021-07-30 00:26:00.657013,2115851,0.0,0.0
2021-07-30 00:26:00.657013,2115914,0.0,3.9
2021-07-30 00:26:00.813136,2115851,0.0,0.0
2021-07-30 00:26:00.813136,2115914,0.0,3.9
2021-07-30 00:26:00.969752,2115851,0.0,0.0
2021-07-30 00:26:00.969752,2115914,0.0,3.9
2021-07-30 00:26:01.127470,2115851,0.0,0.0
2021-07-30 00:26:01.127470,2115914,0.0,3.9
2021-07-30 00:26:01.284734,2115851,0.0,0.0
2021-07-30 00:26:01.284734,2115914,0.0,3.9
2021-07-30 00:26:01.441252,2115851,0.0,0.0
2021-07-30 00:26:01.441252,2115914,0.0,3.9
2021-07-30 00:26:01.597817,2115851,0.0,0.0
2021-07-30 00:26:01.597817,2115914,0.0,3.9
2021-07-30 00:26:01.753588,2115851,0.0,0.0
2021-07-30 00:26:01.753588,2115914,0.0,3.9
2021-07-30 00:26:01.910850,2115851,0.0,0.0
2021-07-30 00:26:01.910850,2115914,0.0,3.9
2021-07-30 00:26:02.068912,2115851,0.0,0.0
2021-07-30 00:26:02.068912,2115914,0.0,3.9
2021-07-30 00:26:02.226417,2115851,0.0,0.0
2021-07-30 00:26:02.226417,2115914,0.0,3.9
2021-07-30 00:26:02.382983,2115851,0.0,0.0
2021-07-30 00:26:02.382983,2115914,0.0,3.9
2021-07-30 00:26:02.539922,2115851,0.0,0.0
2021-07-30 00:26:02.539922,2115914,0.0,3.9
2021-07-30 00:26:02.697901,2115851,0.0,0.0
2021-07-30 00:26:02.697901,2115914,0.0,3.9
2021-07-30 00:26:02.854494,2115851,0.0,0.0
2021-07-30 00:26:02.854494,2115914,0.0,3.9
2021-07-30 00:26:03.011087,2115851,0.0,0.0
2021-07-30 00:26:03.011087,2115914,0.0,3.9
2021-07-30 00:26:03.167485,2115851,0.0,0.0
2021-07-30 00:26:03.167485,2115914,0.0,3.9
2021-07-30 00:26:03.323368,2115851,0.0,0.0
2021-07-30 00:26:03.323368,2115914,0.0,3.9
2021-07-30 00:26:03.479417,2115851,0.0,0.0
2021-07-30 00:26:03.479417,2115914,0.0,3.9
2021-07-30 00:26:03.635021,2115851,0.0,0.0
2021-07-30 00:26:03.635021,2115914,0.0,3.9
2021-07-30 00:26:03.790234,2115851,0.0,0.0
2021-07-30 00:26:03.790234,2115914,0.0,3.9
2021-07-30 00:26:03.945836,2115851,0.0,0.0
2021-07-30 00:26:03.945836,2115914,0.0,3.9
2021-07-30 00:26:04.101107,2115851,0.0,0.0
2021-07-30 00:26:04.101107,2115914,0.0,3.9
2021-07-30 00:26:04.256620,2115851,0.0,0.0
2021-07-30 00:26:04.256620,2115914,0.0,3.9
2021-07-30 00:26:04.412275,2115851,0.0,0.0
2021-07-30 00:26:04.412275,2115914,0.0,3.9
2021-07-30 00:26:04.568058,2115851,0.0,0.0
2021-07-30 00:26:04.568058,2115914,0.0,3.9
2021-07-30 00:26:04.722845,2115851,0.0,0.0
2021-07-30 00:26:04.722845,2115914,0.0,3.9
2021-07-30 00:26:04.877476,2115851,0.0,0.0
2021-07-30 00:26:04.877476,2115914,0.0,3.9
2021-07-30 00:26:05.033367,2115851,0.0,0.0
2021-07-30 00:26:05.033367,2115914,0.0,3.9
2021-07-30 00:26:05.189096,2115851,0.0,0.0
2021-07-30 00:26:05.189096,2115914,0.0,3.9
2021-07-30 00:26:05.344800,2115851,0.0,0.0
2021-07-30 00:26:05.344800,2115914,0.0,3.9
2021-07-30 00:26:05.500235,2115851,0.0,0.0
2021-07-30 00:26:05.500235,2115914,0.0,3.9
2021-07-30 00:26:05.656112,2115851,0.0,0.0
2021-07-30 00:26:05.656112,2115914,0.0,3.9
2021-07-30 00:26:05.811384,2115851,0.0,0.0
2021-07-30 00:26:05.811384,2115914,0.0,3.9
2021-07-30 00:26:05.966277,2115851,0.0,0.0
2021-07-30 00:26:05.966277,2115914,0.0,3.9
2021-07-30 00:26:06.121638,2115851,0.0,0.0
2021-07-30 00:26:06.121638,2115914,0.0,3.9
2021-07-30 00:26:06.278312,2115851,0.0,0.0
2021-07-30 00:26:06.278312,2115914,0.0,3.9
2021-07-30 00:26:06.434501,2115851,0.0,0.0
2021-07-30 00:26:06.434501,2115914,0.0,3.9
2021-07-30 00:26:06.590303,2115851,0.0,0.0
2021-07-30 00:26:06.590303,2115914,0.0,3.9
2021-07-30 00:26:06.745181,2115851,0.0,0.0
2021-07-30 00:26:06.745181,2115914,0.0,3.9
2021-07-30 00:26:06.900883,2115851,0.0,0.0
2021-07-30 00:26:06.900883,2115914,0.0,3.9
2021-07-30 00:26:07.056988,2115851,0.0,0.0
2021-07-30 00:26:07.056988,2115914,0.0,3.9
2021-07-30 00:26:07.213618,2115851,0.0,0.0
2021-07-30 00:26:07.213618,2115914,0.0,3.9
2021-07-30 00:26:07.370149,2115851,0.0,0.0
2021-07-30 00:26:07.370149,2115914,0.0,3.9
2021-07-30 00:26:07.526023,2115851,0.0,0.0
2021-07-30 00:26:07.526023,2115914,0.0,3.9
2021-07-30 00:26:07.682028,2115851,0.0,0.0
2021-07-30 00:26:07.682028,2115914,0.0,3.9
2021-07-30 00:26:07.837316,2115851,0.0,0.0
2021-07-30 00:26:07.837316,2115914,0.0,3.9
2021-07-30 00:26:07.992455,2115851,0.0,0.0
2021-07-30 00:26:07.992455,2115914,0.0,3.9
2021-07-30 00:26:08.148045,2115851,0.0,0.0
2021-07-30 00:26:08.148045,2115914,0.0,3.9
2021-07-30 00:26:08.302994,2115851,0.0,0.0
2021-07-30 00:26:08.302994,2115914,0.0,3.9
2021-07-30 00:26:08.458370,2115851,0.0,0.0
2021-07-30 00:26:08.458370,2115914,0.0,3.9
2021-07-30 00:26:08.614056,2115851,0.0,0.0
2021-07-30 00:26:08.614056,2115914,0.0,3.9
2021-07-30 00:26:08.769923,2115851,0.0,0.0
2021-07-30 00:26:08.769923,2115914,0.0,3.9
2021-07-30 00:26:08.926037,2115851,0.0,0.0
2021-07-30 00:26:08.926037,2115914,0.0,3.9
2021-07-30 00:26:09.082026,2115851,0.0,0.0
2021-07-30 00:26:09.082026,2115914,0.0,3.9
2021-07-30 00:26:09.238127,2115851,0.0,0.0
2021-07-30 00:26:09.238127,2115914,0.0,3.9
2021-07-30 00:26:09.394185,2115851,0.0,0.0
2021-07-30 00:26:09.394185,2115914,0.0,3.9
2021-07-30 00:26:09.550388,2115851,0.0,0.0
2021-07-30 00:26:09.550388,2115914,0.0,3.9
2021-07-30 00:26:09.706445,2115851,0.0,0.0
2021-07-30 00:26:09.706445,2115914,0.0,3.9
2021-07-30 00:26:09.863121,2115851,0.0,0.0
2021-07-30 00:26:09.863121,2115914,0.0,3.9
2021-07-30 00:26:10.019567,2115851,0.0,0.0
2021-07-30 00:26:10.019567,2115914,0.0,3.9
2021-07-30 00:26:10.174798,2115851,0.0,0.0
2021-07-30 00:26:10.174798,2115914,0.0,3.9
2021-07-30 00:26:10.331319,2115851,0.0,0.0
2021-07-30 00:26:10.331319,2115914,0.0,3.9
2021-07-30 00:26:10.487693,2115851,0.0,0.0
2021-07-30 00:26:10.487693,2115914,0.0,3.9
2021-07-30 00:26:10.644043,2115851,0.0,0.0
2021-07-30 00:26:10.644043,2115914,0.0,3.9
2021-07-30 00:26:10.800570,2115851,0.0,0.0
2021-07-30 00:26:10.800570,2115914,0.0,3.9
2021-07-30 00:26:10.956925,2115851,0.0,0.0
2021-07-30 00:26:10.956925,2115914,0.0,3.9
2021-07-30 00:26:11.113359,2115851,0.0,0.0
2021-07-30 00:26:11.113359,2115914,0.0,3.9
2021-07-30 00:26:11.269822,2115851,0.0,0.0
2021-07-30 00:26:11.269822,2115914,0.0,3.9
2021-07-30 00:26:11.426114,2115851,0.0,0.0
2021-07-30 00:26:11.426114,2115914,0.0,3.9
2021-07-30 00:26:11.581733,2115851,0.0,0.0
2021-07-30 00:26:11.581733,2115914,0.0,3.9
2021-07-30 00:26:11.737582,2115851,0.0,0.0
2021-07-30 00:26:11.737582,2115914,0.0,3.9
2021-07-30 00:26:11.894159,2115851,0.0,0.0
2021-07-30 00:26:11.894159,2115914,0.0,3.9
2021-07-30 00:26:12.049956,2115851,0.0,0.0
2021-07-30 00:26:12.049956,2115914,0.0,3.9
2021-07-30 00:26:12.206264,2115851,0.0,0.0
2021-07-30 00:26:12.206264,2115914,0.0,3.9
2021-07-30 00:26:12.361626,2115851,0.0,0.0
2021-07-30 00:26:12.361626,2115914,0.0,3.9
2021-07-30 00:26:12.516704,2115851,0.0,0.0
2021-07-30 00:26:12.516704,2115914,0.0,3.9
2021-07-30 00:26:12.672988,2115851,0.0,0.0
2021-07-30 00:26:12.672988,2115914,0.0,3.9
2021-07-30 00:26:12.830942,2115851,0.0,0.0
2021-07-30 00:26:12.830942,2115914,0.0,3.9
2021-07-30 00:26:12.988611,2115851,0.0,0.0
2021-07-30 00:26:12.988611,2115914,0.0,3.9
2021-07-30 00:26:13.146225,2115851,0.0,0.0
2021-07-30 00:26:13.146225,2115914,0.0,3.9
2021-07-30 00:26:13.305499,2115851,0.0,0.0
2021-07-30 00:26:13.305499,2115914,0.0,3.9
2021-07-30 00:26:13.463653,2115851,0.0,0.0
2021-07-30 00:26:13.463653,2115914,0.0,3.9
2021-07-30 00:26:13.620852,2115851,0.0,0.0
2021-07-30 00:26:13.620852,2115914,0.0,3.9
2021-07-30 00:26:13.778608,2115851,0.0,0.0
2021-07-30 00:26:13.778608,2115914,0.0,3.9
2021-07-30 00:26:13.935894,2115851,0.0,0.0
2021-07-30 00:26:13.935894,2115914,0.0,3.9
2021-07-30 00:26:14.092565,2115851,0.0,0.0
2021-07-30 00:26:14.092565,2115914,0.0,3.9
2021-07-30 00:26:14.251827,2115851,0.0,0.0
2021-07-30 00:26:14.251827,2115914,0.0,3.9
2021-07-30 00:26:14.409230,2115851,0.0,0.0
2021-07-30 00:26:14.409230,2115914,0.0,3.9
2021-07-30 00:26:14.567047,2115851,0.0,0.0
2021-07-30 00:26:14.567047,2115914,0.0,3.9
2021-07-30 00:26:14.723908,2115851,0.0,0.0
2021-07-30 00:26:14.723908,2115914,0.0,3.9
2021-07-30 00:26:14.883948,2115851,0.0,0.0
2021-07-30 00:26:14.883948,2115914,0.0,3.9
2021-07-30 00:26:15.041642,2115851,0.0,0.0
2021-07-30 00:26:15.041642,2115914,0.0,3.9
2021-07-30 00:26:15.199326,2115851,0.0,0.0
2021-07-30 00:26:15.199326,2115914,0.0,3.9
2021-07-30 00:26:15.358571,2115851,0.0,0.0
2021-07-30 00:26:15.358571,2115914,0.0,3.9
2021-07-30 00:26:15.516563,2115851,0.0,0.0
2021-07-30 00:26:15.516563,2115914,0.0,3.9
2021-07-30 00:26:15.674041,2115914,6.7,3.9
2021-07-30 00:26:15.674041,2115851,0.0,0.0
2021-07-30 00:26:15.834096,2115851,0.0,0.0
2021-07-30 00:26:15.834096,2115914,0.0,3.9
2021-07-30 00:26:15.990991,2115851,0.0,0.0
2021-07-30 00:26:15.990991,2115914,0.0,3.9
2021-07-30 00:26:16.147554,2115851,0.0,0.0
2021-07-30 00:26:16.147554,2115914,0.0,3.9
2021-07-30 00:26:16.305196,2115851,0.0,0.0
2021-07-30 00:26:16.305196,2115914,0.0,3.9
2021-07-30 00:26:16.462915,2115851,0.0,0.0
2021-07-30 00:26:16.462915,2115914,0.0,3.9
2021-07-30 00:26:16.619534,2115851,0.0,0.0
2021-07-30 00:26:16.619534,2115914,0.0,3.9
2021-07-30 00:26:16.777280,2115851,0.0,0.0
2021-07-30 00:26:16.777280,2115914,0.0,3.9
2021-07-30 00:26:16.934443,2115851,0.0,0.0
2021-07-30 00:26:16.934443,2115914,0.0,3.9
2021-07-30 00:26:17.090268,2115851,0.0,0.0
2021-07-30 00:26:17.090268,2115914,0.0,3.9
2021-07-30 00:26:17.245268,2115851,0.0,0.0
2021-07-30 00:26:17.245268,2115914,0.0,3.9
2021-07-30 00:26:17.401018,2115851,0.0,0.0
2021-07-30 00:26:17.401018,2115914,0.0,3.9
2021-07-30 00:26:17.556735,2115851,0.0,0.0
2021-07-30 00:26:17.556735,2115914,0.0,3.9
2021-07-30 00:26:17.712372,2115851,0.0,0.0
2021-07-30 00:26:17.712372,2115914,0.0,3.9
2021-07-30 00:26:17.867726,2115851,0.0,0.0
2021-07-30 00:26:17.867726,2115914,0.0,3.9
2021-07-30 00:26:18.022706,2115851,0.0,0.0
2021-07-30 00:26:18.022706,2115914,0.0,3.9
2021-07-30 00:26:18.178316,2115851,0.0,0.0
2021-07-30 00:26:18.178316,2115914,0.0,3.9
2021-07-30 00:26:18.333384,2115851,0.0,0.0
2021-07-30 00:26:18.333384,2115914,0.0,3.9
2021-07-30 00:26:18.489189,2115851,0.0,0.0
2021-07-30 00:26:18.489189,2115914,0.0,3.9
2021-07-30 00:26:18.644508,2115851,0.0,0.0
2021-07-30 00:26:18.644508,2115914,0.0,3.9
2021-07-30 00:26:18.800162,2115851,0.0,0.0
2021-07-30 00:26:18.800162,2115914,0.0,3.9
2021-07-30 00:26:18.956194,2115851,0.0,0.0
2021-07-30 00:26:18.956194,2115914,0.0,3.9
2021-07-30 00:26:19.112099,2115851,0.0,0.0
2021-07-30 00:26:19.112099,2115914,0.0,3.9
2021-07-30 00:26:19.268205,2115851,0.0,0.0
2021-07-30 00:26:19.268205,2115914,0.0,3.9
2021-07-30 00:26:19.424043,2115851,0.0,0.0
2021-07-30 00:26:19.424043,2115914,0.0,3.9
2021-07-30 00:26:19.579376,2115851,0.0,0.0
2021-07-30 00:26:19.579376,2115914,0.0,3.9
2021-07-30 00:26:19.735037,2115851,0.0,0.0
2021-07-30 00:26:19.735037,2115914,0.0,3.9
2021-07-30 00:26:19.890768,2115851,0.0,0.0
2021-07-30 00:26:19.890768,2115914,0.0,3.9
2021-07-30 00:26:20.046456,2115851,0.0,0.0
2021-07-30 00:26:20.046456,2115914,0.0,3.9
2021-07-30 00:26:20.201134,2115851,0.0,0.0
2021-07-30 00:26:20.201134,2115914,0.0,3.9
2021-07-30 00:26:20.356904,2115851,0.0,0.0
2021-07-30 00:26:20.356904,2115914,0.0,3.9
2021-07-30 00:26:20.512613,2115851,0.0,0.0
2021-07-30 00:26:20.512613,2115914,0.0,3.9
2021-07-30 00:26:20.668459,2115851,0.0,0.0
2021-07-30 00:26:20.668459,2115914,0.0,3.9
2021-07-30 00:26:20.824179,2115851,0.0,0.0
2021-07-30 00:26:20.824179,2115914,0.0,3.9
2021-07-30 00:26:20.979092,2115851,0.0,0.0
2021-07-30 00:26:20.979092,2115914,0.0,3.9
2021-07-30 00:26:21.134513,2115851,0.0,0.0
2021-07-30 00:26:21.134513,2115914,0.0,3.9
2021-07-30 00:26:21.289352,2115851,0.0,0.0
2021-07-30 00:26:21.289352,2115914,0.0,3.9
2021-07-30 00:26:21.444930,2115851,0.0,0.0
2021-07-30 00:26:21.444930,2115914,0.0,3.9
2021-07-30 00:26:21.600686,2115851,0.0,0.0
2021-07-30 00:26:21.600686,2115914,0.0,3.9
2021-07-30 00:26:21.756566,2115851,0.0,0.0
2021-07-30 00:26:21.756566,2115914,0.0,3.9
2021-07-30 00:26:21.912310,2115851,0.0,0.0
2021-07-30 00:26:21.912310,2115914,0.0,3.9
2021-07-30 00:26:22.067177,2115851,0.0,0.0
2021-07-30 00:26:22.067177,2115914,0.0,3.9
2021-07-30 00:26:22.222757,2115851,0.0,0.0
2021-07-30 00:26:22.222757,2115914,0.0,3.9
2021-07-30 00:26:22.378559,2115851,0.0,0.0
2021-07-30 00:26:22.378559,2115914,0.0,3.9
2021-07-30 00:26:22.533844,2115851,0.0,0.0
2021-07-30 00:26:22.533844,2115914,0.0,3.9
2021-07-30 00:26:22.689389,2115851,0.0,0.0
2021-07-30 00:26:22.689389,2115914,0.0,3.9
2021-07-30 00:26:22.845761,2115851,0.0,0.0
2021-07-30 00:26:22.845761,2115914,0.0,3.9
2021-07-30 00:26:23.006488,2115851,0.0,0.0
2021-07-30 00:26:23.006488,2115914,0.0,3.9
2021-07-30 00:26:23.162756,2115851,0.0,0.0
2021-07-30 00:26:23.162756,2115914,0.0,3.9
2021-07-30 00:26:23.319661,2115851,0.0,0.0
2021-07-30 00:26:23.319661,2115914,0.0,3.9
2021-07-30 00:26:23.475635,2115851,0.0,0.0
2021-07-30 00:26:23.475635,2115914,0.0,3.9
2021-07-30 00:26:23.631674,2115851,0.0,0.0
2021-07-30 00:26:23.631674,2115914,0.0,3.9
2021-07-30 00:26:23.788156,2115851,0.0,0.0
2021-07-30 00:26:23.788156,2115914,0.0,3.9
2021-07-30 00:26:23.944369,2115851,0.0,0.0
2021-07-30 00:26:23.944369,2115914,0.0,3.9
2021-07-30 00:26:24.100522,2115851,0.0,0.0
2021-07-30 00:26:24.100522,2115914,0.0,3.9
2021-07-30 00:26:24.256352,2115851,0.0,0.0
2021-07-30 00:26:24.256352,2115914,0.0,3.9
2021-07-30 00:26:24.412174,2115851,0.0,0.0
2021-07-30 00:26:24.412174,2115914,0.0,3.9
2021-07-30 00:26:24.568131,2115851,0.0,0.0
2021-07-30 00:26:24.568131,2115914,0.0,3.9
2021-07-30 00:26:24.724227,2115851,0.0,0.0
2021-07-30 00:26:24.724227,2115914,0.0,3.9
2021-07-30 00:26:24.879997,2115851,0.0,0.0
2021-07-30 00:26:24.879997,2115914,0.0,3.9
2021-07-30 00:26:25.035209,2115851,0.0,0.0
2021-07-30 00:26:25.035209,2115914,0.0,3.9
2021-07-30 00:26:25.190682,2115851,0.0,0.0
2021-07-30 00:26:25.190682,2115914,0.0,3.9
2021-07-30 00:26:25.346447,2115851,0.0,0.0
2021-07-30 00:26:25.346447,2115914,0.0,3.9
2021-07-30 00:26:25.502136,2115851,0.0,0.0
2021-07-30 00:26:25.502136,2115914,0.0,3.9
2021-07-30 00:26:25.657775,2115851,0.0,0.0
2021-07-30 00:26:25.657775,2115914,0.0,3.9
2021-07-30 00:26:25.813782,2115851,0.0,0.0
2021-07-30 00:26:25.813782,2115914,0.0,3.9
2021-07-30 00:26:25.970279,2115851,0.0,0.0
2021-07-30 00:26:25.970279,2115914,0.0,3.9
2021-07-30 00:26:26.125983,2115851,0.0,0.0
2021-07-30 00:26:26.125983,2115914,0.0,3.9
2021-07-30 00:26:26.281887,2115851,0.0,0.0
2021-07-30 00:26:26.281887,2115914,0.0,3.9
2021-07-30 00:26:26.438849,2115851,0.0,0.0
2021-07-30 00:26:26.438849,2115914,0.0,3.9
2021-07-30 00:26:26.595673,2115851,0.0,0.0
2021-07-30 00:26:26.595673,2115914,0.0,3.9
2021-07-30 00:26:26.751574,2115851,0.0,0.0
2021-07-30 00:26:26.751574,2115914,0.0,3.9
2021-07-30 00:26:26.907281,2115851,0.0,0.0
2021-07-30 00:26:26.907281,2115914,0.0,3.9
2021-07-30 00:26:27.063599,2115851,0.0,0.0
2021-07-30 00:26:27.063599,2115914,0.0,3.9
2021-07-30 00:26:27.219372,2115851,0.0,0.0
2021-07-30 00:26:27.219372,2115914,0.0,3.9
2021-07-30 00:26:27.375628,2115851,0.0,0.0
2021-07-30 00:26:27.375628,2115914,0.0,3.9
2021-07-30 00:26:27.532476,2115851,0.0,0.0
2021-07-30 00:26:27.532476,2115914,0.0,3.9
2021-07-30 00:26:27.688545,2115851,0.0,0.0
2021-07-30 00:26:27.688545,2115914,0.0,3.9
2021-07-30 00:26:27.844332,2115851,0.0,0.0
2021-07-30 00:26:27.844332,2115914,0.0,3.9
2021-07-30 00:26:28.000792,2115851,0.0,0.0
2021-07-30 00:26:28.000792,2115914,0.0,3.9
2021-07-30 00:26:28.158595,2115851,0.0,0.0
2021-07-30 00:26:28.158595,2115914,0.0,3.9
2021-07-30 00:26:28.316399,2115851,0.0,0.0
2021-07-30 00:26:28.316399,2115914,0.0,3.9
2021-07-30 00:26:28.474926,2115851,0.0,0.0
2021-07-30 00:26:28.474926,2115914,0.0,3.9
2021-07-30 00:26:28.636620,2115851,0.0,0.0
2021-07-30 00:26:28.636620,2115914,0.0,3.9
2021-07-30 00:26:28.792388,2115851,0.0,0.0
2021-07-30 00:26:28.792388,2115914,0.0,3.9
2021-07-30 00:26:28.949048,2115851,0.0,0.0
2021-07-30 00:26:28.949048,2115914,0.0,3.9
2021-07-30 00:26:29.113248,2115851,0.0,0.0
2021-07-30 00:26:29.113248,2115914,0.0,3.9
2021-07-30 00:26:29.271581,2115851,0.0,0.0
2021-07-30 00:26:29.271581,2115914,0.0,3.9
2021-07-30 00:26:29.427405,2115851,0.0,0.0
2021-07-30 00:26:29.427405,2115914,0.0,3.9
2021-07-30 00:26:29.583628,2115851,0.0,0.0
2021-07-30 00:26:29.583628,2115914,0.0,3.9
2021-07-30 00:26:29.740649,2115851,0.0,0.0
2021-07-30 00:26:29.740649,2115914,0.0,3.9
2021-07-30 00:26:29.895818,2115851,0.0,0.0
2021-07-30 00:26:29.895818,2115914,0.0,3.9
2021-07-30 00:26:30.051976,2115851,0.0,0.0
2021-07-30 00:26:30.051976,2115914,0.0,3.9
2021-07-30 00:26:30.211475,2115851,0.0,0.0
2021-07-30 00:26:30.211475,2115914,0.0,3.9
2021-07-30 00:26:30.367261,2115851,0.0,0.0
2021-07-30 00:26:30.367261,2115914,0.0,3.9
2021-07-30 00:26:30.523303,2115851,0.0,0.0
2021-07-30 00:26:30.523303,2115914,0.0,3.9
2021-07-30 00:26:30.680664,2115851,0.0,0.0
2021-07-30 00:26:30.680664,2115914,0.0,3.9
2021-07-30 00:26:30.857571,2115851,0.0,0.0
2021-07-30 00:26:30.857571,2115914,0.0,3.9
2021-07-30 00:26:31.014353,2115851,0.0,0.0
2021-07-30 00:26:31.014353,2115914,0.0,3.9
2021-07-30 00:26:31.170872,2115851,0.0,0.0
2021-07-30 00:26:31.170872,2115914,0.0,3.9
2021-07-30 00:26:31.331566,2115851,0.0,0.0
2021-07-30 00:26:31.331566,2115914,0.0,3.9
2021-07-30 00:26:31.487713,2115851,0.0,0.0
2021-07-30 00:26:31.487713,2115914,0.0,3.9
2021-07-30 00:26:31.644754,2115851,0.0,0.0
2021-07-30 00:26:31.644754,2115914,0.0,3.9
2021-07-30 00:26:31.801889,2115851,0.0,0.0
2021-07-30 00:26:31.801889,2115914,0.0,3.9
2021-07-30 00:26:31.956903,2115851,0.0,0.0
2021-07-30 00:26:31.956903,2115914,0.0,3.9
2021-07-30 00:26:32.112382,2115851,0.0,0.0
2021-07-30 00:26:32.112382,2115914,0.0,3.9
2021-07-30 00:26:32.267879,2115851,0.0,0.0
2021-07-30 00:26:32.267879,2115914,0.0,3.9
2021-07-30 00:26:32.425542,2115851,0.0,0.0
2021-07-30 00:26:32.425542,2115914,0.0,3.9
2021-07-30 00:26:32.584544,2115851,0.0,0.0
2021-07-30 00:26:32.584544,2115914,0.0,3.9
2021-07-30 00:26:32.741677,2115851,0.0,0.0
2021-07-30 00:26:32.741677,2115914,0.0,3.9
2021-07-30 00:26:32.904026,2115851,0.0,0.0
2021-07-30 00:26:32.904026,2115914,0.0,3.9
2021-07-30 00:26:33.060685,2115851,0.0,0.0
2021-07-30 00:26:33.060685,2115914,0.0,3.9
2021-07-30 00:26:33.216492,2115851,0.0,0.0
2021-07-30 00:26:33.216492,2115914,0.0,3.9
2021-07-30 00:26:33.371483,2115851,0.0,0.0
2021-07-30 00:26:33.371483,2115914,0.0,3.9
2021-07-30 00:26:33.527208,2115914,6.7,3.9
2021-07-30 00:26:33.527208,2115851,0.0,0.0
2021-07-30 00:26:33.682182,2115851,0.0,0.0
2021-07-30 00:26:33.682182,2115914,0.0,3.9
2021-07-30 00:26:33.837962,2115851,0.0,0.0
2021-07-30 00:26:33.837962,2115914,0.0,3.9
2021-07-30 00:26:33.992968,2115851,0.0,0.0
2021-07-30 00:26:33.992968,2115914,0.0,3.9
2021-07-30 00:26:34.148712,2115851,0.0,0.0
2021-07-30 00:26:34.148712,2115914,0.0,3.9
2021-07-30 00:26:34.303695,2115851,0.0,0.0
2021-07-30 00:26:34.303695,2115914,0.0,3.9
2021-07-30 00:26:34.461441,2115851,0.0,0.0
2021-07-30 00:26:34.461441,2115914,0.0,3.9
2021-07-30 00:26:34.622527,2115851,0.0,0.0
2021-07-30 00:26:34.622527,2115914,0.0,3.9
2021-07-30 00:26:34.780009,2115851,0.0,0.0
2021-07-30 00:26:34.780009,2115914,0.0,3.9
2021-07-30 00:26:34.940922,2115851,0.0,0.0
2021-07-30 00:26:34.940922,2115914,0.0,3.9
2021-07-30 00:26:35.096626,2115851,0.0,0.0
2021-07-30 00:26:35.096626,2115914,0.0,3.9
2021-07-30 00:26:35.251582,2115851,0.0,0.0
2021-07-30 00:26:35.251582,2115914,0.0,3.9
2021-07-30 00:26:35.408890,2115851,0.0,0.0
2021-07-30 00:26:35.408890,2115914,0.0,3.9
2021-07-30 00:26:35.568449,2115851,0.0,0.0
2021-07-30 00:26:35.568449,2115914,0.0,3.9
2021-07-30 00:26:35.724810,2115851,0.0,0.0
2021-07-30 00:26:35.724810,2115914,0.0,3.9
2021-07-30 00:26:35.883994,2115851,0.0,0.0
2021-07-30 00:26:35.883994,2115914,0.0,3.9
2021-07-30 00:26:36.041027,2115851,0.0,0.0
2021-07-30 00:26:36.041027,2115914,0.0,3.9
2021-07-30 00:26:36.197923,2115851,0.0,0.0
2021-07-30 00:26:36.197923,2115914,0.0,3.9
2021-07-30 00:26:36.354082,2115851,0.0,0.0
2021-07-30 00:26:36.354082,2115914,0.0,3.9
2021-07-30 00:26:36.509497,2115851,0.0,0.0
2021-07-30 00:26:36.509497,2115914,0.0,3.9
2021-07-30 00:26:36.667904,2115851,0.0,0.0
2021-07-30 00:26:36.667904,2115914,0.0,3.9
2021-07-30 00:26:36.828046,2115851,0.0,0.0
2021-07-30 00:26:36.828046,2115914,0.0,3.9
2021-07-30 00:26:36.984988,2115851,0.0,0.0
2021-07-30 00:26:36.984988,2115914,0.0,3.9
2021-07-30 00:26:37.142806,2115851,0.0,0.0
2021-07-30 00:26:37.142806,2115914,0.0,3.9
2021-07-30 00:26:37.300625,2115851,0.0,0.0
2021-07-30 00:26:37.300625,2115914,0.0,3.9
2021-07-30 00:26:37.458846,2115851,0.0,0.0
2021-07-30 00:26:37.458846,2115914,0.0,3.9
2021-07-30 00:26:37.616802,2115851,0.0,0.0
2021-07-30 00:26:37.616802,2115914,0.0,3.9
2021-07-30 00:26:37.780564,2115851,0.0,0.0
2021-07-30 00:26:37.780564,2115914,0.0,3.9
2021-07-30 00:26:37.943415,2115851,0.0,0.0
2021-07-30 00:26:37.943415,2115914,0.0,3.9
2021-07-30 00:26:38.100295,2115851,0.0,0.0
2021-07-30 00:26:38.100295,2115914,0.0,3.9
2021-07-30 00:26:38.257276,2115851,0.0,0.0
2021-07-30 00:26:38.257276,2115914,0.0,3.9
2021-07-30 00:26:38.413177,2115851,0.0,0.0
2021-07-30 00:26:38.413177,2115914,0.0,3.9
2021-07-30 00:26:38.568984,2115851,0.0,0.0
2021-07-30 00:26:38.568984,2115914,0.0,3.9
2021-07-30 00:26:38.724467,2115851,0.0,0.0
2021-07-30 00:26:38.724467,2115914,0.0,3.9
2021-07-30 00:26:38.880471,2115851,0.0,0.0
2021-07-30 00:26:38.880471,2115914,0.0,3.9
2021-07-30 00:26:39.036241,2115851,0.0,0.0
2021-07-30 00:26:39.036241,2115914,0.0,3.9
2021-07-30 00:26:39.192978,2115851,0.0,0.0
2021-07-30 00:26:39.192978,2115914,0.0,3.9
2021-07-30 00:26:39.348338,2115851,0.0,0.0
2021-07-30 00:26:39.348338,2115914,0.0,3.9
2021-07-30 00:26:39.504481,2115851,0.0,0.0
2021-07-30 00:26:39.504481,2115914,0.0,3.9
2021-07-30 00:26:39.662194,2115851,0.0,0.0
2021-07-30 00:26:39.662194,2115914,0.0,3.9
2021-07-30 00:26:39.817425,2115851,0.0,0.0
2021-07-30 00:26:39.817425,2115914,0.0,3.9
2021-07-30 00:26:39.973169,2115851,0.0,0.0
2021-07-30 00:26:39.973169,2115914,0.0,3.9
2021-07-30 00:26:40.128373,2115851,0.0,0.0
2021-07-30 00:26:40.128373,2115914,0.0,3.9
2021-07-30 00:26:40.283792,2115851,0.0,0.0
2021-07-30 00:26:40.283792,2115914,0.0,3.9
2021-07-30 00:26:40.439227,2115851,0.0,0.0
2021-07-30 00:26:40.439227,2115914,0.0,3.9
2021-07-30 00:26:40.594692,2115851,0.0,0.0
2021-07-30 00:26:40.594692,2115914,0.0,3.9
2021-07-30 00:26:40.750452,2115851,0.0,0.0
2021-07-30 00:26:40.750452,2115914,0.0,3.9
2021-07-30 00:26:40.906527,2115851,0.0,0.0
2021-07-30 00:26:40.906527,2115914,0.0,3.9
2021-07-30 00:26:41.062201,2115851,0.0,0.0
2021-07-30 00:26:41.062201,2115914,0.0,3.9
2021-07-30 00:26:41.218898,2115851,0.0,0.0
2021-07-30 00:26:41.218898,2115914,0.0,3.9
2021-07-30 00:26:41.376745,2115851,0.0,0.0
2021-07-30 00:26:41.376745,2115914,0.0,3.9
2021-07-30 00:26:41.533113,2115851,0.0,0.0
2021-07-30 00:26:41.533113,2115914,0.0,3.9
2021-07-30 00:26:41.689510,2115914,6.7,3.9
2021-07-30 00:26:41.689510,2115851,0.0,0.0
2021-07-30 00:26:41.846516,2115851,0.0,0.0
2021-07-30 00:26:41.846516,2115914,0.0,3.9
2021-07-30 00:26:42.003730,2115851,0.0,0.0
2021-07-30 00:26:42.003730,2115914,0.0,3.9
2021-07-30 00:26:42.160104,2115851,0.0,0.0
2021-07-30 00:26:42.160104,2115914,0.0,3.9
2021-07-30 00:26:42.317416,2115851,0.0,0.0
2021-07-30 00:26:42.317416,2115914,0.0,3.9
2021-07-30 00:26:42.473375,2115851,0.0,0.0
2021-07-30 00:26:42.473375,2115914,0.0,3.9
2021-07-30 00:26:42.630150,2115851,0.0,0.0
2021-07-30 00:26:42.630150,2115914,0.0,3.9
2021-07-30 00:26:42.787227,2115851,0.0,0.0
2021-07-30 00:26:42.787227,2115914,0.0,3.9
2021-07-30 00:26:42.944133,2115914,6.7,3.9
2021-07-30 00:26:42.944133,2115851,0.0,0.0
2021-07-30 00:26:43.103727,2115851,0.0,0.0
2021-07-30 00:26:43.103727,2115914,0.0,3.9
2021-07-30 00:26:43.260546,2115851,0.0,0.0
2021-07-30 00:26:43.260546,2115914,0.0,3.9
2021-07-30 00:26:43.417229,2115914,6.7,3.9
2021-07-30 00:26:43.417229,2115851,0.0,0.0
2021-07-30 00:26:43.574721,2115851,0.0,0.0
2021-07-30 00:26:43.574721,2115914,0.0,3.9
2021-07-30 00:26:43.732067,2115851,0.0,0.0
2021-07-30 00:26:43.732067,2115914,0.0,3.9
2021-07-30 00:26:43.889374,2115851,0.0,0.0
2021-07-30 00:26:43.889374,2115914,0.0,3.9
2021-07-30 00:26:44.046742,2115851,0.0,0.0
2021-07-30 00:26:44.046742,2115914,0.0,3.9
2021-07-30 00:26:44.203884,2115851,0.0,0.0
2021-07-30 00:26:44.203884,2115914,0.0,3.9
2021-07-30 00:26:44.360083,2115914,6.7,3.9
2021-07-30 00:26:44.360083,2115851,0.0,0.0
2021-07-30 00:26:44.517480,2115851,0.0,0.0
2021-07-30 00:26:44.517480,2115914,0.0,3.9
2021-07-30 00:26:44.674590,2115851,0.0,0.0
2021-07-30 00:26:44.674590,2115914,0.0,3.9
2021-07-30 00:26:44.831984,2115851,0.0,0.0
2021-07-30 00:26:44.831984,2115914,0.0,3.9
2021-07-30 00:26:44.989796,2115914,6.7,3.9
2021-07-30 00:26:44.989796,2115851,0.0,0.0
2021-07-30 00:26:45.148569,2115851,0.0,0.0
2021-07-30 00:26:45.148569,2115914,0.0,3.9
2021-07-30 00:26:45.305771,2115851,0.0,0.0
2021-07-30 00:26:45.305771,2115914,0.0,3.9
2021-07-30 00:26:45.461747,2115851,0.0,0.0
2021-07-30 00:26:45.461747,2115914,0.0,3.9
2021-07-30 00:26:45.617673,2115851,0.0,0.0
2021-07-30 00:26:45.617673,2115914,0.0,3.9
2021-07-30 00:26:45.773085,2115914,6.7,3.9
2021-07-30 00:26:45.773085,2115851,0.0,0.0
2021-07-30 00:26:45.928950,2115851,0.0,0.0
2021-07-30 00:26:45.928950,2115914,0.0,3.9
2021-07-30 00:26:46.084566,2115851,0.0,0.0
2021-07-30 00:26:46.084566,2115914,0.0,3.9
2021-07-30 00:26:46.240400,2115851,0.0,0.0
2021-07-30 00:26:46.240400,2115914,0.0,3.9
2021-07-30 00:26:46.396291,2115851,0.0,0.0
2021-07-30 00:26:46.396291,2115914,0.0,3.9
2021-07-30 00:26:46.551823,2115851,0.0,0.0
2021-07-30 00:26:46.551823,2115914,0.0,3.9
2021-07-30 00:26:46.707401,2115851,0.0,0.0
2021-07-30 00:26:46.707401,2115914,0.0,3.9
2021-07-30 00:26:46.862960,2115851,0.0,0.0
2021-07-30 00:26:46.862960,2115914,0.0,3.9
2021-07-30 00:26:47.018488,2115851,0.0,0.0
2021-07-30 00:26:47.018488,2115914,0.0,3.9
2021-07-30 00:26:47.174277,2115851,0.0,0.0
2021-07-30 00:26:47.174277,2115914,0.0,3.9
2021-07-30 00:26:47.329925,2115851,0.0,0.0
2021-07-30 00:26:47.329925,2115914,0.0,3.9
2021-07-30 00:26:47.485212,2115851,0.0,0.0
2021-07-30 00:26:47.485212,2115914,0.0,3.9
2021-07-30 00:26:47.641202,2115851,0.0,0.0
2021-07-30 00:26:47.641202,2115914,0.0,3.9
2021-07-30 00:26:47.796675,2115851,0.0,0.0
2021-07-30 00:26:47.796675,2115914,0.0,3.9
2021-07-30 00:26:47.952140,2115851,0.0,0.0
2021-07-30 00:26:47.952140,2115914,0.0,3.9
2021-07-30 00:26:48.107901,2115851,0.0,0.0
2021-07-30 00:26:48.107901,2115914,0.0,3.9
2021-07-30 00:26:48.263415,2115851,0.0,0.0
2021-07-30 00:26:48.263415,2115914,0.0,3.9
2021-07-30 00:26:48.418963,2115851,0.0,0.0
2021-07-30 00:26:48.418963,2115914,0.0,3.9
2021-07-30 00:26:48.574319,2115851,0.0,0.0
2021-07-30 00:26:48.574319,2115914,0.0,3.9
2021-07-30 00:26:48.730068,2115851,0.0,0.0
2021-07-30 00:26:48.730068,2115914,0.0,3.9
2021-07-30 00:26:48.885648,2115851,0.0,0.0
2021-07-30 00:26:48.885648,2115914,0.0,3.9
2021-07-30 00:26:49.041325,2115851,0.0,0.0
2021-07-30 00:26:49.041325,2115914,0.0,3.9
2021-07-30 00:26:49.196865,2115851,0.0,0.0
2021-07-30 00:26:49.196865,2115914,0.0,3.9
2021-07-30 00:26:49.352701,2115851,0.0,0.0
2021-07-30 00:26:49.352701,2115914,0.0,3.9
2021-07-30 00:26:49.508242,2115851,0.0,0.0
2021-07-30 00:26:49.508242,2115914,0.0,3.9
2021-07-30 00:26:49.663974,2115851,0.0,0.0
2021-07-30 00:26:49.663974,2115914,0.0,3.9
2021-07-30 00:26:49.819524,2115851,0.0,0.0
2021-07-30 00:26:49.819524,2115914,0.0,3.9
2021-07-30 00:26:49.975372,2115851,0.0,0.0
2021-07-30 00:26:49.975372,2115914,0.0,3.9
2021-07-30 00:26:50.131122,2115914,6.7,3.9
2021-07-30 00:26:50.131122,2115851,0.0,0.0
