timestamp,PID,CPU,RAM
2021-08-08 03:22:23.922329,3110994,0.0,0.0
2021-08-08 03:22:23.922329,3111057,0.0,5.1
2021-08-08 03:22:24.079795,3110994,0.0,0.0
2021-08-08 03:22:24.079795,3111057,0.0,5.1
2021-08-08 03:22:24.236985,3110994,0.0,0.0
2021-08-08 03:22:24.236985,3111057,0.0,5.1
2021-08-08 03:22:24.394138,3110994,0.0,0.0
2021-08-08 03:22:24.394138,3111057,0.0,5.1
2021-08-08 03:22:24.551275,3110994,0.0,0.0
2021-08-08 03:22:24.551275,3111057,0.0,5.1
2021-08-08 03:22:24.709087,3110994,0.0,0.0
2021-08-08 03:22:24.709087,3111057,0.0,5.1
2021-08-08 03:22:24.866429,3110994,0.0,0.0
2021-08-08 03:22:24.866429,3111057,0.0,5.1
2021-08-08 03:22:25.023797,3110994,0.0,0.0
2021-08-08 03:22:25.023797,3111057,0.0,5.1
2021-08-08 03:22:25.180996,3110994,0.0,0.0
2021-08-08 03:22:25.180996,3111057,0.0,5.1
2021-08-08 03:22:25.338040,3110994,0.0,0.0
2021-08-08 03:22:25.338040,3111057,0.0,5.1
2021-08-08 03:22:25.495290,3110994,0.0,0.0
2021-08-08 03:22:25.495290,3111057,0.0,5.1
2021-08-08 03:22:25.652609,3110994,0.0,0.0
2021-08-08 03:22:25.652609,3111057,0.0,5.1
2021-08-08 03:22:25.809844,3110994,0.0,0.0
2021-08-08 03:22:25.809844,3111057,0.0,5.1
2021-08-08 03:22:25.967566,3110994,0.0,0.0
2021-08-08 03:22:25.967566,3111057,0.0,5.1
2021-08-08 03:22:26.124815,3110994,0.0,0.0
2021-08-08 03:22:26.124815,3111057,0.0,5.1
2021-08-08 03:22:26.282376,3110994,0.0,0.0
2021-08-08 03:22:26.282376,3111057,0.0,5.1
2021-08-08 03:22:26.439710,3110994,0.0,0.0
2021-08-08 03:22:26.439710,3111057,0.0,5.1
2021-08-08 03:22:26.597018,3110994,0.0,0.0
2021-08-08 03:22:26.597018,3111057,0.0,5.1
2021-08-08 03:22:26.754340,3110994,0.0,0.0
2021-08-08 03:22:26.754340,3111057,0.0,5.1
2021-08-08 03:22:26.911561,3111057,13.3,5.1
2021-08-08 03:22:26.911561,3110994,0.0,0.0
2021-08-08 03:22:27.068476,3110994,0.0,0.0
2021-08-08 03:22:27.068476,3111057,0.0,5.1
2021-08-08 03:22:27.227582,3110994,0.0,0.0
2021-08-08 03:22:27.227582,3111057,0.0,5.1
2021-08-08 03:22:27.383543,3110994,0.0,0.0
2021-08-08 03:22:27.383543,3111057,0.0,5.1
2021-08-08 03:22:27.540087,3110994,0.0,0.0
2021-08-08 03:22:27.540087,3111057,0.0,5.1
2021-08-08 03:22:27.697407,3110994,0.0,0.0
2021-08-08 03:22:27.697407,3111057,0.0,5.1
2021-08-08 03:22:27.856735,3110994,0.0,0.0
2021-08-08 03:22:27.856735,3111057,0.0,5.1
2021-08-08 03:22:28.014011,3111057,6.2,5.1
2021-08-08 03:22:28.014011,3110994,0.0,0.0
2021-08-08 03:22:28.170301,3110994,0.0,0.0
2021-08-08 03:22:28.170301,3111057,0.0,5.1
2021-08-08 03:22:28.327457,3110994,0.0,0.0
2021-08-08 03:22:28.327457,3111057,0.0,5.1
2021-08-08 03:22:28.486109,3110994,0.0,0.0
2021-08-08 03:22:28.486109,3111057,0.0,5.1
2021-08-08 03:22:28.643132,3110994,0.0,0.0
2021-08-08 03:22:28.643132,3111057,0.0,5.1
2021-08-08 03:22:28.799961,3110994,0.0,0.0
2021-08-08 03:22:28.799961,3111057,0.0,5.1
2021-08-08 03:22:28.957511,3110994,0.0,0.0
2021-08-08 03:22:28.957511,3111057,0.0,5.1
2021-08-08 03:22:29.114760,3110994,0.0,0.0
2021-08-08 03:22:29.114760,3111057,0.0,5.1
2021-08-08 03:22:29.271318,3110994,0.0,0.0
2021-08-08 03:22:29.271318,3111057,0.0,5.1
2021-08-08 03:22:29.428440,3110994,0.0,0.0
2021-08-08 03:22:29.428440,3111057,0.0,5.1
2021-08-08 03:22:29.586234,3110994,0.0,0.0
2021-08-08 03:22:29.586234,3111057,0.0,5.1
2021-08-08 03:22:29.743923,3110994,0.0,0.0
2021-08-08 03:22:29.743923,3111057,0.0,5.1
2021-08-08 03:22:29.901066,3110994,0.0,0.0
2021-08-08 03:22:29.901066,3111057,0.0,5.1
2021-08-08 03:22:30.058863,3110994,0.0,0.0
2021-08-08 03:22:30.058863,3111057,0.0,5.1
2021-08-08 03:22:30.215870,3110994,0.0,0.0
2021-08-08 03:22:30.215870,3111057,0.0,5.1
2021-08-08 03:22:30.374702,3110994,0.0,0.0
2021-08-08 03:22:30.374702,3111057,0.0,5.1
2021-08-08 03:22:30.531195,3110994,0.0,0.0
2021-08-08 03:22:30.531195,3111057,0.0,5.1
2021-08-08 03:22:30.688208,3110994,0.0,0.0
2021-08-08 03:22:30.688208,3111057,0.0,5.1
2021-08-08 03:22:30.845889,3110994,0.0,0.0
2021-08-08 03:22:30.845889,3111057,0.0,5.1
2021-08-08 03:22:31.003585,3110994,0.0,0.0
2021-08-08 03:22:31.003585,3111057,0.0,5.1
2021-08-08 03:22:31.161097,3110994,0.0,0.0
2021-08-08 03:22:31.161097,3111057,0.0,5.1
2021-08-08 03:22:31.318515,3110994,0.0,0.0
2021-08-08 03:22:31.318515,3111057,0.0,5.1
2021-08-08 03:22:31.475957,3110994,0.0,0.0
2021-08-08 03:22:31.475957,3111057,0.0,5.1
2021-08-08 03:22:31.633187,3110994,0.0,0.0
2021-08-08 03:22:31.633187,3111057,0.0,5.1
2021-08-08 03:22:31.790807,3110994,0.0,0.0
2021-08-08 03:22:31.790807,3111057,0.0,5.1
2021-08-08 03:22:31.948119,3110994,0.0,0.0
2021-08-08 03:22:31.948119,3111057,0.0,5.1
2021-08-08 03:22:32.105502,3110994,0.0,0.0
2021-08-08 03:22:32.105502,3111057,0.0,5.1
2021-08-08 03:22:32.263058,3110994,0.0,0.0
2021-08-08 03:22:32.263058,3111057,0.0,5.1
2021-08-08 03:22:32.419568,3110994,0.0,0.0
2021-08-08 03:22:32.419568,3111057,0.0,5.1
2021-08-08 03:22:32.576796,3110994,0.0,0.0
2021-08-08 03:22:32.576796,3111057,0.0,5.1
2021-08-08 03:22:32.734055,3110994,0.0,0.0
2021-08-08 03:22:32.734055,3111057,0.0,5.1
2021-08-08 03:22:32.891248,3110994,0.0,0.0
2021-08-08 03:22:32.891248,3111057,0.0,5.1
2021-08-08 03:22:33.048531,3110994,0.0,0.0
2021-08-08 03:22:33.048531,3111057,0.0,5.1
2021-08-08 03:22:33.205879,3110994,0.0,0.0
2021-08-08 03:22:33.205879,3111057,0.0,5.1
2021-08-08 03:22:33.363181,3110994,0.0,0.0
2021-08-08 03:22:33.363181,3111057,0.0,5.1
2021-08-08 03:22:33.520463,3110994,0.0,0.0
2021-08-08 03:22:33.520463,3111057,0.0,5.1
2021-08-08 03:22:33.677759,3110994,0.0,0.0
2021-08-08 03:22:33.677759,3111057,0.0,5.1
2021-08-08 03:22:33.835012,3110994,0.0,0.0
2021-08-08 03:22:33.835012,3111057,0.0,5.1
2021-08-08 03:22:33.992324,3110994,0.0,0.0
2021-08-08 03:22:33.992324,3111057,0.0,5.1
2021-08-08 03:22:34.149631,3110994,0.0,0.0
2021-08-08 03:22:34.149631,3111057,0.0,5.1
2021-08-08 03:22:34.306965,3110994,0.0,0.0
2021-08-08 03:22:34.306965,3111057,0.0,5.1
2021-08-08 03:22:34.464174,3110994,0.0,0.0
2021-08-08 03:22:34.464174,3111057,0.0,5.1
2021-08-08 03:22:34.621639,3110994,0.0,0.0
2021-08-08 03:22:34.621639,3111057,0.0,5.1
2021-08-08 03:22:34.778939,3110994,0.0,0.0
2021-08-08 03:22:34.778939,3111057,0.0,5.1
2021-08-08 03:22:34.935778,3110994,0.0,0.0
2021-08-08 03:22:34.935778,3111057,0.0,5.1
2021-08-08 03:22:35.093531,3111057,6.7,5.1
2021-08-08 03:22:35.093531,3110994,0.0,0.0
2021-08-08 03:22:35.250800,3110994,0.0,0.0
2021-08-08 03:22:35.250800,3111057,0.0,5.1
2021-08-08 03:22:35.408126,3110994,0.0,0.0
2021-08-08 03:22:35.408126,3111057,0.0,5.1
2021-08-08 03:22:35.565277,3110994,0.0,0.0
2021-08-08 03:22:35.565277,3111057,0.0,5.1
2021-08-08 03:22:35.722772,3110994,0.0,0.0
2021-08-08 03:22:35.722772,3111057,0.0,5.1
2021-08-08 03:22:35.880020,3110994,0.0,0.0
2021-08-08 03:22:35.880020,3111057,0.0,5.1
2021-08-08 03:22:36.037277,3110994,0.0,0.0
2021-08-08 03:22:36.037277,3111057,0.0,5.1
2021-08-08 03:22:36.194524,3110994,0.0,0.0
2021-08-08 03:22:36.194524,3111057,0.0,5.1
2021-08-08 03:22:36.351864,3110994,0.0,0.0
2021-08-08 03:22:36.351864,3111057,0.0,5.1
2021-08-08 03:22:36.509155,3110994,0.0,0.0
2021-08-08 03:22:36.509155,3111057,0.0,5.1
2021-08-08 03:22:36.666476,3110994,0.0,0.0
2021-08-08 03:22:36.666476,3111057,0.0,5.1
2021-08-08 03:22:36.823753,3110994,0.0,0.0
2021-08-08 03:22:36.823753,3111057,0.0,5.1
2021-08-08 03:22:36.981264,3110994,0.0,0.0
2021-08-08 03:22:36.981264,3111057,0.0,5.1
2021-08-08 03:22:37.138564,3110994,0.0,0.0
2021-08-08 03:22:37.138564,3111057,0.0,5.1
2021-08-08 03:22:37.295822,3110994,0.0,0.0
2021-08-08 03:22:37.295822,3111057,0.0,5.1
2021-08-08 03:22:37.453261,3110994,0.0,0.0
2021-08-08 03:22:37.453261,3111057,0.0,5.1
2021-08-08 03:22:37.610744,3110994,0.0,0.0
2021-08-08 03:22:37.610744,3111057,0.0,5.1
2021-08-08 03:22:37.768052,3110994,0.0,0.0
2021-08-08 03:22:37.768052,3111057,0.0,5.1
2021-08-08 03:22:37.925139,3110994,0.0,0.0
2021-08-08 03:22:37.925139,3111057,0.0,5.1
2021-08-08 03:22:38.082400,3110994,0.0,0.0
2021-08-08 03:22:38.082400,3111057,0.0,5.1
2021-08-08 03:22:38.239608,3110994,0.0,0.0
2021-08-08 03:22:38.239608,3111057,0.0,5.1
2021-08-08 03:22:38.396989,3110994,0.0,0.0
2021-08-08 03:22:38.396989,3111057,0.0,5.1
2021-08-08 03:22:38.554323,3110994,0.0,0.0
2021-08-08 03:22:38.554323,3111057,0.0,5.1
2021-08-08 03:22:38.711538,3110994,0.0,0.0
2021-08-08 03:22:38.711538,3111057,0.0,5.1
2021-08-08 03:22:38.869237,3110994,0.0,0.0
2021-08-08 03:22:38.869237,3111057,0.0,5.1
2021-08-08 03:22:39.026510,3110994,0.0,0.0
2021-08-08 03:22:39.026510,3111057,0.0,5.1
2021-08-08 03:22:39.183796,3110994,0.0,0.0
2021-08-08 03:22:39.183796,3111057,0.0,5.1
2021-08-08 03:22:39.341366,3110994,0.0,0.0
2021-08-08 03:22:39.341366,3111057,0.0,5.1
2021-08-08 03:22:39.498224,3110994,0.0,0.0
2021-08-08 03:22:39.498224,3111057,0.0,5.1
2021-08-08 03:22:39.655467,3110994,0.0,0.0
2021-08-08 03:22:39.655467,3111057,0.0,5.1
2021-08-08 03:22:39.812834,3110994,0.0,0.0
2021-08-08 03:22:39.812834,3111057,0.0,5.1
2021-08-08 03:22:39.970304,3110994,0.0,0.0
2021-08-08 03:22:39.970304,3111057,0.0,5.1
2021-08-08 03:22:40.127621,3110994,0.0,0.0
2021-08-08 03:22:40.127621,3111057,0.0,5.1
2021-08-08 03:22:40.285016,3110994,0.0,0.0
2021-08-08 03:22:40.285016,3111057,0.0,5.1
2021-08-08 03:22:40.442589,3110994,0.0,0.0
2021-08-08 03:22:40.442589,3111057,0.0,5.1
2021-08-08 03:22:40.599886,3110994,0.0,0.0
2021-08-08 03:22:40.599886,3111057,0.0,5.1
2021-08-08 03:22:40.757407,3110994,0.0,0.0
2021-08-08 03:22:40.757407,3111057,0.0,5.1
2021-08-08 03:22:40.914750,3110994,0.0,0.0
2021-08-08 03:22:40.914750,3111057,0.0,5.1
2021-08-08 03:22:41.072055,3110994,0.0,0.0
2021-08-08 03:22:41.072055,3111057,0.0,5.1
2021-08-08 03:22:41.229125,3110994,0.0,0.0
2021-08-08 03:22:41.229125,3111057,0.0,5.1
2021-08-08 03:22:41.386463,3110994,0.0,0.0
2021-08-08 03:22:41.386463,3111057,0.0,5.1
2021-08-08 03:22:41.543845,3110994,0.0,0.0
2021-08-08 03:22:41.543845,3111057,0.0,5.1
2021-08-08 03:22:41.701210,3110994,0.0,0.0
2021-08-08 03:22:41.701210,3111057,0.0,5.1
2021-08-08 03:22:41.858488,3110994,0.0,0.0
2021-08-08 03:22:41.858488,3111057,0.0,5.1
2021-08-08 03:22:42.015759,3110994,0.0,0.0
2021-08-08 03:22:42.015759,3111057,0.0,5.1
2021-08-08 03:22:42.173057,3110994,0.0,0.0
2021-08-08 03:22:42.173057,3111057,0.0,5.1
2021-08-08 03:22:42.330378,3110994,0.0,0.0
2021-08-08 03:22:42.330378,3111057,0.0,5.1
2021-08-08 03:22:42.487702,3110994,0.0,0.0
2021-08-08 03:22:42.487702,3111057,0.0,5.1
2021-08-08 03:22:42.645094,3110994,0.0,0.0
2021-08-08 03:22:42.645094,3111057,0.0,5.1
2021-08-08 03:22:42.802424,3110994,0.0,0.0
2021-08-08 03:22:42.802424,3111057,0.0,5.1
2021-08-08 03:22:42.959714,3110994,0.0,0.0
2021-08-08 03:22:42.959714,3111057,0.0,5.1
2021-08-08 03:22:43.117131,3110994,0.0,0.0
2021-08-08 03:22:43.117131,3111057,0.0,5.1
2021-08-08 03:22:43.274667,3110994,0.0,0.0
2021-08-08 03:22:43.274667,3111057,0.0,5.1
2021-08-08 03:22:43.431774,3110994,0.0,0.0
2021-08-08 03:22:43.431774,3111057,0.0,5.1
2021-08-08 03:22:43.588711,3110994,0.0,0.0
2021-08-08 03:22:43.588711,3111057,0.0,5.1
2021-08-08 03:22:43.746224,3110994,0.0,0.0
2021-08-08 03:22:43.746224,3111057,0.0,5.1
2021-08-08 03:22:43.903547,3110994,0.0,0.0
2021-08-08 03:22:43.903547,3111057,0.0,5.1
2021-08-08 03:22:44.060781,3110994,0.0,0.0
2021-08-08 03:22:44.060781,3111057,0.0,5.1
2021-08-08 03:22:44.218308,3110994,0.0,0.0
2021-08-08 03:22:44.218308,3111057,0.0,5.1
2021-08-08 03:22:44.375550,3110994,0.0,0.0
2021-08-08 03:22:44.375550,3111057,0.0,5.1
2021-08-08 03:22:44.532611,3110994,0.0,0.0
2021-08-08 03:22:44.532611,3111057,0.0,5.1
2021-08-08 03:22:44.690524,3110994,0.0,0.0
2021-08-08 03:22:44.690524,3111057,0.0,5.1
2021-08-08 03:22:44.848237,3110994,0.0,0.0
2021-08-08 03:22:44.848237,3111057,0.0,5.1
2021-08-08 03:22:45.005442,3110994,0.0,0.0
2021-08-08 03:22:45.005442,3111057,0.0,5.1
2021-08-08 03:22:45.162925,3110994,0.0,0.0
2021-08-08 03:22:45.162925,3111057,0.0,5.1
2021-08-08 03:22:45.320465,3110994,0.0,0.0
2021-08-08 03:22:45.320465,3111057,0.0,5.1
2021-08-08 03:22:45.477754,3110994,0.0,0.0
2021-08-08 03:22:45.477754,3111057,0.0,5.1
2021-08-08 03:22:45.634976,3110994,0.0,0.0
2021-08-08 03:22:45.634976,3111057,0.0,5.1
2021-08-08 03:22:45.792598,3110994,0.0,0.0
2021-08-08 03:22:45.792598,3111057,0.0,5.1
2021-08-08 03:22:45.949854,3110994,0.0,0.0
2021-08-08 03:22:45.949854,3111057,0.0,5.1
2021-08-08 03:22:46.107018,3110994,0.0,0.0
2021-08-08 03:22:46.107018,3111057,0.0,5.1
2021-08-08 03:22:46.264602,3110994,0.0,0.0
2021-08-08 03:22:46.264602,3111057,0.0,5.1
2021-08-08 03:22:46.422155,3110994,0.0,0.0
2021-08-08 03:22:46.422155,3111057,0.0,5.1
2021-08-08 03:22:46.579367,3110994,0.0,0.0
2021-08-08 03:22:46.579367,3111057,0.0,5.1
2021-08-08 03:22:46.736733,3110994,0.0,0.0
2021-08-08 03:22:46.736733,3111057,0.0,5.1
2021-08-08 03:22:46.894238,3110994,0.0,0.0
2021-08-08 03:22:46.894238,3111057,0.0,5.1
2021-08-08 03:22:47.051408,3110994,0.0,0.0
2021-08-08 03:22:47.051408,3111057,0.0,5.1
2021-08-08 03:22:47.208709,3110994,0.0,0.0
2021-08-08 03:22:47.208709,3111057,0.0,5.1
2021-08-08 03:22:47.366268,3110994,0.0,0.0
2021-08-08 03:22:47.366268,3111057,0.0,5.1
2021-08-08 03:22:47.523624,3110994,0.0,0.0
2021-08-08 03:22:47.523624,3111057,0.0,5.1
2021-08-08 03:22:47.681238,3110994,0.0,0.0
2021-08-08 03:22:47.681238,3111057,0.0,5.1
2021-08-08 03:22:47.838619,3110994,0.0,0.0
2021-08-08 03:22:47.838619,3111057,0.0,5.1
2021-08-08 03:22:47.995886,3110994,0.0,0.0
2021-08-08 03:22:47.995886,3111057,0.0,5.1
2021-08-08 03:22:48.152512,3110994,0.0,0.0
2021-08-08 03:22:48.152512,3111057,0.0,5.1
2021-08-08 03:22:48.309927,3110994,0.0,0.0
2021-08-08 03:22:48.309927,3111057,0.0,5.1
2021-08-08 03:22:48.466867,3110994,0.0,0.0
2021-08-08 03:22:48.466867,3111057,0.0,5.1
2021-08-08 03:22:48.624102,3110994,0.0,0.0
2021-08-08 03:22:48.624102,3111057,0.0,5.1
2021-08-08 03:22:48.781208,3110994,0.0,0.0
2021-08-08 03:22:48.781208,3111057,0.0,5.1
2021-08-08 03:22:48.938508,3110994,0.0,0.0
2021-08-08 03:22:48.938508,3111057,0.0,5.1
2021-08-08 03:22:49.095741,3110994,0.0,0.0
2021-08-08 03:22:49.095741,3111057,0.0,5.1
2021-08-08 03:22:49.253033,3110994,0.0,0.0
2021-08-08 03:22:49.253033,3111057,0.0,5.1
2021-08-08 03:22:49.410368,3110994,0.0,0.0
2021-08-08 03:22:49.410368,3111057,0.0,5.1
2021-08-08 03:22:49.567761,3110994,0.0,0.0
2021-08-08 03:22:49.567761,3111057,0.0,5.1
2021-08-08 03:22:49.725285,3110994,0.0,0.0
2021-08-08 03:22:49.725285,3111057,0.0,5.1
2021-08-08 03:22:49.882676,3110994,0.0,0.0
2021-08-08 03:22:49.882676,3111057,0.0,5.1
2021-08-08 03:22:50.040141,3110994,0.0,0.0
2021-08-08 03:22:50.040141,3111057,0.0,5.1
2021-08-08 03:22:50.197852,3110994,0.0,0.0
2021-08-08 03:22:50.197852,3111057,0.0,5.1
2021-08-08 03:22:50.355257,3110994,0.0,0.0
2021-08-08 03:22:50.355257,3111057,0.0,5.1
2021-08-08 03:22:50.512491,3110994,0.0,0.0
2021-08-08 03:22:50.512491,3111057,0.0,5.1
2021-08-08 03:22:50.669501,3110994,0.0,0.0
2021-08-08 03:22:50.669501,3111057,0.0,5.1
2021-08-08 03:22:50.826973,3110994,0.0,0.0
2021-08-08 03:22:50.826973,3111057,0.0,5.1
2021-08-08 03:22:50.984215,3110994,0.0,0.0
2021-08-08 03:22:50.984215,3111057,0.0,5.1
2021-08-08 03:22:51.141480,3110994,0.0,0.0
2021-08-08 03:22:51.141480,3111057,0.0,5.1
2021-08-08 03:22:51.298838,3110994,0.0,0.0
2021-08-08 03:22:51.298838,3111057,0.0,5.1
2021-08-08 03:22:51.456329,3110994,0.0,0.0
2021-08-08 03:22:51.456329,3111057,0.0,5.1
2021-08-08 03:22:51.613668,3110994,0.0,0.0
2021-08-08 03:22:51.613668,3111057,0.0,5.1
2021-08-08 03:22:51.771400,3110994,0.0,0.0
2021-08-08 03:22:51.771400,3111057,0.0,5.1
2021-08-08 03:22:51.928688,3110994,0.0,0.0
2021-08-08 03:22:51.928688,3111057,0.0,5.1
2021-08-08 03:22:52.085951,3110994,0.0,0.0
2021-08-08 03:22:52.085951,3111057,0.0,5.1
2021-08-08 03:22:52.243627,3110994,0.0,0.0
2021-08-08 03:22:52.243627,3111057,0.0,5.1
2021-08-08 03:22:52.401113,3110994,0.0,0.0
2021-08-08 03:22:52.401113,3111057,0.0,5.1
2021-08-08 03:22:52.558892,3110994,0.0,0.0
2021-08-08 03:22:52.558892,3111057,0.0,5.1
2021-08-08 03:22:52.716166,3110994,0.0,0.0
2021-08-08 03:22:52.716166,3111057,0.0,5.1
2021-08-08 03:22:52.873456,3110994,0.0,0.0
2021-08-08 03:22:52.873456,3111057,0.0,5.1
2021-08-08 03:22:53.030762,3110994,0.0,0.0
2021-08-08 03:22:53.030762,3111057,0.0,5.1
2021-08-08 03:22:53.188083,3110994,0.0,0.0
2021-08-08 03:22:53.188083,3111057,0.0,5.1
2021-08-08 03:22:53.345388,3110994,0.0,0.0
2021-08-08 03:22:53.345388,3111057,0.0,5.1
2021-08-08 03:22:53.502653,3110994,0.0,0.0
2021-08-08 03:22:53.502653,3111057,0.0,5.1
2021-08-08 03:22:53.659870,3110994,0.0,0.0
2021-08-08 03:22:53.659870,3111057,0.0,5.1
2021-08-08 03:22:53.816991,3110994,0.0,0.0
2021-08-08 03:22:53.816991,3111057,0.0,5.1
2021-08-08 03:22:53.974271,3110994,0.0,0.0
2021-08-08 03:22:53.974271,3111057,0.0,5.1
2021-08-08 03:22:54.131557,3110994,0.0,0.0
2021-08-08 03:22:54.131557,3111057,0.0,5.1
2021-08-08 03:22:54.288907,3110994,0.0,0.0
2021-08-08 03:22:54.288907,3111057,0.0,5.1
2021-08-08 03:22:54.446126,3110994,0.0,0.0
2021-08-08 03:22:54.446126,3111057,0.0,5.1
2021-08-08 03:22:54.603343,3110994,0.0,0.0
2021-08-08 03:22:54.603343,3111057,0.0,5.1
2021-08-08 03:22:54.760774,3110994,0.0,0.0
2021-08-08 03:22:54.760774,3111057,0.0,5.1
2021-08-08 03:22:54.918429,3110994,0.0,0.0
2021-08-08 03:22:54.918429,3111057,0.0,5.1
2021-08-08 03:22:55.075695,3110994,0.0,0.0
2021-08-08 03:22:55.075695,3111057,0.0,5.1
2021-08-08 03:22:55.232990,3110994,0.0,0.0
2021-08-08 03:22:55.232990,3111057,0.0,5.1
2021-08-08 03:22:55.390493,3110994,0.0,0.0
2021-08-08 03:22:55.390493,3111057,0.0,5.1
2021-08-08 03:22:55.547768,3110994,0.0,0.0
2021-08-08 03:22:55.547768,3111057,0.0,5.1
2021-08-08 03:22:55.705061,3110994,0.0,0.0
2021-08-08 03:22:55.705061,3111057,0.0,5.1
2021-08-08 03:22:55.862608,3110994,0.0,0.0
2021-08-08 03:22:55.862608,3111057,0.0,5.1
2021-08-08 03:22:56.019880,3110994,0.0,0.0
2021-08-08 03:22:56.019880,3111057,0.0,5.1
2021-08-08 03:22:56.177045,3110994,0.0,0.0
2021-08-08 03:22:56.177045,3111057,0.0,5.1
2021-08-08 03:22:56.334255,3110994,0.0,0.0
2021-08-08 03:22:56.334255,3111057,0.0,5.1
2021-08-08 03:22:56.491509,3110994,0.0,0.0
2021-08-08 03:22:56.491509,3111057,0.0,5.1
2021-08-08 03:22:56.648681,3110994,0.0,0.0
2021-08-08 03:22:56.648681,3111057,0.0,5.1
2021-08-08 03:22:56.806214,3110994,0.0,0.0
2021-08-08 03:22:56.806214,3111057,0.0,5.1
2021-08-08 03:22:56.963490,3110994,0.0,0.0
2021-08-08 03:22:56.963490,3111057,0.0,5.1
2021-08-08 03:22:57.120713,3110994,0.0,0.0
2021-08-08 03:22:57.120713,3111057,0.0,5.1
2021-08-08 03:22:57.278238,3110994,0.0,0.0
2021-08-08 03:22:57.278238,3111057,0.0,5.1
2021-08-08 03:22:57.435514,3110994,0.0,0.0
2021-08-08 03:22:57.435514,3111057,0.0,5.1
2021-08-08 03:22:57.592833,3110994,0.0,0.0
2021-08-08 03:22:57.592833,3111057,0.0,5.1
2021-08-08 03:22:57.750383,3110994,0.0,0.0
2021-08-08 03:22:57.750383,3111057,0.0,5.1
2021-08-08 03:22:57.907709,3110994,0.0,0.0
2021-08-08 03:22:57.907709,3111057,0.0,5.1
2021-08-08 03:22:58.065163,3110994,0.0,0.0
2021-08-08 03:22:58.065163,3111057,0.0,5.1
2021-08-08 03:22:58.222358,3110994,0.0,0.0
2021-08-08 03:22:58.222358,3111057,0.0,5.1
2021-08-08 03:22:58.379730,3110994,0.0,0.0
2021-08-08 03:22:58.379730,3111057,0.0,5.1
2021-08-08 03:22:58.537064,3110994,0.0,0.0
2021-08-08 03:22:58.537064,3111057,0.0,5.1
2021-08-08 03:22:58.694288,3110994,0.0,0.0
2021-08-08 03:22:58.694288,3111057,0.0,5.1
2021-08-08 03:22:58.851561,3110994,0.0,0.0
2021-08-08 03:22:58.851561,3111057,0.0,5.1
2021-08-08 03:22:59.008690,3110994,0.0,0.0
2021-08-08 03:22:59.008690,3111057,0.0,5.1
2021-08-08 03:22:59.166214,3110994,0.0,0.0
2021-08-08 03:22:59.166214,3111057,0.0,5.1
2021-08-08 03:22:59.323597,3110994,0.0,0.0
2021-08-08 03:22:59.323597,3111057,0.0,5.1
2021-08-08 03:22:59.480772,3110994,0.0,0.0
2021-08-08 03:22:59.480772,3111057,0.0,5.1
2021-08-08 03:22:59.637907,3110994,0.0,0.0
2021-08-08 03:22:59.637907,3111057,0.0,5.1
2021-08-08 03:22:59.795671,3110994,0.0,0.0
2021-08-08 03:22:59.795671,3111057,0.0,5.1
2021-08-08 03:22:59.953062,3110994,0.0,0.0
2021-08-08 03:22:59.953062,3111057,0.0,5.1
2021-08-08 03:23:00.109997,3110994,0.0,0.0
2021-08-08 03:23:00.109997,3111057,0.0,5.1
2021-08-08 03:23:00.267507,3110994,0.0,0.0
2021-08-08 03:23:00.267507,3111057,0.0,5.1
2021-08-08 03:23:00.424840,3110994,0.0,0.0
2021-08-08 03:23:00.424840,3111057,0.0,5.1
2021-08-08 03:23:00.582364,3110994,0.0,0.0
2021-08-08 03:23:00.582364,3111057,0.0,5.1
2021-08-08 03:23:00.739683,3110994,0.0,0.0
2021-08-08 03:23:00.739683,3111057,0.0,5.1
2021-08-08 03:23:00.897166,3110994,0.0,0.0
2021-08-08 03:23:00.897166,3111057,0.0,5.1
2021-08-08 03:23:01.054662,3110994,0.0,0.0
2021-08-08 03:23:01.054662,3111057,0.0,5.1
2021-08-08 03:23:01.211994,3110994,0.0,0.0
2021-08-08 03:23:01.211994,3111057,0.0,5.1
2021-08-08 03:23:01.369349,3110994,0.0,0.0
2021-08-08 03:23:01.369349,3111057,0.0,5.1
2021-08-08 03:23:01.526582,3110994,0.0,0.0
2021-08-08 03:23:01.526582,3111057,0.0,5.1
2021-08-08 03:23:01.683903,3110994,0.0,0.0
2021-08-08 03:23:01.683903,3111057,0.0,5.1
2021-08-08 03:23:01.841010,3110994,0.0,0.0
2021-08-08 03:23:01.841010,3111057,0.0,5.1
2021-08-08 03:23:01.998307,3110994,0.0,0.0
2021-08-08 03:23:01.998307,3111057,0.0,5.1
2021-08-08 03:23:02.155904,3110994,0.0,0.0
2021-08-08 03:23:02.155904,3111057,0.0,5.1
2021-08-08 03:23:02.313107,3110994,0.0,0.0
2021-08-08 03:23:02.313107,3111057,0.0,5.1
2021-08-08 03:23:02.470364,3110994,0.0,0.0
2021-08-08 03:23:02.470364,3111057,0.0,5.1
2021-08-08 03:23:02.627622,3110994,0.0,0.0
2021-08-08 03:23:02.627622,3111057,0.0,5.1
2021-08-08 03:23:02.784958,3110994,0.0,0.0
2021-08-08 03:23:02.784958,3111057,0.0,5.1
2021-08-08 03:23:02.942287,3110994,0.0,0.0
2021-08-08 03:23:02.942287,3111057,0.0,5.1
2021-08-08 03:23:03.099628,3110994,0.0,0.0
2021-08-08 03:23:03.099628,3111057,0.0,5.1
2021-08-08 03:23:03.256558,3110994,0.0,0.0
2021-08-08 03:23:03.256558,3111057,0.0,5.1
2021-08-08 03:23:03.413857,3110994,0.0,0.0
2021-08-08 03:23:03.413857,3111057,0.0,5.1
2021-08-08 03:23:03.571115,3110994,0.0,0.0
2021-08-08 03:23:03.571115,3111057,0.0,5.1
2021-08-08 03:23:03.728415,3110994,0.0,0.0
2021-08-08 03:23:03.728415,3111057,0.0,5.1
2021-08-08 03:23:03.885374,3110994,0.0,0.0
2021-08-08 03:23:03.885374,3111057,0.0,5.1
2021-08-08 03:23:04.042675,3110994,0.0,0.0
2021-08-08 03:23:04.042675,3111057,0.0,5.1
2021-08-08 03:23:04.199904,3110994,0.0,0.0
2021-08-08 03:23:04.199904,3111057,0.0,5.1
2021-08-08 03:23:04.357195,3110994,0.0,0.0
2021-08-08 03:23:04.357195,3111057,0.0,5.1
2021-08-08 03:23:04.514675,3110994,0.0,0.0
2021-08-08 03:23:04.514675,3111057,0.0,5.1
2021-08-08 03:23:04.672477,3110994,0.0,0.0
2021-08-08 03:23:04.672477,3111057,0.0,5.1
2021-08-08 03:23:04.829539,3110994,0.0,0.0
2021-08-08 03:23:04.829539,3111057,0.0,5.1
2021-08-08 03:23:04.987256,3110994,0.0,0.0
2021-08-08 03:23:04.987256,3111057,0.0,5.1
2021-08-08 03:23:05.144559,3110994,0.0,0.0
2021-08-08 03:23:05.144559,3111057,0.0,5.1
2021-08-08 03:23:05.301937,3111057,6.7,5.1
2021-08-08 03:23:05.301937,3110994,0.0,0.0
2021-08-08 03:23:05.459234,3110994,0.0,0.0
2021-08-08 03:23:05.459234,3111057,0.0,5.1
2021-08-08 03:23:05.616685,3110994,0.0,0.0
2021-08-08 03:23:05.616685,3111057,0.0,5.1
2021-08-08 03:23:05.773905,3110994,0.0,0.0
2021-08-08 03:23:05.773905,3111057,0.0,5.1
2021-08-08 03:23:05.931324,3110994,0.0,0.0
2021-08-08 03:23:05.931324,3111057,0.0,5.1
2021-08-08 03:23:06.088686,3110994,0.0,0.0
2021-08-08 03:23:06.088686,3111057,0.0,5.1
2021-08-08 03:23:06.245967,3110994,0.0,0.0
2021-08-08 03:23:06.245967,3111057,0.0,5.1
2021-08-08 03:23:06.403518,3110994,0.0,0.0
2021-08-08 03:23:06.403518,3111057,0.0,5.1
2021-08-08 03:23:06.560993,3110994,0.0,0.0
2021-08-08 03:23:06.560993,3111057,0.0,5.1
2021-08-08 03:23:06.718258,3110994,0.0,0.0
2021-08-08 03:23:06.718258,3111057,0.0,5.1
2021-08-08 03:23:06.875534,3110994,0.0,0.0
2021-08-08 03:23:06.875534,3111057,0.0,5.1
2021-08-08 03:23:07.032806,3110994,0.0,0.0
2021-08-08 03:23:07.032806,3111057,0.0,5.1
2021-08-08 03:23:07.190067,3110994,0.0,0.0
2021-08-08 03:23:07.190067,3111057,0.0,5.1
2021-08-08 03:23:07.347294,3110994,0.0,0.0
2021-08-08 03:23:07.347294,3111057,0.0,5.1
2021-08-08 03:23:07.504967,3110994,0.0,0.0
2021-08-08 03:23:07.504967,3111057,0.0,5.1
2021-08-08 03:23:07.662595,3110994,0.0,0.0
2021-08-08 03:23:07.662595,3111057,0.0,5.1
2021-08-08 03:23:07.819927,3110994,0.0,0.0
2021-08-08 03:23:07.819927,3111057,0.0,5.1
2021-08-08 03:23:07.977323,3110994,0.0,0.0
2021-08-08 03:23:07.977323,3111057,0.0,5.1
2021-08-08 03:23:08.134645,3110994,0.0,0.0
2021-08-08 03:23:08.134645,3111057,0.0,5.1
2021-08-08 03:23:08.291990,3110994,0.0,0.0
2021-08-08 03:23:08.291990,3111057,0.0,5.1
2021-08-08 03:23:08.449231,3110994,0.0,0.0
2021-08-08 03:23:08.449231,3111057,0.0,5.1
2021-08-08 03:23:08.606717,3110994,0.0,0.0
2021-08-08 03:23:08.606717,3111057,0.0,5.1
2021-08-08 03:23:08.764041,3110994,0.0,0.0
2021-08-08 03:23:08.764041,3111057,0.0,5.1
2021-08-08 03:23:08.921396,3110994,0.0,0.0
2021-08-08 03:23:08.921396,3111057,0.0,5.1
2021-08-08 03:23:09.078611,3110994,0.0,0.0
2021-08-08 03:23:09.078611,3111057,0.0,5.1
2021-08-08 03:23:09.235902,3110994,0.0,0.0
2021-08-08 03:23:09.235902,3111057,0.0,5.1
2021-08-08 03:23:09.393265,3110994,0.0,0.0
2021-08-08 03:23:09.393265,3111057,0.0,5.1
2021-08-08 03:23:09.550550,3110994,0.0,0.0
2021-08-08 03:23:09.550550,3111057,0.0,5.1
2021-08-08 03:23:09.707818,3110994,0.0,0.0
2021-08-08 03:23:09.707818,3111057,0.0,5.1
2021-08-08 03:23:09.865080,3110994,0.0,0.0
2021-08-08 03:23:09.865080,3111057,0.0,5.1
2021-08-08 03:23:10.022644,3110994,0.0,0.0
2021-08-08 03:23:10.022644,3111057,0.0,5.1
2021-08-08 03:23:10.180372,3110994,0.0,0.0
2021-08-08 03:23:10.180372,3111057,0.0,5.1
2021-08-08 03:23:10.337982,3110994,0.0,0.0
2021-08-08 03:23:10.337982,3111057,0.0,5.1
2021-08-08 03:23:10.495309,3110994,0.0,0.0
2021-08-08 03:23:10.495309,3111057,0.0,5.1
2021-08-08 03:23:10.652591,3110994,0.0,0.0
2021-08-08 03:23:10.652591,3111057,0.0,5.1
2021-08-08 03:23:10.810135,3110994,0.0,0.0
2021-08-08 03:23:10.810135,3111057,0.0,5.1
2021-08-08 03:23:10.967476,3110994,0.0,0.0
2021-08-08 03:23:10.967476,3111057,0.0,5.1
2021-08-08 03:23:11.124660,3110994,0.0,0.0
2021-08-08 03:23:11.124660,3111057,0.0,5.1
2021-08-08 03:23:11.282182,3110994,0.0,0.0
2021-08-08 03:23:11.282182,3111057,0.0,5.1
2021-08-08 03:23:11.439598,3110994,0.0,0.0
2021-08-08 03:23:11.439598,3111057,0.0,5.1
2021-08-08 03:23:11.596936,3110994,0.0,0.0
2021-08-08 03:23:11.596936,3111057,0.0,5.1
2021-08-08 03:23:11.754234,3110994,0.0,0.0
2021-08-08 03:23:11.754234,3111057,0.0,5.1
2021-08-08 03:23:11.911514,3110994,0.0,0.0
2021-08-08 03:23:11.911514,3111057,0.0,5.1
2021-08-08 03:23:12.068712,3110994,0.0,0.0
2021-08-08 03:23:12.068712,3111057,0.0,5.1
2021-08-08 03:23:12.225949,3110994,0.0,0.0
2021-08-08 03:23:12.225949,3111057,0.0,5.1
2021-08-08 03:23:12.383247,3110994,0.0,0.0
2021-08-08 03:23:12.383247,3111057,0.0,5.1
2021-08-08 03:23:12.540468,3110994,0.0,0.0
2021-08-08 03:23:12.540468,3111057,0.0,5.1
2021-08-08 03:23:12.697785,3110994,0.0,0.0
2021-08-08 03:23:12.697785,3111057,0.0,5.1
2021-08-08 03:23:12.855056,3110994,0.0,0.0
2021-08-08 03:23:12.855056,3111057,0.0,5.1
2021-08-08 03:23:13.012547,3110994,0.0,0.0
2021-08-08 03:23:13.012547,3111057,0.0,5.1
2021-08-08 03:23:13.169772,3110994,0.0,0.0
2021-08-08 03:23:13.169772,3111057,0.0,5.1
2021-08-08 03:23:13.327520,3110994,0.0,0.0
2021-08-08 03:23:13.327520,3111057,0.0,5.1
2021-08-08 03:23:13.484883,3110994,0.0,0.0
2021-08-08 03:23:13.484883,3111057,0.0,5.1
2021-08-08 03:23:13.642414,3110994,0.0,0.0
2021-08-08 03:23:13.642414,3111057,0.0,5.1
2021-08-08 03:23:13.799809,3110994,0.0,0.0
2021-08-08 03:23:13.799809,3111057,0.0,5.1
2021-08-08 03:23:13.957092,3110994,0.0,0.0
2021-08-08 03:23:13.957092,3111057,0.0,5.1
2021-08-08 03:23:14.114619,3110994,0.0,0.0
2021-08-08 03:23:14.114619,3111057,0.0,5.1
2021-08-08 03:23:14.271831,3110994,0.0,0.0
2021-08-08 03:23:14.271831,3111057,0.0,5.1
2021-08-08 03:23:14.429205,3110994,0.0,0.0
2021-08-08 03:23:14.429205,3111057,0.0,5.1
2021-08-08 03:23:14.586986,3110994,0.0,0.0
2021-08-08 03:23:14.586986,3111057,0.0,5.1
2021-08-08 03:23:14.744431,3110994,0.0,0.0
2021-08-08 03:23:14.744431,3111057,0.0,5.1
2021-08-08 03:23:14.901661,3110994,0.0,0.0
2021-08-08 03:23:14.901661,3111057,0.0,5.1
2021-08-08 03:23:15.058954,3110994,0.0,0.0
2021-08-08 03:23:15.058954,3111057,0.0,5.1
2021-08-08 03:23:15.216074,3110994,0.0,0.0
2021-08-08 03:23:15.216074,3111057,0.0,5.1
2021-08-08 03:23:15.373531,3110994,0.0,0.0
2021-08-08 03:23:15.373531,3111057,0.0,5.1
2021-08-08 03:23:15.530774,3110994,0.0,0.0
2021-08-08 03:23:15.530774,3111057,0.0,5.1
2021-08-08 03:23:15.688100,3110994,0.0,0.0
2021-08-08 03:23:15.688100,3111057,0.0,5.1
2021-08-08 03:23:15.845492,3110994,0.0,0.0
2021-08-08 03:23:15.845492,3111057,0.0,5.1
2021-08-08 03:23:16.002752,3110994,0.0,0.0
2021-08-08 03:23:16.002752,3111057,0.0,5.1
2021-08-08 03:23:16.160037,3110994,0.0,0.0
2021-08-08 03:23:16.160037,3111057,0.0,5.1
2021-08-08 03:23:16.317349,3110994,0.0,0.0
2021-08-08 03:23:16.317349,3111057,0.0,5.1
2021-08-08 03:23:16.474555,3110994,0.0,0.0
2021-08-08 03:23:16.474555,3111057,0.0,5.1
2021-08-08 03:23:16.631584,3110994,0.0,0.0
2021-08-08 03:23:16.631584,3111057,0.0,5.1
2021-08-08 03:23:16.788918,3110994,0.0,0.0
2021-08-08 03:23:16.788918,3111057,0.0,5.1
2021-08-08 03:23:16.946401,3110994,0.0,0.0
2021-08-08 03:23:16.946401,3111057,0.0,5.1
2021-08-08 03:23:17.103877,3110994,0.0,0.0
2021-08-08 03:23:17.103877,3111057,0.0,5.1
2021-08-08 03:23:17.261289,3110994,0.0,0.0
2021-08-08 03:23:17.261289,3111057,0.0,5.1
2021-08-08 03:23:17.418529,3110994,0.0,0.0
2021-08-08 03:23:17.418529,3111057,0.0,5.1
2021-08-08 03:23:17.575826,3110994,0.0,0.0
2021-08-08 03:23:17.575826,3111057,0.0,5.1
2021-08-08 03:23:17.732976,3110994,0.0,0.0
2021-08-08 03:23:17.732976,3111057,0.0,5.1
2021-08-08 03:23:17.890217,3110994,0.0,0.0
2021-08-08 03:23:17.890217,3111057,0.0,5.1
2021-08-08 03:23:18.047446,3110994,0.0,0.0
2021-08-08 03:23:18.047446,3111057,0.0,5.1
2021-08-08 03:23:18.204692,3110994,0.0,0.0
2021-08-08 03:23:18.204692,3111057,0.0,5.1
2021-08-08 03:23:18.362244,3110994,0.0,0.0
2021-08-08 03:23:18.362244,3111057,0.0,5.1
2021-08-08 03:23:18.519629,3110994,0.0,0.0
2021-08-08 03:23:18.519629,3111057,0.0,5.1
2021-08-08 03:23:18.676703,3110994,0.0,0.0
2021-08-08 03:23:18.676703,3111057,0.0,5.1
2021-08-08 03:23:18.834262,3110994,0.0,0.0
2021-08-08 03:23:18.834262,3111057,0.0,5.1
2021-08-08 03:23:18.991579,3110994,0.0,0.0
2021-08-08 03:23:18.991579,3111057,0.0,5.1
2021-08-08 03:23:19.149191,3110994,0.0,0.0
2021-08-08 03:23:19.149191,3111057,0.0,5.1
2021-08-08 03:23:19.306465,3110994,0.0,0.0
2021-08-08 03:23:19.306465,3111057,0.0,5.1
2021-08-08 03:23:19.463740,3110994,0.0,0.0
2021-08-08 03:23:19.463740,3111057,0.0,5.1
2021-08-08 03:23:19.621015,3110994,0.0,0.0
2021-08-08 03:23:19.621015,3111057,0.0,5.1
2021-08-08 03:23:19.778247,3110994,0.0,0.0
2021-08-08 03:23:19.778247,3111057,0.0,5.1
2021-08-08 03:23:19.935541,3110994,0.0,0.0
2021-08-08 03:23:19.935541,3111057,0.0,5.1
2021-08-08 03:23:20.093037,3110994,0.0,0.0
2021-08-08 03:23:20.093037,3111057,0.0,5.1
2021-08-08 03:23:20.250491,3110994,0.0,0.0
2021-08-08 03:23:20.250491,3111057,0.0,5.1
2021-08-08 03:23:20.407868,3110994,0.0,0.0
2021-08-08 03:23:20.407868,3111057,0.0,5.1
2021-08-08 03:23:20.565096,3110994,0.0,0.0
2021-08-08 03:23:20.565096,3111057,0.0,5.1
2021-08-08 03:23:20.722583,3110994,0.0,0.0
2021-08-08 03:23:20.722583,3111057,0.0,5.1
2021-08-08 03:23:20.879841,3110994,0.0,0.0
2021-08-08 03:23:20.879841,3111057,0.0,5.1
2021-08-08 03:23:21.036908,3110994,0.0,0.0
2021-08-08 03:23:21.036908,3111057,0.0,5.1
2021-08-08 03:23:21.194385,3110994,0.0,0.0
2021-08-08 03:23:21.194385,3111057,0.0,5.1
2021-08-08 03:23:21.351669,3110994,0.0,0.0
2021-08-08 03:23:21.351669,3111057,0.0,5.1
2021-08-08 03:23:21.509006,3110994,0.0,0.0
2021-08-08 03:23:21.509006,3111057,0.0,5.1
2021-08-08 03:23:21.665956,3110994,0.0,0.0
2021-08-08 03:23:21.665956,3111057,0.0,5.1
2021-08-08 03:23:21.823272,3110994,0.0,0.0
2021-08-08 03:23:21.823272,3111057,0.0,5.1
2021-08-08 03:23:21.980587,3110994,0.0,0.0
2021-08-08 03:23:21.980587,3111057,0.0,5.1
2021-08-08 03:23:22.137904,3110994,0.0,0.0
2021-08-08 03:23:22.137904,3111057,0.0,5.1
2021-08-08 03:23:22.295094,3110994,0.0,0.0
2021-08-08 03:23:22.295094,3111057,0.0,5.1
2021-08-08 03:23:22.452248,3110994,0.0,0.0
2021-08-08 03:23:22.452248,3111057,0.0,5.1
2021-08-08 03:23:22.609576,3110994,0.0,0.0
2021-08-08 03:23:22.609576,3111057,0.0,5.1
2021-08-08 03:23:22.766856,3110994,0.0,0.0
2021-08-08 03:23:22.766856,3111057,0.0,5.1
2021-08-08 03:23:22.924125,3110994,0.0,0.0
2021-08-08 03:23:22.924125,3111057,0.0,5.1
2021-08-08 03:23:23.081378,3110994,0.0,0.0
2021-08-08 03:23:23.081378,3111057,0.0,5.1
2021-08-08 03:23:23.238571,3110994,0.0,0.0
2021-08-08 03:23:23.238571,3111057,0.0,5.1
2021-08-08 03:23:23.395880,3110994,0.0,0.0
2021-08-08 03:23:23.395880,3111057,0.0,5.1
2021-08-08 03:23:23.553173,3110994,0.0,0.0
2021-08-08 03:23:23.553173,3111057,0.0,5.1
2021-08-08 03:23:23.710443,3110994,0.0,0.0
2021-08-08 03:23:23.710443,3111057,0.0,5.1
2021-08-08 03:23:23.867949,3110994,0.0,0.0
2021-08-08 03:23:23.867949,3111057,0.0,5.1
2021-08-08 03:23:24.025127,3110994,0.0,0.0
2021-08-08 03:23:24.025127,3111057,0.0,5.1
2021-08-08 03:23:24.182582,3110994,0.0,0.0
2021-08-08 03:23:24.182582,3111057,0.0,5.1
2021-08-08 03:23:24.339915,3110994,0.0,0.0
2021-08-08 03:23:24.339915,3111057,0.0,5.1
2021-08-08 03:23:24.497239,3110994,0.0,0.0
2021-08-08 03:23:24.497239,3111057,0.0,5.1
2021-08-08 03:23:24.654722,3110994,0.0,0.0
2021-08-08 03:23:24.654722,3111057,0.0,5.1
2021-08-08 03:23:24.812159,3110994,0.0,0.0
2021-08-08 03:23:24.812159,3111057,0.0,5.1
2021-08-08 03:23:24.969662,3110994,0.0,0.0
2021-08-08 03:23:24.969662,3111057,0.0,5.1
2021-08-08 03:23:25.126956,3110994,0.0,0.0
2021-08-08 03:23:25.126956,3111057,0.0,5.1
2021-08-08 03:23:25.283682,3110994,0.0,0.0
2021-08-08 03:23:25.283682,3111057,0.0,5.1
2021-08-08 03:23:25.440825,3110994,0.0,0.0
2021-08-08 03:23:25.440825,3111057,0.0,5.1
2021-08-08 03:23:25.598064,3110994,0.0,0.0
2021-08-08 03:23:25.598064,3111057,0.0,5.1
2021-08-08 03:23:25.755374,3110994,0.0,0.0
2021-08-08 03:23:25.755374,3111057,0.0,5.1
2021-08-08 03:23:25.913156,3110994,0.0,0.0
2021-08-08 03:23:25.913156,3111057,0.0,5.1
2021-08-08 03:23:26.070090,3110994,0.0,0.0
2021-08-08 03:23:26.070090,3111057,0.0,5.1
2021-08-08 03:23:26.227244,3110994,0.0,0.0
2021-08-08 03:23:26.227244,3111057,0.0,5.1
2021-08-08 03:23:26.384580,3110994,0.0,0.0
2021-08-08 03:23:26.384580,3111057,0.0,5.1
2021-08-08 03:23:26.541858,3110994,0.0,0.0
2021-08-08 03:23:26.541858,3111057,0.0,5.1
2021-08-08 03:23:26.699122,3110994,0.0,0.0
2021-08-08 03:23:26.699122,3111057,0.0,5.1
2021-08-08 03:23:26.856370,3110994,0.0,0.0
2021-08-08 03:23:26.856370,3111057,0.0,5.1
2021-08-08 03:23:27.013715,3110994,0.0,0.0
2021-08-08 03:23:27.013715,3111057,0.0,5.1
2021-08-08 03:23:27.170991,3110994,0.0,0.0
2021-08-08 03:23:27.170991,3111057,0.0,5.1
2021-08-08 03:23:27.328350,3110994,0.0,0.0
2021-08-08 03:23:27.328350,3111057,0.0,5.1
2021-08-08 03:23:27.485579,3110994,0.0,0.0
2021-08-08 03:23:27.485579,3111057,0.0,5.1
2021-08-08 03:23:27.642848,3110994,0.0,0.0
2021-08-08 03:23:27.642848,3111057,0.0,5.1
2021-08-08 03:23:27.800077,3110994,0.0,0.0
2021-08-08 03:23:27.800077,3111057,0.0,5.1
2021-08-08 03:23:27.957585,3110994,0.0,0.0
2021-08-08 03:23:27.957585,3111057,0.0,5.1
2021-08-08 03:23:28.115074,3110994,0.0,0.0
2021-08-08 03:23:28.115074,3111057,0.0,5.1
2021-08-08 03:23:28.272444,3110994,0.0,0.0
2021-08-08 03:23:28.272444,3111057,0.0,5.1
2021-08-08 03:23:28.429552,3110994,0.0,0.0
2021-08-08 03:23:28.429552,3111057,0.0,5.1
2021-08-08 03:23:28.587070,3110994,0.0,0.0
2021-08-08 03:23:28.587070,3111057,0.0,5.1
2021-08-08 03:23:28.744528,3110994,0.0,0.0
2021-08-08 03:23:28.744528,3111057,0.0,5.1
2021-08-08 03:23:28.901810,3110994,0.0,0.0
2021-08-08 03:23:28.901810,3111057,0.0,5.1
2021-08-08 03:23:29.059023,3110994,0.0,0.0
2021-08-08 03:23:29.059023,3111057,0.0,5.1
2021-08-08 03:23:29.216322,3110994,0.0,0.0
2021-08-08 03:23:29.216322,3111057,0.0,5.1
2021-08-08 03:23:29.373671,3110994,0.0,0.0
2021-08-08 03:23:29.373671,3111057,0.0,5.1
2021-08-08 03:23:29.530891,3110994,0.0,0.0
2021-08-08 03:23:29.530891,3111057,0.0,5.1
2021-08-08 03:23:29.687004,3110994,0.0,0.0
2021-08-08 03:23:29.687004,3111057,0.0,5.1
2021-08-08 03:23:29.844271,3110994,0.0,0.0
2021-08-08 03:23:29.844271,3111057,0.0,5.1
2021-08-08 03:23:30.001589,3110994,0.0,0.0
2021-08-08 03:23:30.001589,3111057,0.0,5.1
2021-08-08 03:23:30.159198,3110994,0.0,0.0
2021-08-08 03:23:30.159198,3111057,0.0,5.1
2021-08-08 03:23:30.316746,3110994,0.0,0.0
2021-08-08 03:23:30.316746,3111057,0.0,5.1
2021-08-08 03:23:30.474044,3110994,0.0,0.0
2021-08-08 03:23:30.474044,3111057,0.0,5.1
2021-08-08 03:23:30.631300,3110994,0.0,0.0
2021-08-08 03:23:30.631300,3111057,0.0,5.1
2021-08-08 03:23:30.788734,3110994,0.0,0.0
2021-08-08 03:23:30.788734,3111057,0.0,5.1
2021-08-08 03:23:30.945938,3110994,0.0,0.0
2021-08-08 03:23:30.945938,3111057,0.0,5.1
2021-08-08 03:23:31.103190,3110994,0.0,0.0
2021-08-08 03:23:31.103190,3111057,0.0,5.1
2021-08-08 03:23:31.260825,3110994,0.0,0.0
2021-08-08 03:23:31.260825,3111057,0.0,5.1
2021-08-08 03:23:31.418315,3110994,0.0,0.0
2021-08-08 03:23:31.418315,3111057,0.0,5.1
2021-08-08 03:23:31.575586,3110994,0.0,0.0
2021-08-08 03:23:31.575586,3111057,0.0,5.1
2021-08-08 03:23:31.732848,3110994,0.0,0.0
2021-08-08 03:23:31.732848,3111057,0.0,5.1
2021-08-08 03:23:31.890363,3110994,0.0,0.0
2021-08-08 03:23:31.890363,3111057,0.0,5.1
2021-08-08 03:23:32.047661,3110994,0.0,0.0
2021-08-08 03:23:32.047661,3111057,0.0,5.1
2021-08-08 03:23:32.204996,3110994,0.0,0.0
2021-08-08 03:23:32.204996,3111057,0.0,5.1
2021-08-08 03:23:32.362316,3110994,0.0,0.0
2021-08-08 03:23:32.362316,3111057,0.0,5.1
2021-08-08 03:23:32.519562,3110994,0.0,0.0
2021-08-08 03:23:32.519562,3111057,0.0,5.1
2021-08-08 03:23:32.677079,3110994,0.0,0.0
2021-08-08 03:23:32.677079,3111057,0.0,5.1
2021-08-08 03:23:32.834345,3110994,0.0,0.0
2021-08-08 03:23:32.834345,3111057,0.0,5.1
2021-08-08 03:23:32.991954,3110994,0.0,0.0
2021-08-08 03:23:32.991954,3111057,0.0,5.1
2021-08-08 03:23:33.149240,3110994,0.0,0.0
2021-08-08 03:23:33.149240,3111057,0.0,5.1
2021-08-08 03:23:33.306693,3110994,0.0,0.0
2021-08-08 03:23:33.306693,3111057,0.0,5.1
2021-08-08 03:23:33.463959,3110994,0.0,0.0
2021-08-08 03:23:33.463959,3111057,0.0,5.1
2021-08-08 03:23:33.621208,3110994,0.0,0.0
2021-08-08 03:23:33.621208,3111057,0.0,5.1
2021-08-08 03:23:33.778479,3110994,0.0,0.0
2021-08-08 03:23:33.778479,3111057,0.0,5.1
2021-08-08 03:23:33.935797,3110994,0.0,0.0
2021-08-08 03:23:33.935797,3111057,0.0,5.1
2021-08-08 03:23:34.093121,3110994,0.0,0.0
2021-08-08 03:23:34.093121,3111057,0.0,5.1
2021-08-08 03:23:34.250302,3110994,0.0,0.0
2021-08-08 03:23:34.250302,3111057,0.0,5.1
2021-08-08 03:23:34.407621,3110994,0.0,0.0
2021-08-08 03:23:34.407621,3111057,0.0,5.1
2021-08-08 03:23:34.564900,3110994,0.0,0.0
2021-08-08 03:23:34.564900,3111057,0.0,5.1
2021-08-08 03:23:34.722126,3110994,0.0,0.0
2021-08-08 03:23:34.722126,3111057,0.0,5.1
2021-08-08 03:23:34.879680,3110994,0.0,0.0
2021-08-08 03:23:34.879680,3111057,0.0,5.1
2021-08-08 03:23:35.036896,3110994,0.0,0.0
2021-08-08 03:23:35.036896,3111057,0.0,5.1
2021-08-08 03:23:35.194327,3110994,0.0,0.0
2021-08-08 03:23:35.194327,3111057,0.0,5.1
2021-08-08 03:23:35.351670,3110994,0.0,0.0
2021-08-08 03:23:35.351670,3111057,0.0,5.1
2021-08-08 03:23:35.509214,3110994,0.0,0.0
2021-08-08 03:23:35.509214,3111057,0.0,5.1
2021-08-08 03:23:35.666501,3110994,0.0,0.0
2021-08-08 03:23:35.666501,3111057,0.0,5.1
2021-08-08 03:23:35.823864,3110994,0.0,0.0
2021-08-08 03:23:35.823864,3111057,0.0,5.1
2021-08-08 03:23:35.981098,3110994,0.0,0.0
2021-08-08 03:23:35.981098,3111057,0.0,5.1
2021-08-08 03:23:36.138570,3110994,0.0,0.0
2021-08-08 03:23:36.138570,3111057,0.0,5.1
2021-08-08 03:23:36.295986,3110994,0.0,0.0
2021-08-08 03:23:36.295986,3111057,0.0,5.1
2021-08-08 03:23:36.453318,3110994,0.0,0.0
2021-08-08 03:23:36.453318,3111057,0.0,5.1
2021-08-08 03:23:36.610593,3110994,0.0,0.0
2021-08-08 03:23:36.610593,3111057,0.0,5.1
2021-08-08 03:23:36.767910,3110994,0.0,0.0
2021-08-08 03:23:36.767910,3111057,0.0,5.1
2021-08-08 03:23:36.925246,3110994,0.0,0.0
2021-08-08 03:23:36.925246,3111057,0.0,5.1
2021-08-08 03:23:37.082763,3110994,0.0,0.0
2021-08-08 03:23:37.082763,3111057,0.0,5.1
2021-08-08 03:23:37.240048,3110994,0.0,0.0
2021-08-08 03:23:37.240048,3111057,0.0,5.1
2021-08-08 03:23:37.397424,3110994,0.0,0.0
2021-08-08 03:23:37.397424,3111057,0.0,5.1
2021-08-08 03:23:37.554683,3111057,6.7,5.1
2021-08-08 03:23:37.554683,3110994,0.0,0.0
2021-08-08 03:23:37.711984,3110994,0.0,0.0
2021-08-08 03:23:37.711984,3111057,0.0,5.1
2021-08-08 03:23:37.869092,3110994,0.0,0.0
2021-08-08 03:23:37.869092,3111057,0.0,5.1
2021-08-08 03:23:38.026389,3110994,0.0,0.0
2021-08-08 03:23:38.026389,3111057,0.0,5.1
2021-08-08 03:23:38.183656,3110994,0.0,0.0
2021-08-08 03:23:38.183656,3111057,0.0,5.1
2021-08-08 03:23:38.341034,3110994,0.0,0.0
2021-08-08 03:23:38.341034,3111057,0.0,5.1
2021-08-08 03:23:38.498536,3110994,0.0,0.0
2021-08-08 03:23:38.498536,3111057,0.0,5.1
2021-08-08 03:23:38.655781,3110994,0.0,0.0
2021-08-08 03:23:38.655781,3111057,0.0,5.1
2021-08-08 03:23:38.813054,3110994,0.0,0.0
2021-08-08 03:23:38.813054,3111057,0.0,5.1
2021-08-08 03:23:38.970376,3110994,0.0,0.0
2021-08-08 03:23:38.970376,3111057,0.0,5.1
2021-08-08 03:23:39.127707,3110994,0.0,0.0
2021-08-08 03:23:39.127707,3111057,0.0,5.1
2021-08-08 03:23:39.285036,3110994,0.0,0.0
2021-08-08 03:23:39.285036,3111057,0.0,5.1
2021-08-08 03:23:39.442282,3110994,0.0,0.0
2021-08-08 03:23:39.442282,3111057,0.0,5.1
2021-08-08 03:23:39.599553,3110994,0.0,0.0
2021-08-08 03:23:39.599553,3111057,0.0,5.1
2021-08-08 03:23:39.756846,3110994,0.0,0.0
2021-08-08 03:23:39.756846,3111057,0.0,5.1
2021-08-08 03:23:39.914081,3110994,0.0,0.0
2021-08-08 03:23:39.914081,3111057,0.0,5.1
2021-08-08 03:23:40.071318,3110994,0.0,0.0
2021-08-08 03:23:40.071318,3111057,0.0,5.1
2021-08-08 03:23:40.228580,3111057,6.7,5.1
2021-08-08 03:23:40.228580,3110994,0.0,0.0
2021-08-08 03:23:40.385829,3110994,0.0,0.0
2021-08-08 03:23:40.385829,3111057,0.0,5.1
2021-08-08 03:23:40.542178,3110994,0.0,0.0
2021-08-08 03:23:40.542178,3111057,0.0,5.1
2021-08-08 03:23:40.699510,3110994,0.0,0.0
2021-08-08 03:23:40.699510,3111057,0.0,5.1
2021-08-08 03:23:40.856786,3110994,0.0,0.0
2021-08-08 03:23:40.856786,3111057,0.0,5.1
2021-08-08 03:23:41.013649,3110994,0.0,0.0
2021-08-08 03:23:41.013649,3111057,0.0,5.1
2021-08-08 03:23:41.170944,3110994,0.0,0.0
2021-08-08 03:23:41.170944,3111057,0.0,5.1
2021-08-08 03:23:41.328275,3110994,0.0,0.0
2021-08-08 03:23:41.328275,3111057,0.0,5.1
2021-08-08 03:23:41.485459,3110994,0.0,0.0
2021-08-08 03:23:41.485459,3111057,0.0,5.1
2021-08-08 03:23:41.642546,3110994,0.0,0.0
2021-08-08 03:23:41.642546,3111057,0.0,5.1
2021-08-08 03:23:41.799907,3110994,0.0,0.0
2021-08-08 03:23:41.799907,3111057,0.0,5.1
2021-08-08 03:23:41.957115,3110994,0.0,0.0
2021-08-08 03:23:41.957115,3111057,0.0,5.1
2021-08-08 03:23:42.114836,3110994,0.0,0.0
2021-08-08 03:23:42.114836,3111057,0.0,5.1
2021-08-08 03:23:42.272257,3110994,0.0,0.0
2021-08-08 03:23:42.272257,3111057,0.0,5.1
2021-08-08 03:23:42.429361,3110994,0.0,0.0
2021-08-08 03:23:42.429361,3111057,0.0,5.1
2021-08-08 03:23:42.586599,3110994,0.0,0.0
2021-08-08 03:23:42.586599,3111057,0.0,5.1
2021-08-08 03:23:42.744114,3110994,0.0,0.0
2021-08-08 03:23:42.744114,3111057,0.0,5.1
2021-08-08 03:23:42.901216,3110994,0.0,0.0
2021-08-08 03:23:42.901216,3111057,0.0,5.1
2021-08-08 03:23:43.058537,3110994,0.0,0.0
2021-08-08 03:23:43.058537,3111057,0.0,5.1
2021-08-08 03:23:43.215783,3110994,0.0,0.0
2021-08-08 03:23:43.215783,3111057,0.0,5.1
2021-08-08 03:23:43.373329,3110994,0.0,0.0
2021-08-08 03:23:43.373329,3111057,0.0,5.1
2021-08-08 03:23:43.530816,3110994,0.0,0.0
2021-08-08 03:23:43.530816,3111057,0.0,5.1
2021-08-08 03:23:43.688107,3110994,0.0,0.0
2021-08-08 03:23:43.688107,3111057,0.0,5.1
2021-08-08 03:23:43.845377,3110994,0.0,0.0
2021-08-08 03:23:43.845377,3111057,0.0,5.1
2021-08-08 03:23:44.002872,3110994,0.0,0.0
2021-08-08 03:23:44.002872,3111057,0.0,5.1
2021-08-08 03:23:44.160591,3110994,0.0,0.0
2021-08-08 03:23:44.160591,3111057,0.0,5.1
2021-08-08 03:23:44.318372,3110994,0.0,0.0
2021-08-08 03:23:44.318372,3111057,0.0,5.1
2021-08-08 03:23:44.475907,3110994,0.0,0.0
2021-08-08 03:23:44.475907,3111057,0.0,5.1
2021-08-08 03:23:44.633201,3110994,0.0,0.0
2021-08-08 03:23:44.633201,3111057,0.0,5.1
2021-08-08 03:23:44.790651,3110994,0.0,0.0
2021-08-08 03:23:44.790651,3111057,0.0,5.1
2021-08-08 03:23:44.948171,3110994,0.0,0.0
2021-08-08 03:23:44.948171,3111057,0.0,5.1
2021-08-08 03:23:45.105312,3110994,0.0,0.0
2021-08-08 03:23:45.105312,3111057,0.0,5.1
2021-08-08 03:23:45.262818,3110994,0.0,0.0
2021-08-08 03:23:45.262818,3111057,0.0,5.1
2021-08-08 03:23:45.420101,3110994,0.0,0.0
2021-08-08 03:23:45.420101,3111057,0.0,5.1
2021-08-08 03:23:45.577372,3110994,0.0,0.0
2021-08-08 03:23:45.577372,3111057,0.0,5.1
2021-08-08 03:23:45.734909,3110994,0.0,0.0
2021-08-08 03:23:45.734909,3111057,0.0,5.1
2021-08-08 03:23:45.892212,3110994,0.0,0.0
2021-08-08 03:23:45.892212,3111057,0.0,5.1
2021-08-08 03:23:46.049446,3110994,0.0,0.0
2021-08-08 03:23:46.049446,3111057,0.0,5.1
2021-08-08 03:23:46.206769,3110994,0.0,0.0
2021-08-08 03:23:46.206769,3111057,0.0,5.1
2021-08-08 03:23:46.364108,3110994,0.0,0.0
2021-08-08 03:23:46.364108,3111057,0.0,5.1
2021-08-08 03:23:46.521458,3110994,0.0,0.0
2021-08-08 03:23:46.521458,3111057,0.0,5.1
2021-08-08 03:23:46.678783,3110994,0.0,0.0
2021-08-08 03:23:46.678783,3111057,0.0,5.1
2021-08-08 03:23:46.836056,3110994,0.0,0.0
2021-08-08 03:23:46.836056,3111057,0.0,5.1
2021-08-08 03:23:46.993336,3110994,0.0,0.0
2021-08-08 03:23:46.993336,3111057,0.0,5.1
2021-08-08 03:23:47.150803,3110994,0.0,0.0
2021-08-08 03:23:47.150803,3111057,0.0,5.1
2021-08-08 03:23:47.308135,3110994,0.0,0.0
2021-08-08 03:23:47.308135,3111057,0.0,5.1
2021-08-08 03:23:47.464738,3110994,0.0,0.0
2021-08-08 03:23:47.464738,3111057,0.0,5.1
2021-08-08 03:23:47.621930,3110994,0.0,0.0
2021-08-08 03:23:47.621930,3111057,0.0,5.1
2021-08-08 03:23:47.779223,3110994,0.0,0.0
2021-08-08 03:23:47.779223,3111057,0.0,5.1
2021-08-08 03:23:47.936618,3110994,0.0,0.0
2021-08-08 03:23:47.936618,3111057,0.0,5.1
2021-08-08 03:23:48.093970,3110994,0.0,0.0
2021-08-08 03:23:48.093970,3111057,0.0,5.1
2021-08-08 03:23:48.251786,3110994,0.0,0.0
2021-08-08 03:23:48.251786,3111057,0.0,5.1
2021-08-08 03:23:48.409116,3110994,0.0,0.0
2021-08-08 03:23:48.409116,3111057,0.0,5.1
2021-08-08 03:23:48.565956,3110994,0.0,0.0
2021-08-08 03:23:48.565956,3111057,0.0,5.1
2021-08-08 03:23:48.723434,3110994,0.0,0.0
2021-08-08 03:23:48.723434,3111057,0.0,5.1
2021-08-08 03:23:48.880533,3110994,0.0,0.0
2021-08-08 03:23:48.880533,3111057,0.0,5.1
2021-08-08 03:23:49.037515,3110994,0.0,0.0
2021-08-08 03:23:49.037515,3111057,0.0,5.1
2021-08-08 03:23:49.195282,3110994,0.0,0.0
2021-08-08 03:23:49.195282,3111057,0.0,5.1
2021-08-08 03:23:49.352627,3110994,0.0,0.0
2021-08-08 03:23:49.352627,3111057,0.0,5.1
2021-08-08 03:23:49.510114,3110994,0.0,0.0
2021-08-08 03:23:49.510114,3111057,0.0,5.1
2021-08-08 03:23:49.667369,3110994,0.0,0.0
2021-08-08 03:23:49.667369,3111057,0.0,5.1
2021-08-08 03:23:49.824516,3110994,0.0,0.0
2021-08-08 03:23:49.824516,3111057,0.0,5.1
2021-08-08 03:23:49.981910,3110994,0.0,0.0
2021-08-08 03:23:49.981910,3111057,0.0,5.1
2021-08-08 03:23:50.139603,3110994,0.0,0.0
2021-08-08 03:23:50.139603,3111057,0.0,5.1
2021-08-08 03:23:50.297197,3110994,0.0,0.0
2021-08-08 03:23:50.297197,3111057,0.0,5.1
2021-08-08 03:23:50.454433,3110994,0.0,0.0
2021-08-08 03:23:50.454433,3111057,0.0,5.1
2021-08-08 03:23:50.611940,3110994,0.0,0.0
2021-08-08 03:23:50.611940,3111057,0.0,5.1
2021-08-08 03:23:50.769286,3110994,0.0,0.0
2021-08-08 03:23:50.769286,3111057,0.0,5.1
2021-08-08 03:23:50.926590,3110994,0.0,0.0
2021-08-08 03:23:50.926590,3111057,0.0,5.1
2021-08-08 03:23:51.083875,3110994,0.0,0.0
2021-08-08 03:23:51.083875,3111057,0.0,5.1
2021-08-08 03:23:51.241155,3110994,0.0,0.0
2021-08-08 03:23:51.241155,3111057,0.0,5.1
2021-08-08 03:23:51.398689,3110994,0.0,0.0
2021-08-08 03:23:51.398689,3111057,0.0,5.1
2021-08-08 03:23:51.555952,3110994,0.0,0.0
2021-08-08 03:23:51.555952,3111057,0.0,5.1
2021-08-08 03:23:51.713416,3110994,0.0,0.0
2021-08-08 03:23:51.713416,3111057,0.0,5.1
2021-08-08 03:23:51.870537,3110994,0.0,0.0
2021-08-08 03:23:51.870537,3111057,0.0,5.1
2021-08-08 03:23:52.027682,3110994,0.0,0.0
2021-08-08 03:23:52.027682,3111057,0.0,5.1
2021-08-08 03:23:52.184973,3110994,0.0,0.0
2021-08-08 03:23:52.184973,3111057,0.0,5.1
2021-08-08 03:23:52.342288,3110994,0.0,0.0
2021-08-08 03:23:52.342288,3111057,0.0,5.1
2021-08-08 03:23:52.499412,3110994,0.0,0.0
2021-08-08 03:23:52.499412,3111057,0.0,5.1
2021-08-08 03:23:52.656524,3110994,0.0,0.0
2021-08-08 03:23:52.656524,3111057,0.0,5.1
2021-08-08 03:23:52.814114,3110994,0.0,0.0
2021-08-08 03:23:52.814114,3111057,0.0,5.1
2021-08-08 03:23:52.971893,3110994,0.0,0.0
2021-08-08 03:23:52.971893,3111057,0.0,5.1
2021-08-08 03:23:53.129206,3110994,0.0,0.0
2021-08-08 03:23:53.129206,3111057,0.0,5.1
2021-08-08 03:23:53.286503,3110994,0.0,0.0
2021-08-08 03:23:53.286503,3111057,0.0,5.1
2021-08-08 03:23:53.443802,3110994,0.0,0.0
2021-08-08 03:23:53.443802,3111057,0.0,5.1
2021-08-08 03:23:53.601114,3110994,0.0,0.0
2021-08-08 03:23:53.601114,3111057,0.0,5.1
2021-08-08 03:23:53.758363,3110994,0.0,0.0
2021-08-08 03:23:53.758363,3111057,0.0,5.1
2021-08-08 03:23:53.915625,3110994,0.0,0.0
2021-08-08 03:23:53.915625,3111057,0.0,5.1
2021-08-08 03:23:54.073231,3110994,0.0,0.0
2021-08-08 03:23:54.073231,3111057,0.0,5.1
2021-08-08 03:23:54.230467,3110994,0.0,0.0
2021-08-08 03:23:54.230467,3111057,0.0,5.1
2021-08-08 03:23:54.387829,3110994,0.0,0.0
2021-08-08 03:23:54.387829,3111057,0.0,5.1
2021-08-08 03:23:54.545154,3110994,0.0,0.0
2021-08-08 03:23:54.545154,3111057,0.0,5.1
2021-08-08 03:23:54.702605,3110994,0.0,0.0
2021-08-08 03:23:54.702605,3111057,0.0,5.1
2021-08-08 03:23:54.860294,3110994,0.0,0.0
2021-08-08 03:23:54.860294,3111057,0.0,5.1
2021-08-08 03:23:55.018190,3110994,0.0,0.0
2021-08-08 03:23:55.018190,3111057,0.0,5.1
2021-08-08 03:23:55.176229,3110994,0.0,0.0
2021-08-08 03:23:55.176229,3111057,0.0,5.1
2021-08-08 03:23:55.332030,3110994,0.0,0.0
2021-08-08 03:23:55.332030,3111057,0.0,5.1
2021-08-08 03:23:55.489559,3110994,0.0,0.0
2021-08-08 03:23:55.489559,3111057,0.0,5.1
2021-08-08 03:23:55.647114,3110994,0.0,0.0
2021-08-08 03:23:55.647114,3111057,0.0,5.1
2021-08-08 03:23:55.804437,3110994,0.0,0.0
2021-08-08 03:23:55.804437,3111057,0.0,5.1
2021-08-08 03:23:55.961722,3110994,0.0,0.0
2021-08-08 03:23:55.961722,3111057,0.0,5.1
2021-08-08 03:23:56.119044,3110994,0.0,0.0
2021-08-08 03:23:56.119044,3111057,0.0,5.1
2021-08-08 03:23:56.276518,3110994,0.0,0.0
2021-08-08 03:23:56.276518,3111057,0.0,5.1
2021-08-08 03:23:56.433884,3110994,0.0,0.0
2021-08-08 03:23:56.433884,3111057,0.0,5.1
2021-08-08 03:23:56.591695,3110994,0.0,0.0
2021-08-08 03:23:56.591695,3111057,0.0,5.1
2021-08-08 03:23:56.748984,3110994,0.0,0.0
2021-08-08 03:23:56.748984,3111057,0.0,5.1
2021-08-08 03:23:56.906322,3110994,0.0,0.0
2021-08-08 03:23:56.906322,3111057,0.0,5.1
2021-08-08 03:23:57.063681,3110994,0.0,0.0
2021-08-08 03:23:57.063681,3111057,0.0,5.1
2021-08-08 03:23:57.221019,3110994,0.0,0.0
2021-08-08 03:23:57.221019,3111057,0.0,5.1
2021-08-08 03:23:57.378341,3110994,0.0,0.0
2021-08-08 03:23:57.378341,3111057,0.0,5.1
2021-08-08 03:23:57.535677,3110994,0.0,0.0
2021-08-08 03:23:57.535677,3111057,0.0,5.1
2021-08-08 03:23:57.693077,3110994,0.0,0.0
2021-08-08 03:23:57.693077,3111057,0.0,5.1
2021-08-08 03:23:57.850376,3110994,0.0,0.0
2021-08-08 03:23:57.850376,3111057,0.0,5.1
2021-08-08 03:23:58.007799,3110994,0.0,0.0
2021-08-08 03:23:58.007799,3111057,0.0,5.1
2021-08-08 03:23:58.165374,3110994,0.0,0.0
2021-08-08 03:23:58.165374,3111057,0.0,5.1
2021-08-08 03:23:58.322648,3110994,0.0,0.0
2021-08-08 03:23:58.322648,3111057,0.0,5.1
2021-08-08 03:23:58.480147,3110994,0.0,0.0
2021-08-08 03:23:58.480147,3111057,0.0,5.1
2021-08-08 03:23:58.637128,3110994,0.0,0.0
2021-08-08 03:23:58.637128,3111057,0.0,5.1
2021-08-08 03:23:58.794579,3110994,0.0,0.0
2021-08-08 03:23:58.794579,3111057,0.0,5.1
2021-08-08 03:23:58.951870,3110994,0.0,0.0
2021-08-08 03:23:58.951870,3111057,0.0,5.1
2021-08-08 03:23:59.109156,3110994,0.0,0.0
2021-08-08 03:23:59.109156,3111057,0.0,5.1
