timestamp,PID,CPU,RAM
2021-07-30 11:20:27.027376,3165295,0.0,0.0
2021-07-30 11:20:27.027376,3165455,0.0,1.7
2021-07-30 11:20:27.186002,3165295,0.0,0.0
2021-07-30 11:20:27.186002,3165455,0.0,1.7
2021-07-30 11:20:27.344941,3165295,0.0,0.0
2021-07-30 11:20:27.344941,3165455,0.0,1.7
2021-07-30 11:20:27.503379,3165295,0.0,0.0
2021-07-30 11:20:27.503379,3165455,0.0,1.7
2021-07-30 11:20:27.661980,3165295,0.0,0.0
2021-07-30 11:20:27.661980,3165455,0.0,1.7
2021-07-30 11:20:27.819618,3165295,0.0,0.0
2021-07-30 11:20:27.819618,3165455,0.0,1.7
2021-07-30 11:20:27.974914,3165295,0.0,0.0
2021-07-30 11:20:27.974914,3165455,0.0,1.7
2021-07-30 11:20:28.133402,3165295,0.0,0.0
2021-07-30 11:20:28.133402,3165455,0.0,1.7
2021-07-30 11:20:28.291960,3165295,0.0,0.0
2021-07-30 11:20:28.291960,3165455,0.0,1.7
2021-07-30 11:20:28.450688,3165295,0.0,0.0
2021-07-30 11:20:28.450688,3165455,0.0,1.7
2021-07-30 11:20:28.609151,3165295,0.0,0.0
2021-07-30 11:20:28.609151,3165455,0.0,1.7
2021-07-30 11:20:28.767816,3165295,0.0,0.0
2021-07-30 11:20:28.767816,3165455,0.0,1.7
2021-07-30 11:20:28.926522,3165295,0.0,0.0
2021-07-30 11:20:28.926522,3165455,0.0,1.7
2021-07-30 11:20:29.085217,3165295,0.0,0.0
2021-07-30 11:20:29.085217,3165455,0.0,1.7
2021-07-30 11:20:29.243644,3165295,0.0,0.0
2021-07-30 11:20:29.243644,3165455,0.0,1.7
2021-07-30 11:20:29.402246,3165295,0.0,0.0
2021-07-30 11:20:29.402246,3165455,0.0,1.7
2021-07-30 11:20:29.560914,3165295,0.0,0.0
2021-07-30 11:20:29.560914,3165455,0.0,1.7
2021-07-30 11:20:29.719515,3165295,0.0,0.0
2021-07-30 11:20:29.719515,3165455,0.0,1.7
2021-07-30 11:20:29.877693,3165295,0.0,0.0
2021-07-30 11:20:29.877693,3165455,0.0,1.7
2021-07-30 11:20:30.034281,3165295,0.0,0.0
2021-07-30 11:20:30.034281,3165455,0.0,1.7
2021-07-30 11:20:30.192728,3165295,0.0,0.0
2021-07-30 11:20:30.192728,3165455,0.0,1.7
2021-07-30 11:20:30.351070,3165455,6.7,1.7
2021-07-30 11:20:30.351070,3165295,0.0,0.0
2021-07-30 11:20:30.509228,3165295,0.0,0.0
2021-07-30 11:20:30.509228,3165455,0.0,1.7
2021-07-30 11:20:30.667747,3165295,0.0,0.0
2021-07-30 11:20:30.667747,3165455,0.0,1.7
2021-07-30 11:20:30.826366,3165455,6.7,1.7
2021-07-30 11:20:30.826366,3165295,0.0,0.0
2021-07-30 11:20:30.984663,3165295,0.0,0.0
2021-07-30 11:20:30.984663,3165455,0.0,1.7
2021-07-30 11:20:31.143408,3165295,0.0,0.0
2021-07-30 11:20:31.143408,3165455,0.0,1.7
2021-07-30 11:20:31.302141,3165295,0.0,0.0
2021-07-30 11:20:31.302141,3165455,0.0,1.7
2021-07-30 11:20:31.461285,3165295,0.0,0.0
2021-07-30 11:20:31.461285,3165455,0.0,1.7
2021-07-30 11:20:31.619691,3165295,0.0,0.0
2021-07-30 11:20:31.619691,3165455,0.0,1.7
2021-07-30 11:20:31.778284,3165295,0.0,0.0
2021-07-30 11:20:31.778284,3165455,0.0,1.7
2021-07-30 11:20:31.936704,3165295,0.0,0.0
2021-07-30 11:20:31.936704,3165455,0.0,1.7
2021-07-30 11:20:32.094253,3165295,0.0,0.0
2021-07-30 11:20:32.094253,3165455,0.0,1.7
2021-07-30 11:20:32.252514,3165295,0.0,0.0
2021-07-30 11:20:32.252514,3165455,0.0,1.7
2021-07-30 11:20:32.410389,3165295,0.0,0.0
2021-07-30 11:20:32.410389,3165455,0.0,1.7
2021-07-30 11:20:32.565872,3165295,0.0,0.0
2021-07-30 11:20:32.565872,3165455,0.0,1.7
2021-07-30 11:20:32.724656,3165295,0.0,0.0
2021-07-30 11:20:32.724656,3165455,0.0,1.7
2021-07-30 11:20:32.882440,3165295,0.0,0.0
2021-07-30 11:20:32.882440,3165455,0.0,1.7
2021-07-30 11:20:33.037570,3165455,6.7,1.7
2021-07-30 11:20:33.037570,3165295,0.0,0.0
2021-07-30 11:20:33.196256,3165295,0.0,0.0
2021-07-30 11:20:33.196256,3165455,0.0,1.7
2021-07-30 11:20:33.354946,3165295,0.0,0.0
2021-07-30 11:20:33.354946,3165455,0.0,1.7
2021-07-30 11:20:33.513382,3165295,0.0,0.0
2021-07-30 11:20:33.513382,3165455,0.0,1.7
2021-07-30 11:20:33.672259,3165295,0.0,0.0
2021-07-30 11:20:33.672259,3165455,0.0,1.7
2021-07-30 11:20:33.831084,3165295,0.0,0.0
2021-07-30 11:20:33.831084,3165455,0.0,1.7
2021-07-30 11:20:33.989563,3165295,0.0,0.0
2021-07-30 11:20:33.989563,3165455,0.0,1.7
2021-07-30 11:20:34.148297,3165295,0.0,0.0
2021-07-30 11:20:34.148297,3165455,0.0,1.7
2021-07-30 11:20:34.306952,3165295,0.0,0.0
2021-07-30 11:20:34.306952,3165455,0.0,1.7
2021-07-30 11:20:34.465500,3165295,0.0,0.0
2021-07-30 11:20:34.465500,3165455,0.0,1.7
2021-07-30 11:20:34.623988,3165295,0.0,0.0
2021-07-30 11:20:34.623988,3165455,0.0,1.7
2021-07-30 11:20:34.782125,3165295,0.0,0.0
2021-07-30 11:20:34.782125,3165455,0.0,1.7
2021-07-30 11:20:34.940302,3165295,0.0,0.0
2021-07-30 11:20:34.940302,3165455,0.0,1.7
2021-07-30 11:20:35.096656,3165295,0.0,0.0
2021-07-30 11:20:35.096656,3165455,0.0,1.7
2021-07-30 11:20:35.254844,3165295,0.0,0.0
2021-07-30 11:20:35.254844,3165455,0.0,1.7
2021-07-30 11:20:35.413614,3165295,0.0,0.0
2021-07-30 11:20:35.413614,3165455,0.0,1.7
2021-07-30 11:20:35.572173,3165295,0.0,0.0
2021-07-30 11:20:35.572173,3165455,0.0,1.7
2021-07-30 11:20:35.730843,3165295,0.0,0.0
2021-07-30 11:20:35.730843,3165455,0.0,1.7
2021-07-30 11:20:35.889553,3165295,0.0,0.0
2021-07-30 11:20:35.889553,3165455,0.0,1.7
2021-07-30 11:20:36.048209,3165295,0.0,0.0
2021-07-30 11:20:36.048209,3165455,0.0,1.7
2021-07-30 11:20:36.207634,3165455,6.2,1.7
2021-07-30 11:20:36.207634,3165295,0.0,0.0
2021-07-30 11:20:36.366285,3165295,0.0,0.0
2021-07-30 11:20:36.366285,3165455,0.0,1.7
2021-07-30 11:20:36.525134,3165295,0.0,0.0
2021-07-30 11:20:36.525134,3165455,0.0,1.7
2021-07-30 11:20:36.683424,3165295,0.0,0.0
2021-07-30 11:20:36.683424,3165455,0.0,1.7
2021-07-30 11:20:36.842096,3165295,0.0,0.0
2021-07-30 11:20:36.842096,3165455,0.0,1.7
2021-07-30 11:20:37.000850,3165295,0.0,0.0
2021-07-30 11:20:37.000850,3165455,0.0,1.7
2021-07-30 11:20:37.158764,3165295,0.0,0.0
2021-07-30 11:20:37.158764,3165455,0.0,1.7
2021-07-30 11:20:37.317833,3165295,0.0,0.0
2021-07-30 11:20:37.317833,3165455,0.0,1.7
2021-07-30 11:20:37.477035,3165295,0.0,0.0
2021-07-30 11:20:37.477035,3165455,0.0,1.7
2021-07-30 11:20:37.636235,3165295,0.0,0.0
2021-07-30 11:20:37.636235,3165455,0.0,1.7
2021-07-30 11:20:37.795146,3165295,0.0,0.0
2021-07-30 11:20:37.795146,3165455,0.0,1.7
2021-07-30 11:20:37.953149,3165295,0.0,0.0
2021-07-30 11:20:37.953149,3165455,0.0,1.7
2021-07-30 11:20:38.108468,3165295,0.0,0.0
2021-07-30 11:20:38.108468,3165455,0.0,1.7
2021-07-30 11:20:38.266962,3165295,0.0,0.0
2021-07-30 11:20:38.266962,3165455,0.0,1.7
2021-07-30 11:20:38.425715,3165295,0.0,0.0
2021-07-30 11:20:38.425715,3165455,0.0,1.7
2021-07-30 11:20:38.584355,3165295,0.0,0.0
2021-07-30 11:20:38.584355,3165455,0.0,1.7
2021-07-30 11:20:38.743419,3165295,0.0,0.0
2021-07-30 11:20:38.743419,3165455,0.0,1.7
2021-07-30 11:20:38.901985,3165295,0.0,0.0
2021-07-30 11:20:38.901985,3165455,0.0,1.7
2021-07-30 11:20:39.060741,3165295,0.0,0.0
2021-07-30 11:20:39.060741,3165455,0.0,1.7
2021-07-30 11:20:39.219447,3165295,0.0,0.0
2021-07-30 11:20:39.219447,3165455,0.0,1.7
2021-07-30 11:20:39.377974,3165295,0.0,0.0
2021-07-30 11:20:39.377974,3165455,0.0,1.7
2021-07-30 11:20:39.536393,3165295,0.0,0.0
2021-07-30 11:20:39.536393,3165455,0.0,1.7
2021-07-30 11:20:39.695149,3165295,0.0,0.0
2021-07-30 11:20:39.695149,3165455,0.0,1.7
2021-07-30 11:20:39.853624,3165295,0.0,0.0
2021-07-30 11:20:39.853624,3165455,0.0,1.7
2021-07-30 11:20:40.012387,3165295,0.0,0.0
2021-07-30 11:20:40.012387,3165455,0.0,1.7
2021-07-30 11:20:40.171121,3165455,6.7,1.7
2021-07-30 11:20:40.171121,3165295,0.0,0.0
2021-07-30 11:20:40.329593,3165295,0.0,0.0
2021-07-30 11:20:40.329593,3165455,0.0,1.7
2021-07-30 11:20:40.488154,3165295,0.0,0.0
2021-07-30 11:20:40.488154,3165455,0.0,1.7
2021-07-30 11:20:40.646893,3165295,0.0,0.0
2021-07-30 11:20:40.646893,3165455,0.0,1.7
2021-07-30 11:20:40.805445,3165295,0.0,0.0
2021-07-30 11:20:40.805445,3165455,0.0,1.7
2021-07-30 11:20:40.963490,3165295,0.0,0.0
2021-07-30 11:20:40.963490,3165455,0.0,1.7
2021-07-30 11:20:41.118702,3165295,0.0,0.0
2021-07-30 11:20:41.118702,3165455,0.0,1.7
2021-07-30 11:20:41.277575,3165295,0.0,0.0
2021-07-30 11:20:41.277575,3165455,0.0,1.7
2021-07-30 11:20:41.436820,3165295,0.0,0.0
2021-07-30 11:20:41.436820,3165455,0.0,1.7
2021-07-30 11:20:41.596158,3165295,0.0,0.0
2021-07-30 11:20:41.596158,3165455,0.0,1.7
2021-07-30 11:20:41.754731,3165295,0.0,0.0
2021-07-30 11:20:41.754731,3165455,0.0,1.7
2021-07-30 11:20:41.912893,3165295,0.0,0.0
2021-07-30 11:20:41.912893,3165455,0.0,1.7
2021-07-30 11:20:42.071468,3165295,0.0,0.0
2021-07-30 11:20:42.071468,3165455,0.0,1.7
2021-07-30 11:20:42.230321,3165295,0.0,0.0
2021-07-30 11:20:42.230321,3165455,0.0,1.7
2021-07-30 11:20:42.389060,3165295,0.0,0.0
2021-07-30 11:20:42.389060,3165455,0.0,1.7
2021-07-30 11:20:42.546646,3165295,0.0,0.0
2021-07-30 11:20:42.546646,3165455,0.0,1.7
2021-07-30 11:20:42.700525,3165295,0.0,0.0
2021-07-30 11:20:42.700525,3165455,0.0,1.7
2021-07-30 11:20:42.854385,3165295,0.0,0.0
2021-07-30 11:20:42.854385,3165455,0.0,1.7
2021-07-30 11:20:43.008102,3165295,0.0,0.0
2021-07-30 11:20:43.008102,3165455,0.0,1.7
2021-07-30 11:20:43.162569,3165455,6.7,1.7
2021-07-30 11:20:43.162569,3165295,0.0,0.0
2021-07-30 11:20:43.316909,3165295,0.0,0.0
2021-07-30 11:20:43.316909,3165455,0.0,1.7
2021-07-30 11:20:43.471449,3165295,0.0,0.0
2021-07-30 11:20:43.471449,3165455,0.0,1.7
2021-07-30 11:20:43.625876,3165295,0.0,0.0
2021-07-30 11:20:43.625876,3165455,0.0,1.7
2021-07-30 11:20:43.780144,3165295,0.0,0.0
2021-07-30 11:20:43.780144,3165455,0.0,1.7
2021-07-30 11:20:43.934504,3165295,0.0,0.0
2021-07-30 11:20:43.934504,3165455,0.0,1.7
2021-07-30 11:20:44.088997,3165295,0.0,0.0
2021-07-30 11:20:44.088997,3165455,0.0,1.7
2021-07-30 11:20:44.243849,3165295,0.0,0.0
2021-07-30 11:20:44.243849,3165455,0.0,1.7
2021-07-30 11:20:44.403297,3165295,0.0,0.0
2021-07-30 11:20:44.403297,3165455,0.0,1.7
2021-07-30 11:20:44.561792,3165295,0.0,0.0
2021-07-30 11:20:44.561792,3165455,0.0,1.7
2021-07-30 11:20:44.721393,3165295,0.0,0.0
2021-07-30 11:20:44.721393,3165455,0.0,1.7
2021-07-30 11:20:44.881572,3165295,0.0,0.0
2021-07-30 11:20:44.881572,3165455,0.0,1.7
2021-07-30 11:20:45.040456,3165295,0.0,0.0
2021-07-30 11:20:45.040456,3165455,0.0,1.7
2021-07-30 11:20:45.195641,3165295,0.0,0.0
2021-07-30 11:20:45.195641,3165455,0.0,1.7
2021-07-30 11:20:45.354482,3165295,0.0,0.0
2021-07-30 11:20:45.354482,3165455,0.0,1.7
2021-07-30 11:20:45.513959,3165295,0.0,0.0
2021-07-30 11:20:45.513959,3165455,0.0,1.7
2021-07-30 11:20:45.673321,3165295,0.0,0.0
2021-07-30 11:20:45.673321,3165455,0.0,1.7
2021-07-30 11:20:45.832040,3165295,0.0,0.0
2021-07-30 11:20:45.832040,3165455,0.0,1.7
2021-07-30 11:20:45.991419,3165295,0.0,0.0
2021-07-30 11:20:45.991419,3165455,0.0,1.7
2021-07-30 11:20:46.150337,3165295,0.0,0.0
2021-07-30 11:20:46.150337,3165455,0.0,1.7
2021-07-30 11:20:46.309677,3165455,6.7,1.7
2021-07-30 11:20:46.309677,3165295,0.0,0.0
2021-07-30 11:20:46.468877,3165295,0.0,0.0
2021-07-30 11:20:46.468877,3165455,0.0,1.7
2021-07-30 11:20:46.627970,3165295,0.0,0.0
2021-07-30 11:20:46.627970,3165455,0.0,1.7
2021-07-30 11:20:46.787128,3165295,0.0,0.0
2021-07-30 11:20:46.787128,3165455,0.0,1.7
2021-07-30 11:20:46.944935,3165295,0.0,0.0
2021-07-30 11:20:46.944935,3165455,0.0,1.7
2021-07-30 11:20:47.098840,3165295,0.0,0.0
2021-07-30 11:20:47.098840,3165455,0.0,1.7
2021-07-30 11:20:47.253408,3165295,0.0,0.0
2021-07-30 11:20:47.253408,3165455,0.0,1.7
2021-07-30 11:20:47.408002,3165295,0.0,0.0
2021-07-30 11:20:47.408002,3165455,0.0,1.7
2021-07-30 11:20:47.562492,3165295,0.0,0.0
2021-07-30 11:20:47.562492,3165455,0.0,1.7
2021-07-30 11:20:47.716954,3165295,0.0,0.0
2021-07-30 11:20:47.716954,3165455,0.0,1.7
2021-07-30 11:20:47.871342,3165295,0.0,0.0
2021-07-30 11:20:47.871342,3165455,0.0,1.7
2021-07-30 11:20:48.025965,3165295,0.0,0.0
2021-07-30 11:20:48.025965,3165455,0.0,1.7
2021-07-30 11:20:48.180296,3165295,0.0,0.0
2021-07-30 11:20:48.180296,3165455,0.0,1.7
2021-07-30 11:20:48.334855,3165295,0.0,0.0
2021-07-30 11:20:48.334855,3165455,0.0,1.7
2021-07-30 11:20:48.489467,3165295,0.0,0.0
2021-07-30 11:20:48.489467,3165455,0.0,1.7
2021-07-30 11:20:48.646794,3165295,0.0,0.0
2021-07-30 11:20:48.646794,3165455,0.0,1.7
2021-07-30 11:20:48.804149,3165295,0.0,0.0
2021-07-30 11:20:48.804149,3165455,0.0,1.7
2021-07-30 11:20:48.963614,3165295,0.0,0.0
2021-07-30 11:20:48.963614,3165455,0.0,1.7
2021-07-30 11:20:49.122872,3165295,0.0,0.0
2021-07-30 11:20:49.122872,3165455,0.0,1.7
2021-07-30 11:20:49.281701,3165295,0.0,0.0
2021-07-30 11:20:49.281701,3165455,0.0,1.7
2021-07-30 11:20:49.441699,3165295,0.0,0.0
2021-07-30 11:20:49.441699,3165455,0.0,1.7
2021-07-30 11:20:49.601285,3165295,0.0,0.0
2021-07-30 11:20:49.601285,3165455,0.0,1.7
2021-07-30 11:20:49.760644,3165295,0.0,0.0
2021-07-30 11:20:49.760644,3165455,0.0,1.7
2021-07-30 11:20:49.920292,3165295,0.0,0.0
2021-07-30 11:20:49.920292,3165455,0.0,1.7
2021-07-30 11:20:50.078819,3165295,0.0,0.0
2021-07-30 11:20:50.078819,3165455,0.0,1.7
2021-07-30 11:20:50.236242,3165295,0.0,0.0
2021-07-30 11:20:50.236242,3165455,0.0,1.7
2021-07-30 11:20:50.395362,3165295,0.0,0.0
2021-07-30 11:20:50.395362,3165455,0.0,1.7
2021-07-30 11:20:50.554149,3165295,0.0,0.0
2021-07-30 11:20:50.554149,3165455,0.0,1.7
2021-07-30 11:20:50.713609,3165295,0.0,0.0
2021-07-30 11:20:50.713609,3165455,0.0,1.7
2021-07-30 11:20:50.872367,3165295,0.0,0.0
2021-07-30 11:20:50.872367,3165455,0.0,1.7
2021-07-30 11:20:51.031073,3165295,0.0,0.0
2021-07-30 11:20:51.031073,3165455,0.0,1.7
2021-07-30 11:20:51.189861,3165295,0.0,0.0
2021-07-30 11:20:51.189861,3165455,0.0,1.7
2021-07-30 11:20:51.348612,3165295,0.0,0.0
2021-07-30 11:20:51.348612,3165455,0.0,1.7
2021-07-30 11:20:51.507259,3165455,6.7,1.7
2021-07-30 11:20:51.507259,3165295,0.0,0.0
2021-07-30 11:20:51.665981,3165295,0.0,0.0
2021-07-30 11:20:51.665981,3165455,0.0,1.7
2021-07-30 11:20:51.824658,3165295,0.0,0.0
2021-07-30 11:20:51.824658,3165455,0.0,1.7
2021-07-30 11:20:51.983348,3165295,0.0,0.0
2021-07-30 11:20:51.983348,3165455,0.0,1.7
2021-07-30 11:20:52.142130,3165295,0.0,0.0
2021-07-30 11:20:52.142130,3165455,0.0,1.7
2021-07-30 11:20:52.301255,3165295,0.0,0.0
2021-07-30 11:20:52.301255,3165455,0.0,1.7
2021-07-30 11:20:52.454909,3165295,0.0,0.0
2021-07-30 11:20:52.454909,3165455,0.0,1.7
2021-07-30 11:20:52.609220,3165295,0.0,0.0
2021-07-30 11:20:52.609220,3165455,0.0,1.7
2021-07-30 11:20:52.763704,3165295,0.0,0.0
2021-07-30 11:20:52.763704,3165455,0.0,1.7
2021-07-30 11:20:52.917798,3165295,0.0,0.0
2021-07-30 11:20:52.917798,3165455,0.0,1.7
2021-07-30 11:20:53.072222,3165295,0.0,0.0
2021-07-30 11:20:53.072222,3165455,0.0,1.7
2021-07-30 11:20:53.225911,3165295,0.0,0.0
2021-07-30 11:20:53.225911,3165455,0.0,1.7
2021-07-30 11:20:53.379651,3165295,0.0,0.0
2021-07-30 11:20:53.379651,3165455,0.0,1.7
2021-07-30 11:20:53.533720,3165295,0.0,0.0
2021-07-30 11:20:53.533720,3165455,0.0,1.7
2021-07-30 11:20:53.687560,3165295,0.0,0.0
2021-07-30 11:20:53.687560,3165455,0.0,1.7
2021-07-30 11:20:53.841690,3165295,0.0,0.0
2021-07-30 11:20:53.841690,3165455,0.0,1.7
2021-07-30 11:20:53.999922,3165295,0.0,0.0
2021-07-30 11:20:53.999922,3165455,0.0,1.7
2021-07-30 11:20:54.158053,3165295,0.0,0.0
2021-07-30 11:20:54.158053,3165455,0.0,1.7
2021-07-30 11:20:54.316322,3165295,0.0,0.0
2021-07-30 11:20:54.316322,3165455,0.0,1.7
2021-07-30 11:20:54.475815,3165295,0.0,0.0
2021-07-30 11:20:54.475815,3165455,0.0,1.7
2021-07-30 11:20:54.635358,3165295,0.0,0.0
2021-07-30 11:20:54.635358,3165455,0.0,1.7
2021-07-30 11:20:54.793785,3165295,0.0,0.0
2021-07-30 11:20:54.793785,3165455,0.0,1.7
2021-07-30 11:20:54.953086,3165295,0.0,0.0
2021-07-30 11:20:54.953086,3165455,0.0,1.7
2021-07-30 11:20:55.111820,3165295,0.0,0.0
2021-07-30 11:20:55.111820,3165455,0.0,1.7
2021-07-30 11:20:55.266655,3165295,0.0,0.0
2021-07-30 11:20:55.266655,3165455,0.0,1.7
2021-07-30 11:20:55.425823,3165295,0.0,0.0
2021-07-30 11:20:55.425823,3165455,0.0,1.7
2021-07-30 11:20:55.584670,3165455,6.7,1.7
2021-07-30 11:20:55.584670,3165295,0.0,0.0
2021-07-30 11:20:55.743171,3165295,0.0,0.0
2021-07-30 11:20:55.743171,3165455,0.0,1.7
2021-07-30 11:20:55.901991,3165295,0.0,0.0
2021-07-30 11:20:55.901991,3165455,0.0,1.7
2021-07-30 11:20:56.061048,3165295,0.0,0.0
2021-07-30 11:20:56.061048,3165455,0.0,1.7
2021-07-30 11:20:56.219665,3165295,0.0,0.0
2021-07-30 11:20:56.219665,3165455,0.0,1.7
2021-07-30 11:20:56.377848,3165295,0.0,0.0
2021-07-30 11:20:56.377848,3165455,0.0,1.7
2021-07-30 11:20:56.536298,3165295,0.0,0.0
2021-07-30 11:20:56.536298,3165455,0.0,1.7
2021-07-30 11:20:56.694968,3165295,0.0,0.0
2021-07-30 11:20:56.694968,3165455,0.0,1.7
2021-07-30 11:20:56.853828,3165295,0.0,0.0
2021-07-30 11:20:56.853828,3165455,0.0,1.7
2021-07-30 11:20:57.012426,3165295,0.0,0.0
2021-07-30 11:20:57.012426,3165455,0.0,1.7
2021-07-30 11:20:57.170709,3165295,0.0,0.0
2021-07-30 11:20:57.170709,3165455,0.0,1.7
2021-07-30 11:20:57.326536,3165295,0.0,0.0
2021-07-30 11:20:57.326536,3165455,0.0,1.7
2021-07-30 11:20:57.485397,3165455,6.7,1.7
2021-07-30 11:20:57.485397,3165295,0.0,0.0
2021-07-30 11:20:57.644277,3165295,0.0,0.0
2021-07-30 11:20:57.644277,3165455,0.0,1.7
2021-07-30 11:20:57.801663,3165295,0.0,0.0
2021-07-30 11:20:57.801663,3165455,0.0,1.7
2021-07-30 11:20:57.960309,3165295,0.0,0.0
2021-07-30 11:20:57.960309,3165455,0.0,1.7
2021-07-30 11:20:58.119075,3165295,0.0,0.0
2021-07-30 11:20:58.119075,3165455,0.0,1.7
2021-07-30 11:20:58.277757,3165295,0.0,0.0
2021-07-30 11:20:58.277757,3165455,0.0,1.7
2021-07-30 11:20:58.436352,3165295,0.0,0.0
2021-07-30 11:20:58.436352,3165455,0.0,1.7
2021-07-30 11:20:58.595410,3165295,0.0,0.0
2021-07-30 11:20:58.595410,3165455,0.0,1.7
2021-07-30 11:20:58.754273,3165295,0.0,0.0
2021-07-30 11:20:58.754273,3165455,0.0,1.7
2021-07-30 11:20:58.912793,3165295,0.0,0.0
2021-07-30 11:20:58.912793,3165455,0.0,1.7
2021-07-30 11:20:59.071695,3165295,0.0,0.0
2021-07-30 11:20:59.071695,3165455,0.0,1.7
2021-07-30 11:20:59.229862,3165295,0.0,0.0
2021-07-30 11:20:59.229862,3165455,0.0,1.7
2021-07-30 11:20:59.383477,3165295,0.0,0.0
2021-07-30 11:20:59.383477,3165455,0.0,1.7
2021-07-30 11:20:59.538027,3165295,0.0,0.0
2021-07-30 11:20:59.538027,3165455,0.0,1.7
2021-07-30 11:20:59.692588,3165295,0.0,0.0
2021-07-30 11:20:59.692588,3165455,0.0,1.7
2021-07-30 11:20:59.846928,3165295,0.0,0.0
2021-07-30 11:20:59.846928,3165455,0.0,1.7
2021-07-30 11:21:00.001545,3165295,0.0,0.0
2021-07-30 11:21:00.001545,3165455,0.0,1.7
2021-07-30 11:21:00.156202,3165295,0.0,0.0
2021-07-30 11:21:00.156202,3165455,0.0,1.7
2021-07-30 11:21:00.310557,3165295,0.0,0.0
2021-07-30 11:21:00.310557,3165455,0.0,1.7
2021-07-30 11:21:00.464208,3165295,0.0,0.0
2021-07-30 11:21:00.464208,3165455,0.0,1.7
2021-07-30 11:21:00.618631,3165295,0.0,0.0
2021-07-30 11:21:00.618631,3165455,0.0,1.7
2021-07-30 11:21:00.773379,3165295,0.0,0.0
2021-07-30 11:21:00.773379,3165455,0.0,1.7
2021-07-30 11:21:00.929222,3165295,0.0,0.0
2021-07-30 11:21:00.929222,3165455,0.0,1.7
2021-07-30 11:21:01.088035,3165295,0.0,0.0
2021-07-30 11:21:01.088035,3165455,0.0,1.7
2021-07-30 11:21:01.253065,3165295,0.0,0.0
2021-07-30 11:21:01.253065,3165455,0.0,1.7
2021-07-30 11:21:01.407553,3165295,0.0,0.0
2021-07-30 11:21:01.407553,3165455,0.0,1.7
2021-07-30 11:21:01.562091,3165295,0.0,0.0
2021-07-30 11:21:01.562091,3165455,0.0,1.7
2021-07-30 11:21:01.716602,3165295,0.0,0.0
2021-07-30 11:21:01.716602,3165455,0.0,1.7
2021-07-30 11:21:01.870696,3165295,0.0,0.0
2021-07-30 11:21:01.870696,3165455,0.0,1.7
2021-07-30 11:21:02.025163,3165295,0.0,0.0
2021-07-30 11:21:02.025163,3165455,0.0,1.7
2021-07-30 11:21:02.179566,3165295,0.0,0.0
2021-07-30 11:21:02.179566,3165455,0.0,1.7
2021-07-30 11:21:02.333176,3165295,0.0,0.0
2021-07-30 11:21:02.333176,3165455,0.0,1.7
2021-07-30 11:21:02.487934,3165295,0.0,0.0
2021-07-30 11:21:02.487934,3165455,0.0,1.7
2021-07-30 11:21:02.645107,3165295,0.0,0.0
2021-07-30 11:21:02.645107,3165455,0.0,1.7
2021-07-30 11:21:02.804159,3165295,0.0,0.0
2021-07-30 11:21:02.804159,3165455,0.0,1.7
2021-07-30 11:21:02.963059,3165295,0.0,0.0
2021-07-30 11:21:02.963059,3165455,0.0,1.7
2021-07-30 11:21:03.123206,3165295,0.0,0.0
2021-07-30 11:21:03.123206,3165455,0.0,1.7
2021-07-30 11:21:03.282559,3165295,0.0,0.0
2021-07-30 11:21:03.282559,3165455,0.0,1.7
2021-07-30 11:21:03.441075,3165295,0.0,0.0
2021-07-30 11:21:03.441075,3165455,0.0,1.7
2021-07-30 11:21:03.600464,3165295,0.0,0.0
2021-07-30 11:21:03.600464,3165455,0.0,1.7
2021-07-30 11:21:03.759883,3165295,0.0,0.0
2021-07-30 11:21:03.759883,3165455,0.0,1.7
2021-07-30 11:21:03.918688,3165295,0.0,0.0
2021-07-30 11:21:03.918688,3165455,0.0,1.7
2021-07-30 11:21:04.078344,3165295,0.0,0.0
2021-07-30 11:21:04.078344,3165455,0.0,1.7
2021-07-30 11:21:04.238024,3165295,0.0,0.0
2021-07-30 11:21:04.238024,3165455,0.0,1.7
2021-07-30 11:21:04.394480,3165295,0.0,0.0
2021-07-30 11:21:04.394480,3165455,0.0,1.7
2021-07-30 11:21:04.553101,3165295,0.0,0.0
2021-07-30 11:21:04.553101,3165455,0.0,1.7
2021-07-30 11:21:04.712773,3165295,0.0,0.0
2021-07-30 11:21:04.712773,3165455,0.0,1.7
2021-07-30 11:21:04.872602,3165295,0.0,0.0
2021-07-30 11:21:04.872602,3165455,0.0,1.7
2021-07-30 11:21:05.031382,3165295,0.0,0.0
2021-07-30 11:21:05.031382,3165455,0.0,1.7
2021-07-30 11:21:05.189210,3165295,0.0,0.0
2021-07-30 11:21:05.189210,3165455,0.0,1.7
2021-07-30 11:21:05.344477,3165295,0.0,0.0
2021-07-30 11:21:05.344477,3165455,0.0,1.7
2021-07-30 11:21:05.503078,3165295,0.0,0.0
2021-07-30 11:21:05.503078,3165455,0.0,1.7
2021-07-30 11:21:05.662351,3165455,6.7,1.7
2021-07-30 11:21:05.662351,3165295,0.0,0.0
2021-07-30 11:21:05.821215,3165295,0.0,0.0
2021-07-30 11:21:05.821215,3165455,0.0,1.7
2021-07-30 11:21:05.980169,3165295,0.0,0.0
2021-07-30 11:21:05.980169,3165455,0.0,1.7
2021-07-30 11:21:06.138872,3165295,0.0,0.0
2021-07-30 11:21:06.138872,3165455,0.0,1.7
2021-07-30 11:21:06.297775,3165295,0.0,0.0
2021-07-30 11:21:06.297775,3165455,0.0,1.7
2021-07-30 11:21:06.455758,3165295,0.0,0.0
2021-07-30 11:21:06.455758,3165455,0.0,1.7
2021-07-30 11:21:06.613913,3165295,0.0,0.0
2021-07-30 11:21:06.613913,3165455,0.0,1.7
2021-07-30 11:21:06.771726,3165295,0.0,0.0
2021-07-30 11:21:06.771726,3165455,0.0,1.7
2021-07-30 11:21:06.930450,3165295,0.0,0.0
2021-07-30 11:21:06.930450,3165455,0.0,1.7
2021-07-30 11:21:07.089337,3165295,0.0,0.0
2021-07-30 11:21:07.089337,3165455,0.0,1.7
2021-07-30 11:21:07.247843,3165295,0.0,0.0
2021-07-30 11:21:07.247843,3165455,0.0,1.7
2021-07-30 11:21:07.403642,3165295,0.0,0.0
2021-07-30 11:21:07.403642,3165455,0.0,1.7
2021-07-30 11:21:07.561797,3165295,0.0,0.0
2021-07-30 11:21:07.561797,3165455,0.0,1.7
2021-07-30 11:21:07.720426,3165295,0.0,0.0
2021-07-30 11:21:07.720426,3165455,0.0,1.7
2021-07-30 11:21:07.878766,3165295,0.0,0.0
2021-07-30 11:21:07.878766,3165455,0.0,1.7
2021-07-30 11:21:08.037528,3165295,0.0,0.0
2021-07-30 11:21:08.037528,3165455,0.0,1.7
2021-07-30 11:21:08.196220,3165295,0.0,0.0
2021-07-30 11:21:08.196220,3165455,0.0,1.7
2021-07-30 11:21:08.354617,3165295,0.0,0.0
2021-07-30 11:21:08.354617,3165455,0.0,1.7
2021-07-30 11:21:08.512778,3165295,0.0,0.0
2021-07-30 11:21:08.512778,3165455,0.0,1.7
2021-07-30 11:21:08.671385,3165295,0.0,0.0
2021-07-30 11:21:08.671385,3165455,0.0,1.7
2021-07-30 11:21:08.829902,3165295,0.0,0.0
2021-07-30 11:21:08.829902,3165455,0.0,1.7
2021-07-30 11:21:08.988426,3165455,6.7,1.7
2021-07-30 11:21:08.988426,3165295,0.0,0.0
2021-07-30 11:21:09.147109,3165295,0.0,0.0
2021-07-30 11:21:09.147109,3165455,0.0,1.7
2021-07-30 11:21:09.305212,3165295,0.0,0.0
2021-07-30 11:21:09.305212,3165455,0.0,1.7
2021-07-30 11:21:09.462575,3165295,0.0,0.0
2021-07-30 11:21:09.462575,3165455,0.0,1.7
2021-07-30 11:21:09.621011,3165295,0.0,0.0
2021-07-30 11:21:09.621011,3165455,0.0,1.7
2021-07-30 11:21:09.779728,3165295,0.0,0.0
2021-07-30 11:21:09.779728,3165455,0.0,1.7
2021-07-30 11:21:09.938418,3165295,0.0,0.0
2021-07-30 11:21:09.938418,3165455,0.0,1.7
2021-07-30 11:21:10.097160,3165295,0.0,0.0
2021-07-30 11:21:10.097160,3165455,0.0,1.7
2021-07-30 11:21:10.255087,3165295,0.0,0.0
2021-07-30 11:21:10.255087,3165455,0.0,1.7
2021-07-30 11:21:10.410098,3165295,0.0,0.0
2021-07-30 11:21:10.410098,3165455,0.0,1.7
2021-07-30 11:21:10.568950,3165295,0.0,0.0
2021-07-30 11:21:10.568950,3165455,0.0,1.7
2021-07-30 11:21:10.727520,3165295,0.0,0.0
2021-07-30 11:21:10.727520,3165455,0.0,1.7
2021-07-30 11:21:10.886201,3165295,0.0,0.0
2021-07-30 11:21:10.886201,3165455,0.0,1.7
2021-07-30 11:21:11.044808,3165295,0.0,0.0
2021-07-30 11:21:11.044808,3165455,0.0,1.7
2021-07-30 11:21:11.203590,3165295,0.0,0.0
2021-07-30 11:21:11.203590,3165455,0.0,1.7
2021-07-30 11:21:11.362069,3165295,0.0,0.0
2021-07-30 11:21:11.362069,3165455,0.0,1.7
2021-07-30 11:21:11.520237,3165295,0.0,0.0
2021-07-30 11:21:11.520237,3165455,0.0,1.7
2021-07-30 11:21:11.678859,3165295,0.0,0.0
2021-07-30 11:21:11.678859,3165455,0.0,1.7
2021-07-30 11:21:11.837674,3165295,0.0,0.0
2021-07-30 11:21:11.837674,3165455,0.0,1.7
2021-07-30 11:21:11.997101,3165295,0.0,0.0
2021-07-30 11:21:11.997101,3165455,0.0,1.7
2021-07-30 11:21:12.154989,3165295,0.0,0.0
2021-07-30 11:21:12.154989,3165455,0.0,1.7
2021-07-30 11:21:12.308654,3165295,0.0,0.0
2021-07-30 11:21:12.308654,3165455,0.0,1.7
2021-07-30 11:21:12.463134,3165295,0.0,0.0
2021-07-30 11:21:12.463134,3165455,0.0,1.7
2021-07-30 11:21:12.617611,3165295,0.0,0.0
2021-07-30 11:21:12.617611,3165455,0.0,1.7
2021-07-30 11:21:12.772279,3165455,6.7,1.7
2021-07-30 11:21:12.772279,3165295,0.0,0.0
2021-07-30 11:21:12.926861,3165295,0.0,0.0
2021-07-30 11:21:12.926861,3165455,0.0,1.7
2021-07-30 11:21:13.080668,3165295,0.0,0.0
2021-07-30 11:21:13.080668,3165455,0.0,1.7
2021-07-30 11:21:13.236189,3165295,0.0,0.0
2021-07-30 11:21:13.236189,3165455,0.0,1.7
2021-07-30 11:21:13.394939,3165295,0.0,0.0
2021-07-30 11:21:13.394939,3165455,0.0,1.7
2021-07-30 11:21:13.554044,3165295,0.0,0.0
2021-07-30 11:21:13.554044,3165455,0.0,1.7
2021-07-30 11:21:13.713151,3165295,0.0,0.0
2021-07-30 11:21:13.713151,3165455,0.0,1.7
2021-07-30 11:21:13.872117,3165295,0.0,0.0
2021-07-30 11:21:13.872117,3165455,0.0,1.7
2021-07-30 11:21:14.031346,3165295,0.0,0.0
2021-07-30 11:21:14.031346,3165455,0.0,1.7
2021-07-30 11:21:14.190925,3165295,0.0,0.0
2021-07-30 11:21:14.190925,3165455,0.0,1.7
2021-07-30 11:21:14.350555,3165295,0.0,0.0
2021-07-30 11:21:14.350555,3165455,0.0,1.7
2021-07-30 11:21:14.509001,3165295,0.0,0.0
2021-07-30 11:21:14.509001,3165455,0.0,1.7
2021-07-30 11:21:14.668385,3165295,0.0,0.0
2021-07-30 11:21:14.668385,3165455,0.0,1.7
2021-07-30 11:21:14.827378,3165295,0.0,0.0
2021-07-30 11:21:14.827378,3165455,0.0,1.7
2021-07-30 11:21:14.986917,3165295,0.0,0.0
2021-07-30 11:21:14.986917,3165455,0.0,1.7
2021-07-30 11:21:15.145579,3165295,0.0,0.0
2021-07-30 11:21:15.145579,3165455,0.0,1.7
2021-07-30 11:21:15.304208,3165295,0.0,0.0
2021-07-30 11:21:15.304208,3165455,0.0,1.7
2021-07-30 11:21:15.459665,3165295,0.0,0.0
2021-07-30 11:21:15.459665,3165455,0.0,1.7
2021-07-30 11:21:15.618917,3165295,0.0,0.0
2021-07-30 11:21:15.618917,3165455,0.0,1.7
2021-07-30 11:21:15.777469,3165295,0.0,0.0
2021-07-30 11:21:15.777469,3165455,0.0,1.7
2021-07-30 11:21:15.936064,3165295,0.0,0.0
2021-07-30 11:21:15.936064,3165455,0.0,1.7
2021-07-30 11:21:16.094183,3165295,0.0,0.0
2021-07-30 11:21:16.094183,3165455,0.0,1.7
2021-07-30 11:21:16.252477,3165295,0.0,0.0
2021-07-30 11:21:16.252477,3165455,0.0,1.7
2021-07-30 11:21:16.410952,3165295,0.0,0.0
2021-07-30 11:21:16.410952,3165455,0.0,1.7
2021-07-30 11:21:16.569675,3165295,0.0,0.0
2021-07-30 11:21:16.569675,3165455,0.0,1.7
2021-07-30 11:21:16.728445,3165455,6.2,1.7
2021-07-30 11:21:16.728445,3165295,0.0,0.0
2021-07-30 11:21:16.887221,3165295,0.0,0.0
2021-07-30 11:21:16.887221,3165455,0.0,1.7
2021-07-30 11:21:17.045724,3165295,0.0,0.0
2021-07-30 11:21:17.045724,3165455,0.0,1.7
2021-07-30 11:21:17.204352,3165295,0.0,0.0
2021-07-30 11:21:17.204352,3165455,0.0,1.7
2021-07-30 11:21:17.362872,3165295,0.0,0.0
2021-07-30 11:21:17.362872,3165455,0.0,1.7
2021-07-30 11:21:17.520930,3165295,0.0,0.0
2021-07-30 11:21:17.520930,3165455,0.0,1.7
2021-07-30 11:21:17.679530,3165295,0.0,0.0
2021-07-30 11:21:17.679530,3165455,0.0,1.7
2021-07-30 11:21:17.838824,3165295,0.0,0.0
2021-07-30 11:21:17.838824,3165455,0.0,1.7
2021-07-30 11:21:17.997143,3165295,0.0,0.0
2021-07-30 11:21:17.997143,3165455,0.0,1.7
2021-07-30 11:21:18.155575,3165295,0.0,0.0
2021-07-30 11:21:18.155575,3165455,0.0,1.7
2021-07-30 11:21:18.313979,3165295,0.0,0.0
2021-07-30 11:21:18.313979,3165455,0.0,1.7
2021-07-30 11:21:18.472957,3165295,0.0,0.0
2021-07-30 11:21:18.472957,3165455,0.0,1.7
2021-07-30 11:21:18.631690,3165295,0.0,0.0
2021-07-30 11:21:18.631690,3165455,0.0,1.7
2021-07-30 11:21:18.790825,3165295,0.0,0.0
2021-07-30 11:21:18.790825,3165455,0.0,1.7
2021-07-30 11:21:18.949457,3165455,6.7,1.7
2021-07-30 11:21:18.949457,3165295,0.0,0.0
2021-07-30 11:21:19.108213,3165295,0.0,0.0
2021-07-30 11:21:19.108213,3165455,0.0,1.7
2021-07-30 11:21:19.266676,3165295,0.0,0.0
2021-07-30 11:21:19.266676,3165455,0.0,1.7
2021-07-30 11:21:19.425399,3165295,0.0,0.0
2021-07-30 11:21:19.425399,3165455,0.0,1.7
2021-07-30 11:21:19.584194,3165295,0.0,0.0
2021-07-30 11:21:19.584194,3165455,0.0,1.7
2021-07-30 11:21:19.742569,3165295,0.0,0.0
2021-07-30 11:21:19.742569,3165455,0.0,1.7
2021-07-30 11:21:19.901454,3165295,0.0,0.0
2021-07-30 11:21:19.901454,3165455,0.0,1.7
2021-07-30 11:21:20.060145,3165295,0.0,0.0
2021-07-30 11:21:20.060145,3165455,0.0,1.7
2021-07-30 11:21:20.218675,3165295,0.0,0.0
2021-07-30 11:21:20.218675,3165455,0.0,1.7
2021-07-30 11:21:20.376859,3165295,0.0,0.0
2021-07-30 11:21:20.376859,3165455,0.0,1.7
2021-07-30 11:21:20.532414,3165295,0.0,0.0
2021-07-30 11:21:20.532414,3165455,0.0,1.7
2021-07-30 11:21:20.691204,3165295,0.0,0.0
2021-07-30 11:21:20.691204,3165455,0.0,1.7
2021-07-30 11:21:20.849504,3165295,0.0,0.0
2021-07-30 11:21:20.849504,3165455,0.0,1.7
2021-07-30 11:21:21.008288,3165295,0.0,0.0
2021-07-30 11:21:21.008288,3165455,0.0,1.7
2021-07-30 11:21:21.167086,3165295,0.0,0.0
2021-07-30 11:21:21.167086,3165455,0.0,1.7
2021-07-30 11:21:21.325499,3165295,0.0,0.0
2021-07-30 11:21:21.325499,3165455,0.0,1.7
2021-07-30 11:21:21.484041,3165295,0.0,0.0
2021-07-30 11:21:21.484041,3165455,0.0,1.7
2021-07-30 11:21:21.642328,3165295,0.0,0.0
2021-07-30 11:21:21.642328,3165455,0.0,1.7
2021-07-30 11:21:21.800789,3165295,0.0,0.0
2021-07-30 11:21:21.800789,3165455,0.0,1.7
2021-07-30 11:21:21.959483,3165295,0.0,0.0
2021-07-30 11:21:21.959483,3165455,0.0,1.7
2021-07-30 11:21:22.118315,3165295,0.0,0.0
2021-07-30 11:21:22.118315,3165455,0.0,1.7
2021-07-30 11:21:22.276953,3165295,0.0,0.0
2021-07-30 11:21:22.276953,3165455,0.0,1.7
2021-07-30 11:21:22.435410,3165295,0.0,0.0
2021-07-30 11:21:22.435410,3165455,0.0,1.7
2021-07-30 11:21:22.592296,3165295,0.0,0.0
2021-07-30 11:21:22.592296,3165455,0.0,1.7
2021-07-30 11:21:22.750867,3165295,0.0,0.0
2021-07-30 11:21:22.750867,3165455,0.0,1.7
2021-07-30 11:21:22.909653,3165455,6.7,1.7
2021-07-30 11:21:22.909653,3165295,0.0,0.0
2021-07-30 11:21:23.068524,3165295,0.0,0.0
2021-07-30 11:21:23.068524,3165455,0.0,1.7
2021-07-30 11:21:23.228029,3165295,0.0,0.0
2021-07-30 11:21:23.228029,3165455,0.0,1.7
2021-07-30 11:21:23.386022,3165295,0.0,0.0
2021-07-30 11:21:23.386022,3165455,0.0,1.7
2021-07-30 11:21:23.540605,3165295,0.0,0.0
2021-07-30 11:21:23.540605,3165455,0.0,1.7
2021-07-30 11:21:23.699440,3165295,0.0,0.0
2021-07-30 11:21:23.699440,3165455,0.0,1.7
2021-07-30 11:21:23.857671,3165295,0.0,0.0
2021-07-30 11:21:23.857671,3165455,0.0,1.7
2021-07-30 11:21:24.016397,3165295,0.0,0.0
2021-07-30 11:21:24.016397,3165455,0.0,1.7
2021-07-30 11:21:24.175365,3165295,0.0,0.0
2021-07-30 11:21:24.175365,3165455,0.0,1.7
2021-07-30 11:21:24.334190,3165295,0.0,0.0
2021-07-30 11:21:24.334190,3165455,0.0,1.7
2021-07-30 11:21:24.492768,3165295,0.0,0.0
2021-07-30 11:21:24.492768,3165455,0.0,1.7
2021-07-30 11:21:24.651561,3165295,0.0,0.0
2021-07-30 11:21:24.651561,3165455,0.0,1.7
2021-07-30 11:21:24.810793,3165295,0.0,0.0
2021-07-30 11:21:24.810793,3165455,0.0,1.7
2021-07-30 11:21:24.969402,3165295,0.0,0.0
2021-07-30 11:21:24.969402,3165455,0.0,1.7
2021-07-30 11:21:25.127550,3165295,0.0,0.0
2021-07-30 11:21:25.127550,3165455,0.0,1.7
2021-07-30 11:21:25.286136,3165295,0.0,0.0
2021-07-30 11:21:25.286136,3165455,0.0,1.7
2021-07-30 11:21:25.444351,3165295,0.0,0.0
2021-07-30 11:21:25.444351,3165455,0.0,1.7
2021-07-30 11:21:25.600318,3165295,0.0,0.0
2021-07-30 11:21:25.600318,3165455,0.0,1.7
2021-07-30 11:21:25.758773,3165295,0.0,0.0
2021-07-30 11:21:25.758773,3165455,0.0,1.7
2021-07-30 11:21:25.917490,3165295,0.0,0.0
2021-07-30 11:21:25.917490,3165455,0.0,1.7
2021-07-30 11:21:26.075887,3165295,0.0,0.0
2021-07-30 11:21:26.075887,3165455,0.0,1.7
2021-07-30 11:21:26.234129,3165295,0.0,0.0
2021-07-30 11:21:26.234129,3165455,0.0,1.7
2021-07-30 11:21:26.392676,3165295,0.0,0.0
2021-07-30 11:21:26.392676,3165455,0.0,1.7
2021-07-30 11:21:26.551537,3165295,0.0,0.0
2021-07-30 11:21:26.551537,3165455,0.0,1.7
2021-07-30 11:21:26.710860,3165295,0.0,0.0
2021-07-30 11:21:26.710860,3165455,0.0,1.7
2021-07-30 11:21:26.869007,3165295,0.0,0.0
2021-07-30 11:21:26.869007,3165455,0.0,1.7
2021-07-30 11:21:27.027539,3165295,0.0,0.0
2021-07-30 11:21:27.027539,3165455,0.0,1.7
2021-07-30 11:21:27.186231,3165295,0.0,0.0
2021-07-30 11:21:27.186231,3165455,0.0,1.7
2021-07-30 11:21:27.345194,3165295,0.0,0.0
2021-07-30 11:21:27.345194,3165455,0.0,1.7
2021-07-30 11:21:27.504374,3165295,0.0,0.0
2021-07-30 11:21:27.504374,3165455,0.0,1.7
2021-07-30 11:21:27.663187,3165295,0.0,0.0
2021-07-30 11:21:27.663187,3165455,0.0,1.7
2021-07-30 11:21:27.821869,3165295,0.0,0.0
2021-07-30 11:21:27.821869,3165455,0.0,1.7
2021-07-30 11:21:27.980386,3165295,0.0,0.0
2021-07-30 11:21:27.980386,3165455,0.0,1.7
2021-07-30 11:21:28.139087,3165295,0.0,0.0
2021-07-30 11:21:28.139087,3165455,0.0,1.7
2021-07-30 11:21:28.297796,3165295,0.0,0.0
2021-07-30 11:21:28.297796,3165455,0.0,1.7
2021-07-30 11:21:28.455797,3165295,0.0,0.0
2021-07-30 11:21:28.455797,3165455,0.0,1.7
2021-07-30 11:21:28.611611,3165295,0.0,0.0
2021-07-30 11:21:28.611611,3165455,0.0,1.7
2021-07-30 11:21:28.770317,3165295,0.0,0.0
2021-07-30 11:21:28.770317,3165455,0.0,1.7
2021-07-30 11:21:28.929808,3165295,0.0,0.0
2021-07-30 11:21:28.929808,3165455,0.0,1.7
2021-07-30 11:21:29.088934,3165455,6.7,1.7
2021-07-30 11:21:29.088934,3165295,0.0,0.0
2021-07-30 11:21:29.248428,3165295,0.0,0.0
2021-07-30 11:21:29.248428,3165455,0.0,1.7
2021-07-30 11:21:29.407864,3165295,0.0,0.0
2021-07-30 11:21:29.407864,3165455,0.0,1.7
2021-07-30 11:21:29.566556,3165295,0.0,0.0
2021-07-30 11:21:29.566556,3165455,0.0,1.7
2021-07-30 11:21:29.725404,3165295,0.0,0.0
2021-07-30 11:21:29.725404,3165455,0.0,1.7
2021-07-30 11:21:29.884060,3165455,6.7,1.7
2021-07-30 11:21:29.884060,3165295,0.0,0.0
2021-07-30 11:21:30.043586,3165295,0.0,0.0
2021-07-30 11:21:30.043586,3165455,0.0,1.7
2021-07-30 11:21:30.202499,3165295,0.0,0.0
2021-07-30 11:21:30.202499,3165455,0.0,1.7
2021-07-30 11:21:30.361937,3165295,0.0,0.0
2021-07-30 11:21:30.361937,3165455,0.0,1.7
2021-07-30 11:21:30.521944,3165295,0.0,0.0
2021-07-30 11:21:30.521944,3165455,0.0,1.7
2021-07-30 11:21:30.680509,3165295,0.0,0.0
2021-07-30 11:21:30.680509,3165455,0.0,1.7
2021-07-30 11:21:30.839221,3165295,0.0,0.0
2021-07-30 11:21:30.839221,3165455,0.0,1.7
2021-07-30 11:21:30.997350,3165295,0.0,0.0
2021-07-30 11:21:30.997350,3165455,0.0,1.7
2021-07-30 11:21:31.156151,3165295,0.0,0.0
2021-07-30 11:21:31.156151,3165455,0.0,1.7
2021-07-30 11:21:31.314779,3165295,0.0,0.0
2021-07-30 11:21:31.314779,3165455,0.0,1.7
2021-07-30 11:21:31.472956,3165295,0.0,0.0
2021-07-30 11:21:31.472956,3165455,0.0,1.7
2021-07-30 11:21:31.627946,3165295,0.0,0.0
2021-07-30 11:21:31.627946,3165455,0.0,1.7
2021-07-30 11:21:31.786473,3165295,0.0,0.0
2021-07-30 11:21:31.786473,3165455,0.0,1.7
2021-07-30 11:21:31.945225,3165295,0.0,0.0
2021-07-30 11:21:31.945225,3165455,0.0,1.7
2021-07-30 11:21:32.104009,3165295,0.0,0.0
2021-07-30 11:21:32.104009,3165455,0.0,1.7
2021-07-30 11:21:32.262754,3165295,0.0,0.0
2021-07-30 11:21:32.262754,3165455,0.0,1.7
2021-07-30 11:21:32.420724,3165295,0.0,0.0
2021-07-30 11:21:32.420724,3165455,0.0,1.7
2021-07-30 11:21:32.577736,3165295,0.0,0.0
2021-07-30 11:21:32.577736,3165455,0.0,1.7
2021-07-30 11:21:32.736167,3165295,0.0,0.0
2021-07-30 11:21:32.736167,3165455,0.0,1.7
2021-07-30 11:21:32.894872,3165295,0.0,0.0
2021-07-30 11:21:32.894872,3165455,0.0,1.7
2021-07-30 11:21:33.053396,3165295,0.0,0.0
2021-07-30 11:21:33.053396,3165455,0.0,1.7
2021-07-30 11:21:33.211947,3165295,0.0,0.0
2021-07-30 11:21:33.211947,3165455,0.0,1.7
2021-07-30 11:21:33.370413,3165295,0.0,0.0
2021-07-30 11:21:33.370413,3165455,0.0,1.7
2021-07-30 11:21:33.528992,3165295,0.0,0.0
2021-07-30 11:21:33.528992,3165455,0.0,1.7
2021-07-30 11:21:33.687139,3165295,0.0,0.0
2021-07-30 11:21:33.687139,3165455,0.0,1.7
2021-07-30 11:21:33.845638,3165295,0.0,0.0
2021-07-30 11:21:33.845638,3165455,0.0,1.7
2021-07-30 11:21:34.004509,3165295,0.0,0.0
2021-07-30 11:21:34.004509,3165455,0.0,1.7
2021-07-30 11:21:34.163961,3165295,0.0,0.0
2021-07-30 11:21:34.163961,3165455,0.0,1.7
2021-07-30 11:21:34.323106,3165455,6.7,1.7
2021-07-30 11:21:34.323106,3165295,0.0,0.0
2021-07-30 11:21:34.481827,3165295,0.0,0.0
2021-07-30 11:21:34.481827,3165455,0.0,1.7
2021-07-30 11:21:34.641066,3165295,0.0,0.0
2021-07-30 11:21:34.641066,3165455,0.0,1.7
2021-07-30 11:21:34.800543,3165295,0.0,0.0
2021-07-30 11:21:34.800543,3165455,0.0,1.7
2021-07-30 11:21:34.960139,3165295,0.0,0.0
2021-07-30 11:21:34.960139,3165455,0.0,1.7
2021-07-30 11:21:35.118743,3165295,0.0,0.0
2021-07-30 11:21:35.118743,3165455,0.0,1.7
2021-07-30 11:21:35.277827,3165295,0.0,0.0
2021-07-30 11:21:35.277827,3165455,0.0,1.7
2021-07-30 11:21:35.436770,3165295,0.0,0.0
2021-07-30 11:21:35.436770,3165455,0.0,1.7
2021-07-30 11:21:35.595336,3165295,0.0,0.0
2021-07-30 11:21:35.595336,3165455,0.0,1.7
2021-07-30 11:21:35.753806,3165295,0.0,0.0
2021-07-30 11:21:35.753806,3165455,0.0,1.7
2021-07-30 11:21:35.911951,3165295,0.0,0.0
2021-07-30 11:21:35.911951,3165455,0.0,1.7
2021-07-30 11:21:36.070496,3165295,0.0,0.0
2021-07-30 11:21:36.070496,3165455,0.0,1.7
2021-07-30 11:21:36.229184,3165295,0.0,0.0
2021-07-30 11:21:36.229184,3165455,0.0,1.7
2021-07-30 11:21:36.387998,3165295,0.0,0.0
2021-07-30 11:21:36.387998,3165455,0.0,1.7
2021-07-30 11:21:36.546514,3165295,0.0,0.0
2021-07-30 11:21:36.546514,3165455,0.0,1.7
2021-07-30 11:21:36.704123,3165295,0.0,0.0
2021-07-30 11:21:36.704123,3165455,0.0,1.7
2021-07-30 11:21:36.862879,3165295,0.0,0.0
2021-07-30 11:21:36.862879,3165455,0.0,1.7
2021-07-30 11:21:37.021541,3165295,0.0,0.0
2021-07-30 11:21:37.021541,3165455,0.0,1.7
2021-07-30 11:21:37.180253,3165455,6.7,1.7
2021-07-30 11:21:37.180253,3165295,0.0,0.0
2021-07-30 11:21:37.338940,3165295,0.0,0.0
2021-07-30 11:21:37.338940,3165455,0.0,1.7
2021-07-30 11:21:37.497537,3165295,0.0,0.0
2021-07-30 11:21:37.497537,3165455,0.0,1.7
2021-07-30 11:21:37.656085,3165295,0.0,0.0
2021-07-30 11:21:37.656085,3165455,0.0,1.7
2021-07-30 11:21:37.814744,3165295,0.0,0.0
2021-07-30 11:21:37.814744,3165455,0.0,1.7
2021-07-30 11:21:37.973352,3165295,0.0,0.0
2021-07-30 11:21:37.973352,3165455,0.0,1.7
2021-07-30 11:21:38.131963,3165295,0.0,0.0
2021-07-30 11:21:38.131963,3165455,0.0,1.7
2021-07-30 11:21:38.290664,3165295,0.0,0.0
2021-07-30 11:21:38.290664,3165455,0.0,1.7
2021-07-30 11:21:38.449611,3165295,0.0,0.0
2021-07-30 11:21:38.449611,3165455,0.0,1.7
2021-07-30 11:21:38.608208,3165295,0.0,0.0
2021-07-30 11:21:38.608208,3165455,0.0,1.7
2021-07-30 11:21:38.766682,3165295,0.0,0.0
2021-07-30 11:21:38.766682,3165455,0.0,1.7
2021-07-30 11:21:38.925271,3165295,0.0,0.0
2021-07-30 11:21:38.925271,3165455,0.0,1.7
2021-07-30 11:21:39.083747,3165295,0.0,0.0
2021-07-30 11:21:39.083747,3165455,0.0,1.7
2021-07-30 11:21:39.242494,3165295,0.0,0.0
2021-07-30 11:21:39.242494,3165455,0.0,1.7
2021-07-30 11:21:39.401209,3165295,0.0,0.0
2021-07-30 11:21:39.401209,3165455,0.0,1.7
2021-07-30 11:21:39.559073,3165295,0.0,0.0
2021-07-30 11:21:39.559073,3165455,0.0,1.7
2021-07-30 11:21:39.714138,3165295,0.0,0.0
2021-07-30 11:21:39.714138,3165455,0.0,1.7
2021-07-30 11:21:39.872777,3165295,0.0,0.0
2021-07-30 11:21:39.872777,3165455,0.0,1.7
2021-07-30 11:21:40.032207,3165295,0.0,0.0
2021-07-30 11:21:40.032207,3165455,0.0,1.7
2021-07-30 11:21:40.191217,3165455,6.7,1.7
2021-07-30 11:21:40.191217,3165295,0.0,0.0
2021-07-30 11:21:40.349889,3165295,0.0,0.0
2021-07-30 11:21:40.349889,3165455,0.0,1.7
2021-07-30 11:21:40.508435,3165295,0.0,0.0
2021-07-30 11:21:40.508435,3165455,0.0,1.7
2021-07-30 11:21:40.667284,3165295,0.0,0.0
2021-07-30 11:21:40.667284,3165455,0.0,1.7
2021-07-30 11:21:40.826057,3165295,0.0,0.0
2021-07-30 11:21:40.826057,3165455,0.0,1.7
2021-07-30 11:21:40.984540,3165295,0.0,0.0
2021-07-30 11:21:40.984540,3165455,0.0,1.7
2021-07-30 11:21:41.143256,3165295,0.0,0.0
2021-07-30 11:21:41.143256,3165455,0.0,1.7
2021-07-30 11:21:41.301557,3165295,0.0,0.0
2021-07-30 11:21:41.301557,3165455,0.0,1.7
2021-07-30 11:21:41.460077,3165295,0.0,0.0
2021-07-30 11:21:41.460077,3165455,0.0,1.7
2021-07-30 11:21:41.618533,3165295,0.0,0.0
2021-07-30 11:21:41.618533,3165455,0.0,1.7
2021-07-30 11:21:41.776334,3165295,0.0,0.0
2021-07-30 11:21:41.776334,3165455,0.0,1.7
2021-07-30 11:21:41.934847,3165455,6.7,1.7
2021-07-30 11:21:41.934847,3165295,0.0,0.0
2021-07-30 11:21:42.093663,3165295,0.0,0.0
2021-07-30 11:21:42.093663,3165455,0.0,1.7
2021-07-30 11:21:42.252468,3165295,0.0,0.0
2021-07-30 11:21:42.252468,3165455,0.0,1.7
2021-07-30 11:21:42.411185,3165295,0.0,0.0
2021-07-30 11:21:42.411185,3165455,0.0,1.7
2021-07-30 11:21:42.569563,3165295,0.0,0.0
2021-07-30 11:21:42.569563,3165455,0.0,1.7
2021-07-30 11:21:42.727937,3165295,0.0,0.0
2021-07-30 11:21:42.727937,3165455,0.0,1.7
2021-07-30 11:21:42.886848,3165295,0.0,0.0
2021-07-30 11:21:42.886848,3165455,0.0,1.7
2021-07-30 11:21:43.045748,3165295,0.0,0.0
2021-07-30 11:21:43.045748,3165455,0.0,1.7
2021-07-30 11:21:43.205014,3165295,0.0,0.0
2021-07-30 11:21:43.205014,3165455,0.0,1.7
2021-07-30 11:21:43.363891,3165295,0.0,0.0
2021-07-30 11:21:43.363891,3165455,0.0,1.7
2021-07-30 11:21:43.522349,3165295,0.0,0.0
2021-07-30 11:21:43.522349,3165455,0.0,1.7
2021-07-30 11:21:43.680973,3165295,0.0,0.0
2021-07-30 11:21:43.680973,3165455,0.0,1.7
2021-07-30 11:21:43.839721,3165295,0.0,0.0
2021-07-30 11:21:43.839721,3165455,0.0,1.7
2021-07-30 11:21:43.998416,3165295,0.0,0.0
2021-07-30 11:21:43.998416,3165455,0.0,1.7
2021-07-30 11:21:44.157051,3165295,0.0,0.0
2021-07-30 11:21:44.157051,3165455,0.0,1.7
2021-07-30 11:21:44.315916,3165295,0.0,0.0
2021-07-30 11:21:44.315916,3165455,0.0,1.7
2021-07-30 11:21:44.474596,3165295,0.0,0.0
2021-07-30 11:21:44.474596,3165455,0.0,1.7
2021-07-30 11:21:44.633316,3165295,0.0,0.0
2021-07-30 11:21:44.633316,3165455,0.0,1.7
2021-07-30 11:21:44.792107,3165295,0.0,0.0
2021-07-30 11:21:44.792107,3165455,0.0,1.7
2021-07-30 11:21:44.950769,3165295,0.0,0.0
2021-07-30 11:21:44.950769,3165455,0.0,1.7
2021-07-30 11:21:45.109490,3165295,0.0,0.0
2021-07-30 11:21:45.109490,3165455,0.0,1.7
2021-07-30 11:21:45.268237,3165455,6.2,1.7
2021-07-30 11:21:45.268237,3165295,0.0,0.0
2021-07-30 11:21:45.426650,3165295,0.0,0.0
2021-07-30 11:21:45.426650,3165455,0.0,1.7
2021-07-30 11:21:45.585401,3165295,0.0,0.0
2021-07-30 11:21:45.585401,3165455,0.0,1.7
2021-07-30 11:21:45.744064,3165295,0.0,0.0
2021-07-30 11:21:45.744064,3165455,0.0,1.7
2021-07-30 11:21:45.902476,3165295,0.0,0.0
2021-07-30 11:21:45.902476,3165455,0.0,1.7
2021-07-30 11:21:46.060937,3165295,0.0,0.0
2021-07-30 11:21:46.060937,3165455,0.0,1.7
2021-07-30 11:21:46.219014,3165295,0.0,0.0
2021-07-30 11:21:46.219014,3165455,0.0,1.7
