timestamp,PID,CPU,RAM
2021-07-30 04:58:46.589374,2901179,120.0,1.0
2021-07-30 04:58:46.589374,2462915,0.0,0.0
2021-07-30 04:58:46.589374,2462977,0.0,5.8
2021-07-30 04:58:46.745880,2901179,166.7,1.1
2021-07-30 04:58:46.745880,2462915,0.0,0.0
2021-07-30 04:58:46.745880,2462977,0.0,5.8
2021-07-30 04:58:46.903165,2901179,120.0,1.2
2021-07-30 04:58:46.903165,2462915,0.0,0.0
2021-07-30 04:58:46.903165,2462977,0.0,5.8
2021-07-30 04:58:47.060348,2901179,146.7,1.3
2021-07-30 04:58:47.060348,2462915,0.0,0.0
2021-07-30 04:58:47.060348,2462977,0.0,5.8
2021-07-30 04:58:47.217050,2901179,180.0,1.4
2021-07-30 04:58:47.217050,2462915,0.0,0.0
2021-07-30 04:58:47.217050,2462977,0.0,5.8
2021-07-30 04:58:47.374258,2901179,180.0,1.4
2021-07-30 04:58:47.374258,2462915,0.0,0.0
2021-07-30 04:58:47.374258,2462977,0.0,5.8
2021-07-30 04:58:47.530258,2901179,146.7,1.5
2021-07-30 04:58:47.530258,2462915,0.0,0.0
2021-07-30 04:58:47.530258,2462977,0.0,5.8
2021-07-30 04:58:47.686826,2901179,206.7,1.6
2021-07-30 04:58:47.686826,2462915,0.0,0.0
2021-07-30 04:58:47.686826,2462977,0.0,5.8
2021-07-30 04:58:47.843700,2901179,237.5,1.6
2021-07-30 04:58:47.843700,2462915,0.0,0.0
2021-07-30 04:58:47.843700,2462977,0.0,5.8
2021-07-30 04:58:48.000467,2901179,320.0,1.6
2021-07-30 04:58:48.000467,2462915,0.0,0.0
2021-07-30 04:58:48.000467,2462977,0.0,5.8
2021-07-30 04:58:48.157167,2901179,160.0,1.7
2021-07-30 04:58:48.157167,2462915,0.0,0.0
2021-07-30 04:58:48.157167,2462977,0.0,5.8
2021-07-30 04:58:48.314325,2901179,187.5,1.9
2021-07-30 04:58:48.314325,2462915,0.0,0.0
2021-07-30 04:58:48.314325,2462977,0.0,5.8
2021-07-30 04:58:48.471263,2901179,246.7,1.9
2021-07-30 04:58:48.471263,2462915,0.0,0.0
2021-07-30 04:58:48.471263,2462977,0.0,5.8
2021-07-30 04:58:48.628403,2901179,186.7,2.0
2021-07-30 04:58:48.628403,2462977,6.7,5.8
2021-07-30 04:58:48.628403,2462915,0.0,0.0
2021-07-30 04:58:48.785290,2901179,193.3,2.2
2021-07-30 04:58:48.785290,2462915,0.0,0.0
2021-07-30 04:58:48.785290,2462977,0.0,5.8
2021-07-30 04:58:48.942189,2901179,206.7,2.4
2021-07-30 04:58:48.942189,2462915,0.0,0.0
2021-07-30 04:58:48.942189,2462977,0.0,5.8
2021-07-30 04:58:49.099420,2901179,133.3,2.4
2021-07-30 04:58:49.099420,2462915,0.0,0.0
2021-07-30 04:58:49.099420,2462977,0.0,5.8
2021-07-30 04:58:49.256626,2901179,146.7,2.4
2021-07-30 04:58:49.256626,2462915,0.0,0.0
2021-07-30 04:58:49.256626,2462977,0.0,5.8
2021-07-30 04:58:49.412429,2901179,173.3,2.5
2021-07-30 04:58:49.412429,2462915,0.0,0.0
2021-07-30 04:58:49.412429,2462977,0.0,5.8
2021-07-30 04:58:49.569800,2901179,333.3,2.6
2021-07-30 04:58:49.569800,2462915,0.0,0.0
2021-07-30 04:58:49.569800,2462977,0.0,5.8
2021-07-30 04:58:49.725828,2901179,293.3,2.8
2021-07-30 04:58:49.725828,2462915,0.0,0.0
2021-07-30 04:58:49.725828,2462977,0.0,5.8
2021-07-30 04:58:49.883351,2901179,260.0,2.8
2021-07-30 04:58:49.883351,2462915,0.0,0.0
2021-07-30 04:58:49.883351,2462977,0.0,5.8
2021-07-30 04:58:50.040720,2901179,300.0,2.9
2021-07-30 04:58:50.040720,2462915,0.0,0.0
2021-07-30 04:58:50.040720,2462977,0.0,5.8
2021-07-30 04:58:50.197856,2901179,260.0,2.9
2021-07-30 04:58:50.197856,2462915,0.0,0.0
2021-07-30 04:58:50.197856,2462977,0.0,5.8
2021-07-30 04:58:50.354388,2901179,326.7,2.9
2021-07-30 04:58:50.354388,2462915,0.0,0.0
2021-07-30 04:58:50.354388,2462977,0.0,5.8
2021-07-30 04:58:50.510795,2901179,266.7,3.1
2021-07-30 04:58:50.510795,2462915,0.0,0.0
2021-07-30 04:58:50.510795,2462977,0.0,5.8
2021-07-30 04:58:50.667915,2901179,313.3,3.4
2021-07-30 04:58:50.667915,2462915,0.0,0.0
2021-07-30 04:58:50.667915,2462977,0.0,5.8
2021-07-30 04:58:50.826926,2901179,280.0,3.5
2021-07-30 04:58:50.826926,2462915,0.0,0.0
2021-07-30 04:58:50.826926,2462977,0.0,5.8
2021-07-30 04:58:50.983886,2901179,156.2,3.8
2021-07-30 04:58:50.983886,2462915,0.0,0.0
2021-07-30 04:58:50.983886,2462977,0.0,5.8
2021-07-30 04:58:51.140672,2901179,120.0,3.7
2021-07-30 04:58:51.140672,2462915,0.0,0.0
2021-07-30 04:58:51.140672,2462977,0.0,5.8
2021-07-30 04:58:51.297769,2901179,133.3,3.8
2021-07-30 04:58:51.297769,2462915,0.0,0.0
2021-07-30 04:58:51.297769,2462977,0.0,5.8
2021-07-30 04:58:51.454534,2901179,113.3,3.8
2021-07-30 04:58:51.454534,2462915,0.0,0.0
2021-07-30 04:58:51.454534,2462977,0.0,5.8
2021-07-30 04:58:51.612251,2901179,173.3,3.8
2021-07-30 04:58:51.612251,2462915,0.0,0.0
2021-07-30 04:58:51.612251,2462977,0.0,5.8
2021-07-30 04:58:51.769710,2901179,100.0,3.8
2021-07-30 04:58:51.769710,2462915,0.0,0.0
2021-07-30 04:58:51.769710,2462977,0.0,5.8
2021-07-30 04:58:51.926319,2901179,160.0,4.0
2021-07-30 04:58:51.926319,2462915,0.0,0.0
2021-07-30 04:58:51.926319,2462977,0.0,5.8
2021-07-30 04:58:52.081956,2901179,260.0,4.0
2021-07-30 04:58:52.081956,2462915,0.0,0.0
2021-07-30 04:58:52.081956,2462977,0.0,5.8
2021-07-30 04:58:52.239220,2901179,226.7,4.0
2021-07-30 04:58:52.239220,2462915,0.0,0.0
2021-07-30 04:58:52.239220,2462977,0.0,5.8
2021-07-30 04:58:52.396682,2901179,160.0,4.1
2021-07-30 04:58:52.396682,2462915,0.0,0.0
2021-07-30 04:58:52.396682,2462977,0.0,5.8
2021-07-30 04:58:52.554299,2901179,162.5,4.1
2021-07-30 04:58:52.554299,2462915,0.0,0.0
2021-07-30 04:58:52.554299,2462977,0.0,5.8
2021-07-30 04:58:52.711265,2901179,153.3,4.1
2021-07-30 04:58:52.711265,2462915,0.0,0.0
2021-07-30 04:58:52.711265,2462977,0.0,5.8
2021-07-30 04:58:52.867179,2901179,226.7,4.1
2021-07-30 04:58:52.867179,2462915,0.0,0.0
2021-07-30 04:58:52.867179,2462977,0.0,5.8
2021-07-30 04:58:53.024719,2901179,193.3,4.2
2021-07-30 04:58:53.024719,2462915,0.0,0.0
2021-07-30 04:58:53.024719,2462977,0.0,5.8
2021-07-30 04:58:53.183025,2901179,153.3,4.2
2021-07-30 04:58:53.183025,2462915,0.0,0.0
2021-07-30 04:58:53.183025,2462977,0.0,5.8
2021-07-30 04:58:53.340273,2901179,166.7,4.2
2021-07-30 04:58:53.340273,2462915,0.0,0.0
2021-07-30 04:58:53.340273,2462977,0.0,5.8
2021-07-30 04:58:53.497838,2901179,180.0,4.3
2021-07-30 04:58:53.497838,2462915,0.0,0.0
2021-07-30 04:58:53.497838,2462977,0.0,5.8
2021-07-30 04:58:53.656467,2901179,206.7,4.5
2021-07-30 04:58:53.656467,2462915,0.0,0.0
2021-07-30 04:58:53.656467,2462977,0.0,5.8
2021-07-30 04:58:53.813731,2901179,226.7,4.7
2021-07-30 04:58:53.813731,2462915,0.0,0.0
2021-07-30 04:58:53.813731,2462977,0.0,5.8
2021-07-30 04:58:53.972720,2901179,213.3,4.7
2021-07-30 04:58:53.972720,2462915,0.0,0.0
2021-07-30 04:58:53.972720,2462977,0.0,5.8
2021-07-30 04:58:54.130558,2901179,266.7,4.7
2021-07-30 04:58:54.130558,2462915,0.0,0.0
2021-07-30 04:58:54.130558,2462977,0.0,5.8
2021-07-30 04:58:54.288171,2901179,306.7,4.8
2021-07-30 04:58:54.288171,2462915,0.0,0.0
2021-07-30 04:58:54.288171,2462977,0.0,5.8
2021-07-30 04:58:54.445166,2901179,253.3,4.8
2021-07-30 04:58:54.445166,2462915,0.0,0.0
2021-07-30 04:58:54.445166,2462977,0.0,5.8
2021-07-30 04:58:54.602373,2901179,340.0,4.8
2021-07-30 04:58:54.602373,2462915,0.0,0.0
2021-07-30 04:58:54.602373,2462977,0.0,5.8
2021-07-30 04:58:54.758639,2901179,320.0,4.9
2021-07-30 04:58:54.758639,2462915,0.0,0.0
2021-07-30 04:58:54.758639,2462977,0.0,5.8
2021-07-30 04:58:54.917300,2901179,353.3,4.9
2021-07-30 04:58:54.917300,2462915,0.0,0.0
2021-07-30 04:58:54.917300,2462977,0.0,5.8
2021-07-30 04:58:55.074379,2901179,360.0,5.0
2021-07-30 04:58:55.074379,2462915,0.0,0.0
2021-07-30 04:58:55.074379,2462977,0.0,5.8
2021-07-30 04:58:55.230762,2901179,280.0,5.0
2021-07-30 04:58:55.230762,2462915,0.0,0.0
2021-07-30 04:58:55.230762,2462977,0.0,5.8
2021-07-30 04:58:55.389977,2901179,366.7,5.1
2021-07-30 04:58:55.389977,2462915,0.0,0.0
2021-07-30 04:58:55.389977,2462977,0.0,5.8
2021-07-30 04:58:55.548349,2901179,326.7,5.3
2021-07-30 04:58:55.548349,2462915,0.0,0.0
2021-07-30 04:58:55.548349,2462977,0.0,5.8
2021-07-30 04:58:55.706411,2901179,300.0,5.5
2021-07-30 04:58:55.706411,2462915,0.0,0.0
2021-07-30 04:58:55.706411,2462977,0.0,5.8
2021-07-30 04:58:55.863740,2901179,306.7,5.6
2021-07-30 04:58:55.863740,2462977,6.7,5.8
2021-07-30 04:58:55.863740,2462915,0.0,0.0
2021-07-30 04:58:56.021018,2901179,220.0,5.6
2021-07-30 04:58:56.021018,2462915,0.0,0.0
2021-07-30 04:58:56.021018,2462977,0.0,5.8
2021-07-30 04:58:56.178948,2901179,226.7,5.4
2021-07-30 04:58:56.178948,2462915,0.0,0.0
2021-07-30 04:58:56.178948,2462977,0.0,5.8
2021-07-30 04:58:56.337115,2901179,286.7,5.4
2021-07-30 04:58:56.337115,2462915,0.0,0.0
2021-07-30 04:58:56.337115,2462977,0.0,5.8
2021-07-30 04:58:56.498783,2901179,326.7,5.6
2021-07-30 04:58:56.498783,2462915,0.0,0.0
2021-07-30 04:58:56.498783,2462977,0.0,5.8
2021-07-30 04:58:56.656237,2901179,313.3,5.7
2021-07-30 04:58:56.656237,2462915,0.0,0.0
2021-07-30 04:58:56.656237,2462977,0.0,5.8
2021-07-30 04:58:56.820648,2901179,226.7,5.6
2021-07-30 04:58:56.820648,2462915,0.0,0.0
2021-07-30 04:58:56.820648,2462977,0.0,5.8
2021-07-30 04:58:56.978491,2901179,313.3,5.6
2021-07-30 04:58:56.978491,2462915,0.0,0.0
2021-07-30 04:58:56.978491,2462977,0.0,5.8
2021-07-30 04:58:57.135561,2901179,320.0,5.7
2021-07-30 04:58:57.135561,2462915,0.0,0.0
2021-07-30 04:58:57.135561,2462977,0.0,5.8
2021-07-30 04:58:57.294701,2901179,260.0,6.1
2021-07-30 04:58:57.294701,2462915,0.0,0.0
2021-07-30 04:58:57.294701,2462977,0.0,5.8
2021-07-30 04:58:57.452127,2901179,340.0,6.1
2021-07-30 04:58:57.452127,2462915,0.0,0.0
2021-07-30 04:58:57.452127,2462977,0.0,5.8
2021-07-30 04:58:57.609262,2901179,300.0,6.1
2021-07-30 04:58:57.609262,2462915,0.0,0.0
2021-07-30 04:58:57.609262,2462977,0.0,5.8
2021-07-30 04:58:57.766314,2901179,220.0,6.1
2021-07-30 04:58:57.766314,2462915,0.0,0.0
2021-07-30 04:58:57.766314,2462977,0.0,5.8
2021-07-30 04:58:57.925681,2901179,286.7,6.1
2021-07-30 04:58:57.925681,2462915,0.0,0.0
2021-07-30 04:58:57.925681,2462977,0.0,5.8
2021-07-30 04:58:58.082374,2901179,33.3,6.1
2021-07-30 04:58:58.082374,2462915,0.0,0.0
2021-07-30 04:58:58.082374,2462977,0.0,5.8
2021-07-30 04:58:58.240367,2901179,73.3,6.1
2021-07-30 04:58:58.240367,2462915,0.0,0.0
2021-07-30 04:58:58.240367,2462977,0.0,5.8
2021-07-30 04:58:58.397153,2901179,6.7,6.1
2021-07-30 04:58:58.397153,2462915,0.0,0.0
2021-07-30 04:58:58.397153,2462977,0.0,5.8
2021-07-30 04:58:58.554868,2462915,0.0,0.0
2021-07-30 04:58:58.554868,2462977,0.0,5.8
2021-07-30 04:58:58.554868,2901179,0.0,6.1
2021-07-30 04:58:58.712355,2901179,6.7,6.1
2021-07-30 04:58:58.712355,2462915,0.0,0.0
2021-07-30 04:58:58.712355,2462977,0.0,5.8
2021-07-30 04:58:58.869681,2462915,0.0,0.0
2021-07-30 04:58:58.869681,2462977,0.0,5.8
2021-07-30 04:58:58.869681,2901179,0.0,6.1
2021-07-30 04:58:59.027057,2462915,0.0,0.0
2021-07-30 04:58:59.027057,2462977,0.0,5.8
2021-07-30 04:58:59.027057,2901179,0.0,6.1
2021-07-30 04:58:59.184519,2462915,0.0,0.0
2021-07-30 04:58:59.184519,2462977,0.0,5.8
2021-07-30 04:58:59.184519,2901179,0.0,6.1
2021-07-30 04:58:59.341641,2462915,0.0,0.0
2021-07-30 04:58:59.341641,2462977,0.0,5.8
2021-07-30 04:58:59.341641,2901179,0.0,6.1
2021-07-30 04:58:59.499011,2462915,0.0,0.0
2021-07-30 04:58:59.499011,2462977,0.0,5.8
2021-07-30 04:58:59.499011,2901179,0.0,6.1
2021-07-30 04:58:59.656407,2462915,0.0,0.0
2021-07-30 04:58:59.656407,2462977,0.0,5.8
2021-07-30 04:58:59.656407,2901179,0.0,6.1
2021-07-30 04:58:59.813924,2462915,0.0,0.0
2021-07-30 04:58:59.813924,2462977,0.0,5.8
2021-07-30 04:58:59.813924,2901179,0.0,6.1
2021-07-30 04:58:59.971341,2462915,0.0,0.0
2021-07-30 04:58:59.971341,2462977,0.0,5.8
2021-07-30 04:58:59.971341,2901179,0.0,6.1
2021-07-30 04:59:00.129305,2462915,0.0,0.0
2021-07-30 04:59:00.129305,2462977,0.0,5.8
2021-07-30 04:59:00.129305,2901179,0.0,6.1
2021-07-30 04:59:00.286700,2462915,0.0,0.0
2021-07-30 04:59:00.286700,2462977,0.0,5.8
2021-07-30 04:59:00.286700,2901179,0.0,6.1
2021-07-30 04:59:00.444312,2901179,112.5,6.3
2021-07-30 04:59:00.444312,2462915,0.0,0.0
2021-07-30 04:59:00.444312,2462977,0.0,5.8
2021-07-30 04:59:00.601391,2901179,233.3,6.3
2021-07-30 04:59:00.601391,2462915,0.0,0.0
2021-07-30 04:59:00.601391,2462977,0.0,5.8
2021-07-30 04:59:00.758001,2462915,0.0,0.0
2021-07-30 04:59:00.758001,2462977,0.0,5.8
2021-07-30 04:59:00.758001,2901179,0.0,6.3
2021-07-30 04:59:00.914766,2462915,0.0,0.0
2021-07-30 04:59:00.914766,2462977,0.0,5.8
2021-07-30 04:59:00.914766,2901179,0.0,6.3
2021-07-30 04:59:01.072213,2462915,0.0,0.0
2021-07-30 04:59:01.072213,2462977,0.0,5.8
2021-07-30 04:59:01.072213,2901179,0.0,6.3
2021-07-30 04:59:01.229764,2462915,0.0,0.0
2021-07-30 04:59:01.229764,2462977,0.0,5.8
2021-07-30 04:59:01.229764,2901179,0.0,6.2
2021-07-30 04:59:01.387185,2462915,0.0,0.0
2021-07-30 04:59:01.387185,2462977,0.0,5.8
2021-07-30 04:59:01.387185,2901179,0.0,6.2
2021-07-30 04:59:01.545055,2462915,0.0,0.0
2021-07-30 04:59:01.545055,2462977,0.0,5.8
2021-07-30 04:59:01.545055,2901179,0.0,6.2
2021-07-30 04:59:01.702358,2462915,0.0,0.0
2021-07-30 04:59:01.702358,2462977,0.0,5.8
2021-07-30 04:59:01.702358,2901179,0.0,6.2
2021-07-30 04:59:01.859993,2462915,0.0,0.0
2021-07-30 04:59:01.859993,2462977,0.0,5.8
2021-07-30 04:59:01.859993,2901179,0.0,6.2
2021-07-30 04:59:02.017212,2462915,0.0,0.0
2021-07-30 04:59:02.017212,2462977,0.0,5.8
2021-07-30 04:59:02.017212,2901179,0.0,6.2
2021-07-30 04:59:02.174582,2462915,0.0,0.0
2021-07-30 04:59:02.174582,2462977,0.0,5.8
2021-07-30 04:59:02.174582,2901179,0.0,6.2
2021-07-30 04:59:02.331967,2901179,6.7,6.2
2021-07-30 04:59:02.331967,2462915,0.0,0.0
2021-07-30 04:59:02.331967,2462977,0.0,5.8
2021-07-30 04:59:02.489441,2462915,0.0,0.0
2021-07-30 04:59:02.489441,2462977,0.0,5.8
2021-07-30 04:59:02.489441,2901179,0.0,6.2
2021-07-30 04:59:02.646779,2462915,0.0,0.0
2021-07-30 04:59:02.646779,2462977,0.0,5.8
2021-07-30 04:59:02.646779,2901179,0.0,6.2
2021-07-30 04:59:02.804423,2462915,0.0,0.0
2021-07-30 04:59:02.804423,2462977,0.0,5.8
2021-07-30 04:59:02.804423,2901179,0.0,6.2
2021-07-30 04:59:02.961764,2462915,0.0,0.0
2021-07-30 04:59:02.961764,2462977,0.0,5.8
2021-07-30 04:59:02.961764,2901179,0.0,6.2
2021-07-30 04:59:03.119103,2462915,0.0,0.0
2021-07-30 04:59:03.119103,2462977,0.0,5.8
2021-07-30 04:59:03.119103,2901179,0.0,6.2
2021-07-30 04:59:03.276704,2462915,0.0,0.0
2021-07-30 04:59:03.276704,2462977,0.0,5.8
2021-07-30 04:59:03.276704,2901179,0.0,6.2
2021-07-30 04:59:03.433928,2462915,0.0,0.0
2021-07-30 04:59:03.433928,2462977,0.0,5.8
2021-07-30 04:59:03.433928,2901179,0.0,6.2
2021-07-30 04:59:03.591587,2901179,20.0,6.2
2021-07-30 04:59:03.591587,2462915,0.0,0.0
2021-07-30 04:59:03.591587,2462977,0.0,5.8
2021-07-30 04:59:03.749446,2462915,0.0,0.0
2021-07-30 04:59:03.749446,2462977,0.0,5.8
2021-07-30 04:59:03.749446,2901179,0.0,6.2
2021-07-30 04:59:03.906817,2462915,0.0,0.0
2021-07-30 04:59:03.906817,2462977,0.0,5.8
2021-07-30 04:59:03.906817,2901179,0.0,6.2
2021-07-30 04:59:04.064191,2462915,0.0,0.0
2021-07-30 04:59:04.064191,2462977,0.0,5.8
2021-07-30 04:59:04.064191,2901179,0.0,6.2
2021-07-30 04:59:04.221591,2462915,0.0,0.0
2021-07-30 04:59:04.221591,2462977,0.0,5.8
2021-07-30 04:59:04.221591,2901179,0.0,6.2
2021-07-30 04:59:04.379006,2462915,0.0,0.0
2021-07-30 04:59:04.379006,2462977,0.0,5.8
2021-07-30 04:59:04.379006,2901179,0.0,6.2
2021-07-30 04:59:04.536444,2462915,0.0,0.0
2021-07-30 04:59:04.536444,2462977,0.0,5.8
2021-07-30 04:59:04.536444,2901179,0.0,6.2
2021-07-30 04:59:04.694371,2901179,6.2,6.2
2021-07-30 04:59:04.694371,2462915,0.0,0.0
2021-07-30 04:59:04.694371,2462977,0.0,5.8
2021-07-30 04:59:04.852481,2462915,0.0,0.0
2021-07-30 04:59:04.852481,2462977,0.0,5.8
2021-07-30 04:59:04.852481,2901179,0.0,6.2
2021-07-30 04:59:05.010327,2462915,0.0,0.0
2021-07-30 04:59:05.010327,2462977,0.0,5.8
2021-07-30 04:59:05.010327,2901179,0.0,6.2
2021-07-30 04:59:05.167881,2462915,0.0,0.0
2021-07-30 04:59:05.167881,2462977,0.0,5.8
2021-07-30 04:59:05.167881,2901179,0.0,6.2
2021-07-30 04:59:05.325050,2462915,0.0,0.0
2021-07-30 04:59:05.325050,2462977,0.0,5.8
2021-07-30 04:59:05.325050,2901179,0.0,6.2
2021-07-30 04:59:05.482381,2462915,0.0,0.0
2021-07-30 04:59:05.482381,2462977,0.0,5.8
2021-07-30 04:59:05.482381,2901179,0.0,6.2
2021-07-30 04:59:05.639786,2901179,6.7,6.2
2021-07-30 04:59:05.639786,2462915,0.0,0.0
2021-07-30 04:59:05.639786,2462977,0.0,5.8
2021-07-30 04:59:05.796999,2462915,0.0,0.0
2021-07-30 04:59:05.796999,2462977,0.0,5.8
2021-07-30 04:59:05.796999,2901179,0.0,6.2
2021-07-30 04:59:05.954523,2901179,46.7,6.2
2021-07-30 04:59:05.954523,2462915,0.0,0.0
2021-07-30 04:59:05.954523,2462977,0.0,5.8
2021-07-30 04:59:06.112094,2462915,0.0,0.0
2021-07-30 04:59:06.112094,2462977,0.0,5.8
2021-07-30 04:59:06.112094,2901179,0.0,6.2
2021-07-30 04:59:06.269366,2901179,6.7,6.2
2021-07-30 04:59:06.269366,2462915,0.0,0.0
2021-07-30 04:59:06.269366,2462977,0.0,5.8
2021-07-30 04:59:06.427176,2462915,0.0,0.0
2021-07-30 04:59:06.427176,2462977,0.0,5.8
2021-07-30 04:59:06.427176,2901179,0.0,6.2
2021-07-30 04:59:06.584732,2901179,6.7,6.2
2021-07-30 04:59:06.584732,2462915,0.0,0.0
2021-07-30 04:59:06.584732,2462977,0.0,5.8
2021-07-30 04:59:06.742259,2462915,0.0,0.0
2021-07-30 04:59:06.742259,2462977,0.0,5.8
2021-07-30 04:59:06.742259,2901179,0.0,6.2
2021-07-30 04:59:06.899629,2462915,0.0,0.0
2021-07-30 04:59:06.899629,2462977,0.0,5.8
2021-07-30 04:59:06.899629,2901179,0.0,6.2
2021-07-30 04:59:07.056905,2462915,0.0,0.0
2021-07-30 04:59:07.056905,2462977,0.0,5.8
2021-07-30 04:59:07.056905,2901179,0.0,6.2
2021-07-30 04:59:07.214245,2462915,0.0,0.0
2021-07-30 04:59:07.214245,2462977,0.0,5.8
2021-07-30 04:59:07.214245,2901179,0.0,6.2
2021-07-30 04:59:07.371600,2462915,0.0,0.0
2021-07-30 04:59:07.371600,2462977,0.0,5.8
2021-07-30 04:59:07.371600,2901179,0.0,6.2
2021-07-30 04:59:07.529015,2462915,0.0,0.0
2021-07-30 04:59:07.529015,2462977,0.0,5.8
2021-07-30 04:59:07.529015,2901179,0.0,6.2
2021-07-30 04:59:07.686320,2462915,0.0,0.0
2021-07-30 04:59:07.686320,2462977,0.0,5.8
2021-07-30 04:59:07.686320,2901179,0.0,6.2
2021-07-30 04:59:07.843995,2462915,0.0,0.0
2021-07-30 04:59:07.843995,2462977,0.0,5.8
2021-07-30 04:59:07.843995,2901179,0.0,6.2
2021-07-30 04:59:08.001510,2901179,6.7,6.2
2021-07-30 04:59:08.001510,2462915,0.0,0.0
2021-07-30 04:59:08.001510,2462977,0.0,5.8
2021-07-30 04:59:08.159263,2462915,0.0,0.0
2021-07-30 04:59:08.159263,2462977,0.0,5.8
2021-07-30 04:59:08.159263,2901179,0.0,6.2
2021-07-30 04:59:08.316579,2462915,0.0,0.0
2021-07-30 04:59:08.316579,2462977,0.0,5.8
2021-07-30 04:59:08.316579,2901179,0.0,6.2
2021-07-30 04:59:08.474005,2462915,0.0,0.0
2021-07-30 04:59:08.474005,2462977,0.0,5.8
2021-07-30 04:59:08.474005,2901179,0.0,6.2
2021-07-30 04:59:08.631328,2901179,6.7,6.2
2021-07-30 04:59:08.631328,2462915,0.0,0.0
2021-07-30 04:59:08.631328,2462977,0.0,5.8
2021-07-30 04:59:08.788115,2462915,0.0,0.0
2021-07-30 04:59:08.788115,2462977,0.0,5.8
2021-07-30 04:59:08.788115,2901179,0.0,6.2
2021-07-30 04:59:08.945362,2901179,6.7,6.2
2021-07-30 04:59:08.945362,2462915,0.0,0.0
2021-07-30 04:59:08.945362,2462977,0.0,5.8
2021-07-30 04:59:09.103221,2901179,6.7,6.2
2021-07-30 04:59:09.103221,2462915,0.0,0.0
2021-07-30 04:59:09.103221,2462977,0.0,5.8
2021-07-30 04:59:09.260715,2462915,0.0,0.0
2021-07-30 04:59:09.260715,2462977,0.0,5.8
2021-07-30 04:59:09.260715,2901179,0.0,6.2
2021-07-30 04:59:09.418353,2462915,0.0,0.0
2021-07-30 04:59:09.418353,2462977,0.0,5.8
2021-07-30 04:59:09.418353,2901179,0.0,6.2
2021-07-30 04:59:09.576001,2462915,0.0,0.0
2021-07-30 04:59:09.576001,2462977,0.0,5.8
2021-07-30 04:59:09.576001,2901179,0.0,6.2
2021-07-30 04:59:09.733880,2462915,0.0,0.0
2021-07-30 04:59:09.733880,2462977,0.0,5.8
2021-07-30 04:59:09.733880,2901179,0.0,6.2
2021-07-30 04:59:09.891565,2901179,6.7,6.2
2021-07-30 04:59:09.891565,2462915,0.0,0.0
2021-07-30 04:59:09.891565,2462977,0.0,5.8
2021-07-30 04:59:10.049037,2462915,0.0,0.0
2021-07-30 04:59:10.049037,2462977,0.0,5.8
2021-07-30 04:59:10.049037,2901179,0.0,6.2
2021-07-30 04:59:10.206564,2462915,0.0,0.0
2021-07-30 04:59:10.206564,2462977,0.0,5.8
2021-07-30 04:59:10.206564,2901179,0.0,6.2
2021-07-30 04:59:10.364360,2462915,0.0,0.0
2021-07-30 04:59:10.364360,2462977,0.0,5.8
2021-07-30 04:59:10.364360,2901179,0.0,6.2
2021-07-30 04:59:10.521643,2901179,6.7,6.2
2021-07-30 04:59:10.521643,2462915,0.0,0.0
2021-07-30 04:59:10.521643,2462977,0.0,5.8
2021-07-30 04:59:10.679380,2462915,0.0,0.0
2021-07-30 04:59:10.679380,2462977,0.0,5.8
2021-07-30 04:59:10.679380,2901179,0.0,6.2
2021-07-30 04:59:10.836431,2462915,0.0,0.0
2021-07-30 04:59:10.836431,2462977,0.0,5.8
2021-07-30 04:59:10.836431,2901179,0.0,6.2
2021-07-30 04:59:10.993807,2462915,0.0,0.0
2021-07-30 04:59:10.993807,2462977,0.0,5.8
2021-07-30 04:59:10.993807,2901179,0.0,6.2
2021-07-30 04:59:11.151194,2462915,0.0,0.0
2021-07-30 04:59:11.151194,2462977,0.0,5.8
2021-07-30 04:59:11.151194,2901179,0.0,6.2
2021-07-30 04:59:11.308720,2901179,6.7,6.2
2021-07-30 04:59:11.308720,2462915,0.0,0.0
2021-07-30 04:59:11.308720,2462977,0.0,5.8
2021-07-30 04:59:11.466374,2462915,0.0,0.0
2021-07-30 04:59:11.466374,2462977,0.0,5.8
2021-07-30 04:59:11.466374,2901179,0.0,6.2
2021-07-30 04:59:11.623950,2462915,0.0,0.0
2021-07-30 04:59:11.623950,2462977,0.0,5.8
2021-07-30 04:59:11.623950,2901179,0.0,6.2
2021-07-30 04:59:11.781510,2462915,0.0,0.0
2021-07-30 04:59:11.781510,2462977,0.0,5.8
2021-07-30 04:59:11.781510,2901179,0.0,6.2
2021-07-30 04:59:11.938841,2462915,0.0,0.0
2021-07-30 04:59:11.938841,2462977,0.0,5.8
2021-07-30 04:59:11.938841,2901179,0.0,6.2
2021-07-30 04:59:12.096609,2462915,0.0,0.0
2021-07-30 04:59:12.096609,2462977,0.0,5.8
2021-07-30 04:59:12.096609,2901179,0.0,6.2
2021-07-30 04:59:12.253468,2462915,0.0,0.0
2021-07-30 04:59:12.253468,2462977,0.0,5.8
2021-07-30 04:59:12.253468,2901179,0.0,6.2
2021-07-30 04:59:12.411249,2462915,0.0,0.0
2021-07-30 04:59:12.411249,2462977,0.0,5.8
2021-07-30 04:59:12.411249,2901179,0.0,6.2
2021-07-30 04:59:12.569030,2462915,0.0,0.0
2021-07-30 04:59:12.569030,2462977,0.0,5.8
2021-07-30 04:59:12.569030,2901179,0.0,6.2
2021-07-30 04:59:12.726642,2462915,0.0,0.0
2021-07-30 04:59:12.726642,2462977,0.0,5.8
2021-07-30 04:59:12.726642,2901179,0.0,6.2
2021-07-30 04:59:12.884207,2462915,0.0,0.0
2021-07-30 04:59:12.884207,2462977,0.0,5.8
2021-07-30 04:59:12.884207,2901179,0.0,6.2
2021-07-30 04:59:13.041716,2462915,0.0,0.0
2021-07-30 04:59:13.041716,2462977,0.0,5.8
2021-07-30 04:59:13.041716,2901179,0.0,6.2
2021-07-30 04:59:13.199109,2462915,0.0,0.0
2021-07-30 04:59:13.199109,2462977,0.0,5.8
2021-07-30 04:59:13.199109,2901179,0.0,6.2
2021-07-30 04:59:13.356493,2462915,0.0,0.0
2021-07-30 04:59:13.356493,2462977,0.0,5.8
2021-07-30 04:59:13.356493,2901179,0.0,6.2
2021-07-30 04:59:13.513933,2901179,6.2,6.2
2021-07-30 04:59:13.513933,2462915,0.0,0.0
2021-07-30 04:59:13.513933,2462977,0.0,5.8
2021-07-30 04:59:13.671769,2901179,13.3,6.2
2021-07-30 04:59:13.671769,2462915,0.0,0.0
2021-07-30 04:59:13.671769,2462977,0.0,5.8
2021-07-30 04:59:13.829502,2462915,0.0,0.0
2021-07-30 04:59:13.829502,2462977,0.0,5.8
2021-07-30 04:59:13.829502,2901179,0.0,6.2
2021-07-30 04:59:13.987087,2462915,0.0,0.0
2021-07-30 04:59:13.987087,2462977,0.0,5.8
2021-07-30 04:59:13.987087,2901179,0.0,6.2
2021-07-30 04:59:14.144549,2462915,0.0,0.0
2021-07-30 04:59:14.144549,2462977,0.0,5.8
2021-07-30 04:59:14.144549,2901179,0.0,6.2
2021-07-30 04:59:14.301915,2462915,0.0,0.0
2021-07-30 04:59:14.301915,2462977,0.0,5.8
2021-07-30 04:59:14.301915,2901179,0.0,6.2
2021-07-30 04:59:14.459358,2462915,0.0,0.0
2021-07-30 04:59:14.459358,2462977,0.0,5.8
2021-07-30 04:59:14.459358,2901179,0.0,6.2
2021-07-30 04:59:14.616680,2462915,0.0,0.0
2021-07-30 04:59:14.616680,2462977,0.0,5.8
2021-07-30 04:59:14.616680,2901179,0.0,6.2
2021-07-30 04:59:14.774313,2462915,0.0,0.0
2021-07-30 04:59:14.774313,2462977,0.0,5.8
2021-07-30 04:59:14.774313,2901179,0.0,6.2
2021-07-30 04:59:14.930943,2462915,0.0,0.0
2021-07-30 04:59:14.930943,2462977,0.0,5.8
2021-07-30 04:59:14.930943,2901179,0.0,6.2
2021-07-30 04:59:15.088332,2462915,0.0,0.0
2021-07-30 04:59:15.088332,2462977,0.0,5.8
2021-07-30 04:59:15.088332,2901179,0.0,6.2
2021-07-30 04:59:15.245963,2462915,0.0,0.0
2021-07-30 04:59:15.245963,2462977,0.0,5.8
2021-07-30 04:59:15.245963,2901179,0.0,6.2
2021-07-30 04:59:15.402874,2462915,0.0,0.0
2021-07-30 04:59:15.402874,2462977,0.0,5.8
2021-07-30 04:59:15.402874,2901179,0.0,6.2
2021-07-30 04:59:15.560574,2462915,0.0,0.0
2021-07-30 04:59:15.560574,2462977,0.0,5.8
2021-07-30 04:59:15.560574,2901179,0.0,6.2
2021-07-30 04:59:15.717347,2462915,0.0,0.0
2021-07-30 04:59:15.717347,2462977,0.0,5.8
2021-07-30 04:59:15.717347,2901179,0.0,6.2
2021-07-30 04:59:15.873845,2901179,25.0,6.2
2021-07-30 04:59:15.873845,2462915,0.0,0.0
2021-07-30 04:59:15.873845,2462977,0.0,5.8
2021-07-30 04:59:16.031104,2462915,0.0,0.0
2021-07-30 04:59:16.031104,2462977,0.0,5.8
2021-07-30 04:59:16.031104,2901179,0.0,6.2
2021-07-30 04:59:16.188927,2462915,0.0,0.0
2021-07-30 04:59:16.188927,2462977,0.0,5.8
2021-07-30 04:59:16.188927,2901179,0.0,6.2
2021-07-30 04:59:16.346557,2462915,0.0,0.0
2021-07-30 04:59:16.346557,2462977,0.0,5.8
2021-07-30 04:59:16.346557,2901179,0.0,6.2
2021-07-30 04:59:16.504014,2462915,0.0,0.0
2021-07-30 04:59:16.504014,2462977,0.0,5.8
2021-07-30 04:59:16.504014,2901179,0.0,6.2
2021-07-30 04:59:16.661997,2901179,6.7,6.2
2021-07-30 04:59:16.661997,2462915,0.0,0.0
2021-07-30 04:59:16.661997,2462977,0.0,5.8
2021-07-30 04:59:16.819587,2462915,0.0,0.0
2021-07-30 04:59:16.819587,2462977,0.0,5.8
2021-07-30 04:59:16.819587,2901179,0.0,6.2
2021-07-30 04:59:16.976971,2462915,0.0,0.0
2021-07-30 04:59:16.976971,2462977,0.0,5.8
2021-07-30 04:59:16.976971,2901179,0.0,6.2
2021-07-30 04:59:17.134027,2462915,0.0,0.0
2021-07-30 04:59:17.134027,2462977,0.0,5.8
2021-07-30 04:59:17.134027,2901179,0.0,6.2
2021-07-30 04:59:17.291375,2462915,0.0,0.0
2021-07-30 04:59:17.291375,2462977,0.0,5.8
2021-07-30 04:59:17.291375,2901179,0.0,6.2
2021-07-30 04:59:17.448768,2462915,0.0,0.0
2021-07-30 04:59:17.448768,2462977,0.0,5.8
2021-07-30 04:59:17.448768,2901179,0.0,6.2
2021-07-30 04:59:17.606173,2462915,0.0,0.0
2021-07-30 04:59:17.606173,2462977,0.0,5.8
2021-07-30 04:59:17.606173,2901179,0.0,6.2
2021-07-30 04:59:17.763819,2462915,0.0,0.0
2021-07-30 04:59:17.763819,2462977,0.0,5.8
2021-07-30 04:59:17.763819,2901179,0.0,6.2
2021-07-30 04:59:17.921205,2901179,6.7,6.2
2021-07-30 04:59:17.921205,2462915,0.0,0.0
2021-07-30 04:59:17.921205,2462977,0.0,5.8
2021-07-30 04:59:18.079005,2462915,0.0,0.0
2021-07-30 04:59:18.079005,2462977,0.0,5.8
2021-07-30 04:59:18.079005,2901179,0.0,6.2
2021-07-30 04:59:18.236542,2462915,0.0,0.0
2021-07-30 04:59:18.236542,2462977,0.0,5.8
2021-07-30 04:59:18.236542,2901179,0.0,6.2
2021-07-30 04:59:18.393996,2462915,0.0,0.0
2021-07-30 04:59:18.393996,2462977,0.0,5.8
2021-07-30 04:59:18.393996,2901179,0.0,6.2
2021-07-30 04:59:18.551429,2462915,0.0,0.0
2021-07-30 04:59:18.551429,2462977,0.0,5.8
2021-07-30 04:59:18.551429,2901179,0.0,6.2
2021-07-30 04:59:18.708938,2462915,0.0,0.0
2021-07-30 04:59:18.708938,2462977,0.0,5.8
2021-07-30 04:59:18.708938,2901179,0.0,6.2
2021-07-30 04:59:18.866609,2901179,6.7,6.2
2021-07-30 04:59:18.866609,2462915,0.0,0.0
2021-07-30 04:59:18.866609,2462977,0.0,5.8
2021-07-30 04:59:19.024562,2462977,6.7,5.8
2021-07-30 04:59:19.024562,2901179,6.7,6.2
2021-07-30 04:59:19.024562,2462915,0.0,0.0
2021-07-30 04:59:19.182070,2462915,0.0,0.0
2021-07-30 04:59:19.182070,2462977,0.0,5.8
2021-07-30 04:59:19.182070,2901179,0.0,6.2
2021-07-30 04:59:19.339481,2462915,0.0,0.0
2021-07-30 04:59:19.339481,2462977,0.0,5.8
2021-07-30 04:59:19.339481,2901179,0.0,6.2
2021-07-30 04:59:19.496860,2462915,0.0,0.0
2021-07-30 04:59:19.496860,2462977,0.0,5.8
2021-07-30 04:59:19.496860,2901179,0.0,6.2
2021-07-30 04:59:19.654290,2462915,0.0,0.0
2021-07-30 04:59:19.654290,2462977,0.0,5.8
2021-07-30 04:59:19.654290,2901179,0.0,6.2
2021-07-30 04:59:19.811889,2462915,0.0,0.0
2021-07-30 04:59:19.811889,2462977,0.0,5.8
2021-07-30 04:59:19.811889,2901179,0.0,6.2
2021-07-30 04:59:19.969287,2462915,0.0,0.0
2021-07-30 04:59:19.969287,2462977,0.0,5.8
2021-07-30 04:59:19.969287,2901179,0.0,6.2
2021-07-30 04:59:20.126613,2462915,0.0,0.0
2021-07-30 04:59:20.126613,2462977,0.0,5.8
2021-07-30 04:59:20.126613,2901179,0.0,6.2
2021-07-30 04:59:20.284002,2462915,0.0,0.0
2021-07-30 04:59:20.284002,2462977,0.0,5.8
2021-07-30 04:59:20.284002,2901179,0.0,6.2
2021-07-30 04:59:20.441409,2462915,0.0,0.0
2021-07-30 04:59:20.441409,2462977,0.0,5.8
2021-07-30 04:59:20.441409,2901179,0.0,6.2
2021-07-30 04:59:20.599065,2901179,6.7,6.2
2021-07-30 04:59:20.599065,2462915,0.0,0.0
2021-07-30 04:59:20.599065,2462977,0.0,5.8
2021-07-30 04:59:20.756140,2462915,0.0,0.0
2021-07-30 04:59:20.756140,2462977,0.0,5.8
2021-07-30 04:59:20.756140,2901179,0.0,6.2
2021-07-30 04:59:20.913913,2462915,0.0,0.0
2021-07-30 04:59:20.913913,2462977,0.0,5.8
2021-07-30 04:59:20.913913,2901179,0.0,6.2
2021-07-30 04:59:21.071281,2462915,0.0,0.0
2021-07-30 04:59:21.071281,2462977,0.0,5.8
2021-07-30 04:59:21.071281,2901179,0.0,6.2
2021-07-30 04:59:21.228782,2462915,0.0,0.0
2021-07-30 04:59:21.228782,2462977,0.0,5.8
2021-07-30 04:59:21.228782,2901179,0.0,6.2
2021-07-30 04:59:21.386568,2462915,0.0,0.0
2021-07-30 04:59:21.386568,2462977,0.0,5.8
2021-07-30 04:59:21.386568,2901179,0.0,6.2
2021-07-30 04:59:21.544042,2462915,0.0,0.0
2021-07-30 04:59:21.544042,2462977,0.0,5.8
2021-07-30 04:59:21.544042,2901179,0.0,6.2
2021-07-30 04:59:21.701431,2901179,6.7,6.2
2021-07-30 04:59:21.701431,2462915,0.0,0.0
2021-07-30 04:59:21.701431,2462977,0.0,5.8
2021-07-30 04:59:21.859052,2462915,0.0,0.0
2021-07-30 04:59:21.859052,2462977,0.0,5.8
2021-07-30 04:59:21.859052,2901179,0.0,6.2
2021-07-30 04:59:22.016567,2901179,13.3,6.2
2021-07-30 04:59:22.016567,2462915,0.0,0.0
2021-07-30 04:59:22.016567,2462977,0.0,5.8
2021-07-30 04:59:22.174335,2462915,0.0,0.0
2021-07-30 04:59:22.174335,2462977,0.0,5.8
2021-07-30 04:59:22.174335,2901179,0.0,6.2
2021-07-30 04:59:22.332000,2462915,0.0,0.0
2021-07-30 04:59:22.332000,2462977,0.0,5.8
2021-07-30 04:59:22.332000,2901179,0.0,6.2
2021-07-30 04:59:22.489187,2462915,0.0,0.0
2021-07-30 04:59:22.489187,2462977,0.0,5.8
2021-07-30 04:59:22.489187,2901179,0.0,6.2
2021-07-30 04:59:22.646412,2901179,6.7,6.2
2021-07-30 04:59:22.646412,2462915,0.0,0.0
2021-07-30 04:59:22.646412,2462977,0.0,5.8
2021-07-30 04:59:22.803994,2462915,0.0,0.0
2021-07-30 04:59:22.803994,2462977,0.0,5.8
2021-07-30 04:59:22.803994,2901179,0.0,6.2
2021-07-30 04:59:22.961409,2462915,0.0,0.0
2021-07-30 04:59:22.961409,2462977,0.0,5.8
2021-07-30 04:59:22.961409,2901179,0.0,6.2
2021-07-30 04:59:23.118742,2462915,0.0,0.0
2021-07-30 04:59:23.118742,2462977,0.0,5.8
2021-07-30 04:59:23.118742,2901179,0.0,6.2
2021-07-30 04:59:23.276137,2462915,0.0,0.0
2021-07-30 04:59:23.276137,2462977,0.0,5.8
2021-07-30 04:59:23.276137,2901179,0.0,6.2
2021-07-30 04:59:23.433378,2462915,0.0,0.0
2021-07-30 04:59:23.433378,2462977,0.0,5.8
2021-07-30 04:59:23.433378,2901179,0.0,6.2
2021-07-30 04:59:23.591323,2901179,13.3,6.2
2021-07-30 04:59:23.591323,2462915,0.0,0.0
2021-07-30 04:59:23.591323,2462977,0.0,5.8
2021-07-30 04:59:23.749143,2462915,0.0,0.0
2021-07-30 04:59:23.749143,2462977,0.0,5.8
2021-07-30 04:59:23.749143,2901179,0.0,6.2
2021-07-30 04:59:23.906976,2462915,0.0,0.0
2021-07-30 04:59:23.906976,2462977,0.0,5.8
2021-07-30 04:59:23.906976,2901179,0.0,6.2
2021-07-30 04:59:24.064691,2462915,0.0,0.0
2021-07-30 04:59:24.064691,2462977,0.0,5.8
2021-07-30 04:59:24.064691,2901179,0.0,6.2
2021-07-30 04:59:24.222115,2462915,0.0,0.0
2021-07-30 04:59:24.222115,2462977,0.0,5.8
2021-07-30 04:59:24.222115,2901179,0.0,6.2
2021-07-30 04:59:24.379479,2462915,0.0,0.0
2021-07-30 04:59:24.379479,2462977,0.0,5.8
2021-07-30 04:59:24.379479,2901179,0.0,6.2
2021-07-30 04:59:24.536910,2462915,0.0,0.0
2021-07-30 04:59:24.536910,2462977,0.0,5.8
2021-07-30 04:59:24.536910,2901179,0.0,6.2
2021-07-30 04:59:24.694965,2901179,6.2,6.2
2021-07-30 04:59:24.694965,2462915,0.0,0.0
2021-07-30 04:59:24.694965,2462977,0.0,5.8
2021-07-30 04:59:24.852730,2462915,0.0,0.0
2021-07-30 04:59:24.852730,2462977,0.0,5.8
2021-07-30 04:59:24.852730,2901179,0.0,6.2
2021-07-30 04:59:25.010310,2462915,0.0,0.0
2021-07-30 04:59:25.010310,2462977,0.0,5.8
2021-07-30 04:59:25.010310,2901179,0.0,6.2
2021-07-30 04:59:25.167797,2462915,0.0,0.0
2021-07-30 04:59:25.167797,2462977,0.0,5.8
2021-07-30 04:59:25.167797,2901179,0.0,6.2
2021-07-30 04:59:25.325179,2462915,0.0,0.0
2021-07-30 04:59:25.325179,2462977,0.0,5.8
2021-07-30 04:59:25.325179,2901179,0.0,6.2
2021-07-30 04:59:25.482341,2462915,0.0,0.0
2021-07-30 04:59:25.482341,2462977,0.0,5.8
2021-07-30 04:59:25.482341,2901179,0.0,6.2
2021-07-30 04:59:25.640262,2462915,0.0,0.0
2021-07-30 04:59:25.640262,2462977,0.0,5.8
2021-07-30 04:59:25.640262,2901179,0.0,6.2
2021-07-30 04:59:25.797557,2462915,0.0,0.0
2021-07-30 04:59:25.797557,2462977,0.0,5.8
2021-07-30 04:59:25.797557,2901179,0.0,6.2
2021-07-30 04:59:25.954881,2462915,0.0,0.0
2021-07-30 04:59:25.954881,2462977,0.0,5.8
2021-07-30 04:59:25.954881,2901179,0.0,6.2
2021-07-30 04:59:26.112251,2462915,0.0,0.0
2021-07-30 04:59:26.112251,2462977,0.0,5.8
2021-07-30 04:59:26.112251,2901179,0.0,6.2
2021-07-30 04:59:26.269583,2901179,6.7,6.2
2021-07-30 04:59:26.269583,2462915,0.0,0.0
2021-07-30 04:59:26.269583,2462977,0.0,5.8
2021-07-30 04:59:26.427365,2462915,0.0,0.0
2021-07-30 04:59:26.427365,2462977,0.0,5.8
2021-07-30 04:59:26.427365,2901179,0.0,6.2
2021-07-30 04:59:26.584911,2901179,6.7,6.2
2021-07-30 04:59:26.584911,2462915,0.0,0.0
2021-07-30 04:59:26.584911,2462977,0.0,5.8
2021-07-30 04:59:26.742124,2462915,0.0,0.0
2021-07-30 04:59:26.742124,2462977,0.0,5.8
2021-07-30 04:59:26.742124,2901179,0.0,6.2
2021-07-30 04:59:26.899574,2462915,0.0,0.0
2021-07-30 04:59:26.899574,2462977,0.0,5.8
2021-07-30 04:59:26.899574,2901179,0.0,6.2
2021-07-30 04:59:27.056967,2462915,0.0,0.0
2021-07-30 04:59:27.056967,2462977,0.0,5.8
2021-07-30 04:59:27.056967,2901179,0.0,6.2
2021-07-30 04:59:27.214179,2462915,0.0,0.0
2021-07-30 04:59:27.214179,2462977,0.0,5.8
2021-07-30 04:59:27.214179,2901179,0.0,6.2
2021-07-30 04:59:27.371455,2462915,0.0,0.0
2021-07-30 04:59:27.371455,2462977,0.0,5.8
2021-07-30 04:59:27.371455,2901179,0.0,6.2
2021-07-30 04:59:27.528910,2462915,0.0,0.0
2021-07-30 04:59:27.528910,2462977,0.0,5.8
2021-07-30 04:59:27.528910,2901179,0.0,6.2
2021-07-30 04:59:27.686269,2462915,0.0,0.0
2021-07-30 04:59:27.686269,2462977,0.0,5.8
2021-07-30 04:59:27.686269,2901179,0.0,6.2
2021-07-30 04:59:27.844024,2901179,6.2,6.2
2021-07-30 04:59:27.844024,2462915,0.0,0.0
2021-07-30 04:59:27.844024,2462977,0.0,5.8
2021-07-30 04:59:28.001852,2462915,0.0,0.0
2021-07-30 04:59:28.001852,2462977,0.0,5.8
2021-07-30 04:59:28.001852,2901179,0.0,6.2
2021-07-30 04:59:28.159310,2462915,0.0,0.0
2021-07-30 04:59:28.159310,2462977,0.0,5.8
2021-07-30 04:59:28.159310,2901179,0.0,6.2
2021-07-30 04:59:28.316747,2462915,0.0,0.0
2021-07-30 04:59:28.316747,2462977,0.0,5.8
2021-07-30 04:59:28.316747,2901179,0.0,6.2
2021-07-30 04:59:28.474177,2901179,12.5,6.2
2021-07-30 04:59:28.474177,2462915,0.0,0.0
2021-07-30 04:59:28.474177,2462977,0.0,5.8
2021-07-30 04:59:28.632077,2462915,0.0,0.0
2021-07-30 04:59:28.632077,2462977,0.0,5.8
2021-07-30 04:59:28.632077,2901179,0.0,6.2
2021-07-30 04:59:28.789741,2901179,6.7,6.2
2021-07-30 04:59:28.789741,2462915,0.0,0.0
2021-07-30 04:59:28.789741,2462977,0.0,5.8
2021-07-30 04:59:28.946523,2462915,0.0,0.0
2021-07-30 04:59:28.946523,2462977,0.0,5.8
2021-07-30 04:59:28.946523,2901179,0.0,6.2
2021-07-30 04:59:29.104323,2901179,6.2,6.2
2021-07-30 04:59:29.104323,2462915,0.0,0.0
2021-07-30 04:59:29.104323,2462977,0.0,5.8
2021-07-30 04:59:29.262160,2462915,0.0,0.0
2021-07-30 04:59:29.262160,2462977,0.0,5.8
2021-07-30 04:59:29.262160,2901179,0.0,6.2
2021-07-30 04:59:29.419529,2462915,0.0,0.0
2021-07-30 04:59:29.419529,2462977,0.0,5.8
2021-07-30 04:59:29.419529,2901179,0.0,6.2
2021-07-30 04:59:29.576921,2462915,0.0,0.0
2021-07-30 04:59:29.576921,2462977,0.0,5.8
2021-07-30 04:59:29.576921,2901179,0.0,6.2
2021-07-30 04:59:29.734555,2462915,0.0,0.0
2021-07-30 04:59:29.734555,2462977,0.0,5.8
2021-07-30 04:59:29.734555,2901179,0.0,6.2
2021-07-30 04:59:29.892020,2462915,0.0,0.0
2021-07-30 04:59:29.892020,2462977,0.0,5.8
2021-07-30 04:59:29.892020,2901179,0.0,6.2
2021-07-30 04:59:30.049462,2462915,0.0,0.0
2021-07-30 04:59:30.049462,2462977,0.0,5.8
2021-07-30 04:59:30.049462,2901179,0.0,6.2
2021-07-30 04:59:30.206894,2462915,0.0,0.0
2021-07-30 04:59:30.206894,2462977,0.0,5.8
2021-07-30 04:59:30.206894,2901179,0.0,6.2
2021-07-30 04:59:30.364311,2462915,0.0,0.0
2021-07-30 04:59:30.364311,2462977,0.0,5.8
2021-07-30 04:59:30.364311,2901179,0.0,6.2
2021-07-30 04:59:30.522093,2462915,0.0,0.0
2021-07-30 04:59:30.522093,2462977,0.0,5.8
2021-07-30 04:59:30.522093,2901179,0.0,6.2
2021-07-30 04:59:30.679732,2901179,6.7,6.2
2021-07-30 04:59:30.679732,2462915,0.0,0.0
2021-07-30 04:59:30.679732,2462977,0.0,5.8
2021-07-30 04:59:30.837230,2462915,0.0,0.0
2021-07-30 04:59:30.837230,2462977,0.0,5.8
2021-07-30 04:59:30.837230,2901179,0.0,6.2
2021-07-30 04:59:30.994809,2462915,0.0,0.0
2021-07-30 04:59:30.994809,2462977,0.0,5.8
2021-07-30 04:59:30.994809,2901179,0.0,6.2
2021-07-30 04:59:31.151653,2462915,0.0,0.0
2021-07-30 04:59:31.151653,2462977,0.0,5.8
2021-07-30 04:59:31.151653,2901179,0.0,6.2
2021-07-30 04:59:31.309345,2462915,0.0,0.0
2021-07-30 04:59:31.309345,2462977,0.0,5.8
2021-07-30 04:59:31.309345,2901179,0.0,6.2
2021-07-30 04:59:31.466737,2462915,0.0,0.0
2021-07-30 04:59:31.466737,2462977,0.0,5.8
2021-07-30 04:59:31.466737,2901179,0.0,6.2
2021-07-30 04:59:31.624072,2462915,0.0,0.0
2021-07-30 04:59:31.624072,2462977,0.0,5.8
2021-07-30 04:59:31.624072,2901179,0.0,6.2
2021-07-30 04:59:31.781549,2462915,0.0,0.0
2021-07-30 04:59:31.781549,2462977,0.0,5.8
2021-07-30 04:59:31.781549,2901179,0.0,6.2
2021-07-30 04:59:31.939068,2462915,0.0,0.0
2021-07-30 04:59:31.939068,2462977,0.0,5.8
2021-07-30 04:59:31.939068,2901179,0.0,6.2
2021-07-30 04:59:32.096712,2462915,0.0,0.0
2021-07-30 04:59:32.096712,2462977,0.0,5.8
2021-07-30 04:59:32.096712,2901179,0.0,6.2
2021-07-30 04:59:32.254307,2462915,0.0,0.0
2021-07-30 04:59:32.254307,2462977,0.0,5.8
2021-07-30 04:59:32.254307,2901179,0.0,6.2
2021-07-30 04:59:32.411724,2462915,0.0,0.0
2021-07-30 04:59:32.411724,2462977,0.0,5.8
2021-07-30 04:59:32.411724,2901179,0.0,6.2
2021-07-30 04:59:32.569158,2462915,0.0,0.0
2021-07-30 04:59:32.569158,2462977,0.0,5.8
2021-07-30 04:59:32.569158,2901179,0.0,6.2
2021-07-30 04:59:32.726628,2901179,6.7,6.2
2021-07-30 04:59:32.726628,2462915,0.0,0.0
2021-07-30 04:59:32.726628,2462977,0.0,5.8
2021-07-30 04:59:32.884029,2462915,0.0,0.0
2021-07-30 04:59:32.884029,2462977,0.0,5.8
2021-07-30 04:59:32.884029,2901179,0.0,6.2
2021-07-30 04:59:33.041378,2462915,0.0,0.0
2021-07-30 04:59:33.041378,2462977,0.0,5.8
2021-07-30 04:59:33.041378,2901179,0.0,6.2
2021-07-30 04:59:33.198758,2462915,0.0,0.0
2021-07-30 04:59:33.198758,2462977,0.0,5.8
2021-07-30 04:59:33.198758,2901179,0.0,6.2
2021-07-30 04:59:33.356033,2462915,0.0,0.0
2021-07-30 04:59:33.356033,2462977,0.0,5.8
2021-07-30 04:59:33.356033,2901179,0.0,6.2
2021-07-30 04:59:33.513532,2901179,6.7,6.2
2021-07-30 04:59:33.513532,2462915,0.0,0.0
2021-07-30 04:59:33.513532,2462977,0.0,5.8
2021-07-30 04:59:33.671054,2462915,0.0,0.0
2021-07-30 04:59:33.671054,2462977,0.0,5.8
2021-07-30 04:59:33.671054,2901179,0.0,6.2
2021-07-30 04:59:33.828624,2462915,0.0,0.0
2021-07-30 04:59:33.828624,2462977,0.0,5.8
2021-07-30 04:59:33.828624,2901179,0.0,6.2
2021-07-30 04:59:33.986213,2462915,0.0,0.0
2021-07-30 04:59:33.986213,2462977,0.0,5.8
2021-07-30 04:59:33.986213,2901179,0.0,6.2
2021-07-30 04:59:34.143649,2462915,0.0,0.0
2021-07-30 04:59:34.143649,2462977,0.0,5.8
2021-07-30 04:59:34.143649,2901179,0.0,6.2
2021-07-30 04:59:34.301198,2462915,0.0,0.0
2021-07-30 04:59:34.301198,2462977,0.0,5.8
2021-07-30 04:59:34.301198,2901179,0.0,6.2
2021-07-30 04:59:34.458740,2462915,0.0,0.0
2021-07-30 04:59:34.458740,2462977,0.0,5.8
2021-07-30 04:59:34.458740,2901179,0.0,6.2
2021-07-30 04:59:34.616154,2462915,0.0,0.0
2021-07-30 04:59:34.616154,2462977,0.0,5.8
2021-07-30 04:59:34.616154,2901179,0.0,6.2
2021-07-30 04:59:34.773646,2462915,0.0,0.0
2021-07-30 04:59:34.773646,2462977,0.0,5.8
2021-07-30 04:59:34.773646,2901179,0.0,6.2
2021-07-30 04:59:34.931145,2462915,0.0,0.0
2021-07-30 04:59:34.931145,2462977,0.0,5.8
2021-07-30 04:59:34.931145,2901179,0.0,6.2
2021-07-30 04:59:35.088758,2462915,0.0,0.0
2021-07-30 04:59:35.088758,2462977,0.0,5.8
2021-07-30 04:59:35.088758,2901179,0.0,6.2
2021-07-30 04:59:35.246625,2462915,0.0,0.0
2021-07-30 04:59:35.246625,2462977,0.0,5.8
2021-07-30 04:59:35.246625,2901179,0.0,6.2
2021-07-30 04:59:35.404277,2462915,0.0,0.0
2021-07-30 04:59:35.404277,2462977,0.0,5.8
2021-07-30 04:59:35.404277,2901179,0.0,6.2
2021-07-30 04:59:35.561673,2462915,0.0,0.0
2021-07-30 04:59:35.561673,2462977,0.0,5.8
2021-07-30 04:59:35.561673,2901179,0.0,6.2
2021-07-30 04:59:35.718474,2462915,0.0,0.0
2021-07-30 04:59:35.718474,2462977,0.0,5.8
2021-07-30 04:59:35.718474,2901179,0.0,6.2
2021-07-30 04:59:35.874746,2901179,13.3,6.2
2021-07-30 04:59:35.874746,2462915,0.0,0.0
2021-07-30 04:59:35.874746,2462977,0.0,5.8
2021-07-30 04:59:36.031891,2462915,0.0,0.0
2021-07-30 04:59:36.031891,2462977,0.0,5.8
2021-07-30 04:59:36.031891,2901179,0.0,6.2
2021-07-30 04:59:36.189828,2462915,0.0,0.0
2021-07-30 04:59:36.189828,2462977,0.0,5.8
2021-07-30 04:59:36.189828,2901179,0.0,6.2
2021-07-30 04:59:36.347624,2462915,0.0,0.0
2021-07-30 04:59:36.347624,2462977,0.0,5.8
2021-07-30 04:59:36.347624,2901179,0.0,6.2
2021-07-30 04:59:36.505150,2462915,0.0,0.0
2021-07-30 04:59:36.505150,2462977,0.0,5.8
2021-07-30 04:59:36.505150,2901179,0.0,6.2
2021-07-30 04:59:36.662576,2462977,6.7,5.8
2021-07-30 04:59:36.662576,2462915,0.0,0.0
2021-07-30 04:59:36.662576,2901179,0.0,6.2
2021-07-30 04:59:36.820065,2901179,6.7,6.2
2021-07-30 04:59:36.820065,2462915,0.0,0.0
2021-07-30 04:59:36.820065,2462977,0.0,5.8
2021-07-30 04:59:36.977673,2462915,0.0,0.0
2021-07-30 04:59:36.977673,2462977,0.0,5.8
2021-07-30 04:59:36.977673,2901179,0.0,6.2
2021-07-30 04:59:37.135176,2462915,0.0,0.0
2021-07-30 04:59:37.135176,2462977,0.0,5.8
2021-07-30 04:59:37.135176,2901179,0.0,6.2
2021-07-30 04:59:37.292453,2462915,0.0,0.0
2021-07-30 04:59:37.292453,2462977,0.0,5.8
2021-07-30 04:59:37.292453,2901179,0.0,6.2
2021-07-30 04:59:37.449761,2462915,0.0,0.0
2021-07-30 04:59:37.449761,2462977,0.0,5.8
2021-07-30 04:59:37.449761,2901179,0.0,6.2
2021-07-30 04:59:37.607376,2462915,0.0,0.0
2021-07-30 04:59:37.607376,2462977,0.0,5.8
2021-07-30 04:59:37.607376,2901179,0.0,6.2
2021-07-30 04:59:37.764916,2462915,0.0,0.0
2021-07-30 04:59:37.764916,2462977,0.0,5.8
2021-07-30 04:59:37.764916,2901179,0.0,6.2
2021-07-30 04:59:37.922350,2462915,0.0,0.0
2021-07-30 04:59:37.922350,2462977,0.0,5.8
2021-07-30 04:59:37.922350,2901179,0.0,6.2
2021-07-30 04:59:38.080143,2901179,6.7,6.2
2021-07-30 04:59:38.080143,2462915,0.0,0.0
2021-07-30 04:59:38.080143,2462977,0.0,5.8
2021-07-30 04:59:38.237622,2462915,0.0,0.0
2021-07-30 04:59:38.237622,2462977,0.0,5.8
2021-07-30 04:59:38.237622,2901179,0.0,6.2
2021-07-30 04:59:38.394986,2462915,0.0,0.0
2021-07-30 04:59:38.394986,2462977,0.0,5.8
2021-07-30 04:59:38.394986,2901179,0.0,6.2
2021-07-30 04:59:38.552347,2462915,0.0,0.0
2021-07-30 04:59:38.552347,2462977,0.0,5.8
2021-07-30 04:59:38.552347,2901179,0.0,6.2
2021-07-30 04:59:38.709746,2462915,0.0,0.0
2021-07-30 04:59:38.709746,2462977,0.0,5.8
2021-07-30 04:59:38.709746,2901179,0.0,6.2
2021-07-30 04:59:38.867362,2462915,0.0,0.0
2021-07-30 04:59:38.867362,2462977,0.0,5.8
2021-07-30 04:59:38.867362,2901179,0.0,6.2
2021-07-30 04:59:39.025072,2901179,6.7,6.2
2021-07-30 04:59:39.025072,2462915,0.0,0.0
2021-07-30 04:59:39.025072,2462977,0.0,5.8
2021-07-30 04:59:39.182296,2462915,0.0,0.0
2021-07-30 04:59:39.182296,2462977,0.0,5.8
2021-07-30 04:59:39.182296,2901179,0.0,6.2
2021-07-30 04:59:39.339748,2462915,0.0,0.0
2021-07-30 04:59:39.339748,2462977,0.0,5.8
2021-07-30 04:59:39.339748,2901179,0.0,6.2
2021-07-30 04:59:39.497175,2462915,0.0,0.0
2021-07-30 04:59:39.497175,2462977,0.0,5.8
2021-07-30 04:59:39.497175,2901179,0.0,6.2
2021-07-30 04:59:39.654601,2462915,0.0,0.0
2021-07-30 04:59:39.654601,2462977,0.0,5.8
2021-07-30 04:59:39.654601,2901179,0.0,6.2
2021-07-30 04:59:39.812124,2462915,0.0,0.0
2021-07-30 04:59:39.812124,2462977,0.0,5.8
2021-07-30 04:59:39.812124,2901179,0.0,6.2
2021-07-30 04:59:39.969763,2462915,0.0,0.0
2021-07-30 04:59:39.969763,2462977,0.0,5.8
2021-07-30 04:59:39.969763,2901179,0.0,6.2
2021-07-30 04:59:40.127128,2462915,0.0,0.0
2021-07-30 04:59:40.127128,2462977,0.0,5.8
2021-07-30 04:59:40.127128,2901179,0.0,6.2
2021-07-30 04:59:40.284527,2462915,0.0,0.0
2021-07-30 04:59:40.284527,2462977,0.0,5.8
2021-07-30 04:59:40.284527,2901179,0.0,6.2
2021-07-30 04:59:40.441863,2901179,6.7,6.2
2021-07-30 04:59:40.441863,2462915,0.0,0.0
2021-07-30 04:59:40.441863,2462977,0.0,5.8
2021-07-30 04:59:40.599423,2462915,0.0,0.0
2021-07-30 04:59:40.599423,2462977,0.0,5.8
2021-07-30 04:59:40.599423,2901179,0.0,6.2
2021-07-30 04:59:40.757085,2462915,0.0,0.0
2021-07-30 04:59:40.757085,2462977,0.0,5.8
2021-07-30 04:59:40.757085,2901179,0.0,6.2
2021-07-30 04:59:40.914589,2462915,0.0,0.0
2021-07-30 04:59:40.914589,2462977,0.0,5.8
2021-07-30 04:59:40.914589,2901179,0.0,6.2
2021-07-30 04:59:41.071968,2462915,0.0,0.0
2021-07-30 04:59:41.071968,2462977,0.0,5.8
2021-07-30 04:59:41.071968,2901179,0.0,6.2
2021-07-30 04:59:41.229256,2462915,0.0,0.0
2021-07-30 04:59:41.229256,2462977,0.0,5.8
2021-07-30 04:59:41.229256,2901179,0.0,6.2
2021-07-30 04:59:41.386986,2462915,0.0,0.0
2021-07-30 04:59:41.386986,2462977,0.0,5.8
2021-07-30 04:59:41.386986,2901179,0.0,6.2
2021-07-30 04:59:41.544355,2462915,0.0,0.0
2021-07-30 04:59:41.544355,2462977,0.0,5.8
2021-07-30 04:59:41.544355,2901179,0.0,6.2
2021-07-30 04:59:41.701956,2901179,6.7,6.2
2021-07-30 04:59:41.701956,2462915,0.0,0.0
2021-07-30 04:59:41.701956,2462977,0.0,5.8
2021-07-30 04:59:41.859379,2462915,0.0,0.0
2021-07-30 04:59:41.859379,2462977,0.0,5.8
2021-07-30 04:59:41.859379,2901179,0.0,6.2
2021-07-30 04:59:42.017108,2462915,0.0,0.0
2021-07-30 04:59:42.017108,2462977,0.0,5.8
2021-07-30 04:59:42.017108,2901179,0.0,6.2
2021-07-30 04:59:42.174941,2462915,0.0,0.0
2021-07-30 04:59:42.174941,2462977,0.0,5.8
2021-07-30 04:59:42.174941,2901179,0.0,6.2
2021-07-30 04:59:42.332456,2462915,0.0,0.0
2021-07-30 04:59:42.332456,2462977,0.0,5.8
2021-07-30 04:59:42.332456,2901179,0.0,6.2
2021-07-30 04:59:42.489818,2462915,0.0,0.0
2021-07-30 04:59:42.489818,2462977,0.0,5.8
2021-07-30 04:59:42.489818,2901179,0.0,6.2
2021-07-30 04:59:42.647237,2462915,0.0,0.0
2021-07-30 04:59:42.647237,2462977,0.0,5.8
2021-07-30 04:59:42.647237,2901179,0.0,6.2
2021-07-30 04:59:42.804732,2462915,0.0,0.0
2021-07-30 04:59:42.804732,2462977,0.0,5.8
2021-07-30 04:59:42.804732,2901179,0.0,6.2
2021-07-30 04:59:42.962032,2462915,0.0,0.0
2021-07-30 04:59:42.962032,2462977,0.0,5.8
2021-07-30 04:59:42.962032,2901179,0.0,6.2
2021-07-30 04:59:43.119711,2462915,0.0,0.0
2021-07-30 04:59:43.119711,2462977,0.0,5.8
2021-07-30 04:59:43.119711,2901179,0.0,6.2
2021-07-30 04:59:43.277069,2462915,0.0,0.0
2021-07-30 04:59:43.277069,2462977,0.0,5.8
2021-07-30 04:59:43.277069,2901179,0.0,6.2
2021-07-30 04:59:43.434909,2462915,0.0,0.0
2021-07-30 04:59:43.434909,2462977,0.0,5.8
2021-07-30 04:59:43.434909,2901179,0.0,6.2
2021-07-30 04:59:43.592459,2901179,13.3,6.2
2021-07-30 04:59:43.592459,2462915,0.0,0.0
2021-07-30 04:59:43.592459,2462977,0.0,5.8
2021-07-30 04:59:43.750293,2462915,0.0,0.0
2021-07-30 04:59:43.750293,2462977,0.0,5.8
2021-07-30 04:59:43.750293,2901179,0.0,6.2
2021-07-30 04:59:43.907785,2462915,0.0,0.0
2021-07-30 04:59:43.907785,2462977,0.0,5.8
2021-07-30 04:59:43.907785,2901179,0.0,6.2
2021-07-30 04:59:44.065220,2462915,0.0,0.0
2021-07-30 04:59:44.065220,2462977,0.0,5.8
2021-07-30 04:59:44.065220,2901179,0.0,6.2
2021-07-30 04:59:44.222617,2901179,6.7,6.2
2021-07-30 04:59:44.222617,2462915,0.0,0.0
2021-07-30 04:59:44.222617,2462977,0.0,5.8
2021-07-30 04:59:44.379972,2462915,0.0,0.0
2021-07-30 04:59:44.379972,2462977,0.0,5.8
2021-07-30 04:59:44.379972,2901179,0.0,6.2
2021-07-30 04:59:44.537315,2462915,0.0,0.0
2021-07-30 04:59:44.537315,2462977,0.0,5.8
2021-07-30 04:59:44.537315,2901179,0.0,6.2
2021-07-30 04:59:44.695072,2462915,0.0,0.0
2021-07-30 04:59:44.695072,2462977,0.0,5.8
2021-07-30 04:59:44.695072,2901179,0.0,6.2
2021-07-30 04:59:44.852656,2462915,0.0,0.0
2021-07-30 04:59:44.852656,2462977,0.0,5.8
2021-07-30 04:59:44.852656,2901179,0.0,6.2
2021-07-30 04:59:45.010195,2462915,0.0,0.0
2021-07-30 04:59:45.010195,2462977,0.0,5.8
2021-07-30 04:59:45.010195,2901179,0.0,6.2
2021-07-30 04:59:45.167819,2462915,0.0,0.0
2021-07-30 04:59:45.167819,2462977,0.0,5.8
2021-07-30 04:59:45.167819,2901179,0.0,6.2
2021-07-30 04:59:45.325236,2462915,0.0,0.0
2021-07-30 04:59:45.325236,2462977,0.0,5.8
2021-07-30 04:59:45.325236,2901179,0.0,6.2
2021-07-30 04:59:45.482552,2462915,0.0,0.0
2021-07-30 04:59:45.482552,2462977,0.0,5.8
2021-07-30 04:59:45.482552,2901179,0.0,6.2
2021-07-30 04:59:45.639918,2462915,0.0,0.0
2021-07-30 04:59:45.639918,2462977,0.0,5.8
2021-07-30 04:59:45.639918,2901179,0.0,6.2
2021-07-30 04:59:45.797238,2901179,6.7,6.2
2021-07-30 04:59:45.797238,2462915,0.0,0.0
2021-07-30 04:59:45.797238,2462977,0.0,5.8
2021-07-30 04:59:45.954672,2462915,0.0,0.0
2021-07-30 04:59:45.954672,2462977,0.0,5.8
2021-07-30 04:59:45.954672,2901179,0.0,6.2
2021-07-30 04:59:46.112194,2462915,0.0,0.0
2021-07-30 04:59:46.112194,2462977,0.0,5.8
2021-07-30 04:59:46.112194,2901179,0.0,6.2
2021-07-30 04:59:46.269827,2462915,0.0,0.0
2021-07-30 04:59:46.269827,2462977,0.0,5.8
2021-07-30 04:59:46.269827,2901179,0.0,6.2
2021-07-30 04:59:46.428043,2901179,6.7,6.2
2021-07-30 04:59:46.428043,2462915,0.0,0.0
2021-07-30 04:59:46.428043,2462977,0.0,5.8
2021-07-30 04:59:46.585888,2462915,0.0,0.0
2021-07-30 04:59:46.585888,2462977,0.0,5.8
2021-07-30 04:59:46.585888,2901179,0.0,6.2
2021-07-30 04:59:46.743440,2462915,0.0,0.0
2021-07-30 04:59:46.743440,2462977,0.0,5.8
2021-07-30 04:59:46.743440,2901179,0.0,6.2
2021-07-30 04:59:46.901035,2462915,0.0,0.0
2021-07-30 04:59:46.901035,2462977,0.0,5.8
2021-07-30 04:59:46.901035,2901179,0.0,6.2
2021-07-30 04:59:47.058469,2462915,0.0,0.0
2021-07-30 04:59:47.058469,2462977,0.0,5.8
2021-07-30 04:59:47.058469,2901179,0.0,6.2
2021-07-30 04:59:47.215892,2901179,6.7,6.2
2021-07-30 04:59:47.215892,2462915,0.0,0.0
2021-07-30 04:59:47.215892,2462977,0.0,5.8
2021-07-30 04:59:47.373119,2462915,0.0,0.0
2021-07-30 04:59:47.373119,2462977,0.0,5.8
2021-07-30 04:59:47.373119,2901179,0.0,6.2
2021-07-30 04:59:47.530467,2462915,0.0,0.0
2021-07-30 04:59:47.530467,2462977,0.0,5.8
2021-07-30 04:59:47.530467,2901179,0.0,6.2
2021-07-30 04:59:47.687877,2462915,0.0,0.0
2021-07-30 04:59:47.687877,2462977,0.0,5.8
2021-07-30 04:59:47.687877,2901179,0.0,6.2
2021-07-30 04:59:47.845606,2901179,13.3,6.2
2021-07-30 04:59:47.845606,2462915,0.0,0.0
2021-07-30 04:59:47.845606,2462977,0.0,5.8
2021-07-30 04:59:48.002754,2462915,0.0,0.0
2021-07-30 04:59:48.002754,2462977,0.0,5.8
2021-07-30 04:59:48.002754,2901179,0.0,6.2
2021-07-30 04:59:48.160232,2462915,0.0,0.0
2021-07-30 04:59:48.160232,2462977,0.0,5.8
2021-07-30 04:59:48.160232,2901179,0.0,6.2
2021-07-30 04:59:48.317635,2462915,0.0,0.0
2021-07-30 04:59:48.317635,2462977,0.0,5.8
2021-07-30 04:59:48.317635,2901179,0.0,6.2
2021-07-30 04:59:48.475025,2462915,0.0,0.0
2021-07-30 04:59:48.475025,2462977,0.0,5.8
2021-07-30 04:59:48.475025,2901179,0.0,6.2
2021-07-30 04:59:48.632482,2462915,0.0,0.0
2021-07-30 04:59:48.632482,2462977,0.0,5.8
2021-07-30 04:59:48.632482,2901179,0.0,6.2
2021-07-30 04:59:48.789746,2901179,6.7,6.2
2021-07-30 04:59:48.789746,2462915,0.0,0.0
2021-07-30 04:59:48.789746,2462977,0.0,5.8
2021-07-30 04:59:48.946979,2462915,0.0,0.0
2021-07-30 04:59:48.946979,2462977,0.0,5.8
2021-07-30 04:59:48.946979,2901179,0.0,6.2
2021-07-30 04:59:49.104558,2901179,6.7,6.2
2021-07-30 04:59:49.104558,2462915,0.0,0.0
2021-07-30 04:59:49.104558,2462977,0.0,5.8
2021-07-30 04:59:49.262337,2462915,0.0,0.0
2021-07-30 04:59:49.262337,2462977,0.0,5.8
2021-07-30 04:59:49.262337,2901179,0.0,6.2
2021-07-30 04:59:49.419991,2462915,0.0,0.0
2021-07-30 04:59:49.419991,2462977,0.0,5.8
2021-07-30 04:59:49.419991,2901179,0.0,6.2
2021-07-30 04:59:49.577426,2462915,0.0,0.0
2021-07-30 04:59:49.577426,2462977,0.0,5.8
2021-07-30 04:59:49.577426,2901179,0.0,6.2
2021-07-30 04:59:49.735063,2462915,0.0,0.0
2021-07-30 04:59:49.735063,2462977,0.0,5.8
2021-07-30 04:59:49.735063,2901179,0.0,6.2
2021-07-30 04:59:49.892477,2462915,0.0,0.0
2021-07-30 04:59:49.892477,2462977,0.0,5.8
2021-07-30 04:59:49.892477,2901179,0.0,6.2
2021-07-30 04:59:50.049945,2462915,0.0,0.0
2021-07-30 04:59:50.049945,2462977,0.0,5.8
2021-07-30 04:59:50.049945,2901179,0.0,6.2
2021-07-30 04:59:50.207377,2462915,0.0,0.0
2021-07-30 04:59:50.207377,2462977,0.0,5.8
2021-07-30 04:59:50.207377,2901179,0.0,6.2
2021-07-30 04:59:50.364785,2462915,0.0,0.0
2021-07-30 04:59:50.364785,2462977,0.0,5.8
2021-07-30 04:59:50.364785,2901179,0.0,6.2
2021-07-30 04:59:50.522287,2462915,0.0,0.0
2021-07-30 04:59:50.522287,2462977,0.0,5.8
2021-07-30 04:59:50.522287,2901179,0.0,6.2
2021-07-30 04:59:50.679951,2462915,0.0,0.0
2021-07-30 04:59:50.679951,2462977,0.0,5.8
2021-07-30 04:59:50.679951,2901179,0.0,6.2
2021-07-30 04:59:50.837432,2462915,0.0,0.0
2021-07-30 04:59:50.837432,2462977,0.0,5.8
2021-07-30 04:59:50.837432,2901179,0.0,6.2
2021-07-30 04:59:50.994825,2462915,0.0,0.0
2021-07-30 04:59:50.994825,2462977,0.0,5.8
2021-07-30 04:59:50.994825,2901179,0.0,6.2
2021-07-30 04:59:51.152455,2462915,0.0,0.0
2021-07-30 04:59:51.152455,2462977,0.0,5.8
2021-07-30 04:59:51.152455,2901179,0.0,6.2
2021-07-30 04:59:51.310277,2462915,0.0,0.0
2021-07-30 04:59:51.310277,2462977,0.0,5.8
2021-07-30 04:59:51.310277,2901179,0.0,6.2
2021-07-30 04:59:51.468148,2462915,0.0,0.0
2021-07-30 04:59:51.468148,2462977,0.0,5.8
2021-07-30 04:59:51.468148,2901179,0.0,6.2
2021-07-30 04:59:51.625572,2462915,0.0,0.0
2021-07-30 04:59:51.625572,2462977,0.0,5.8
2021-07-30 04:59:51.625572,2901179,0.0,6.2
2021-07-30 04:59:51.783148,2462915,0.0,0.0
2021-07-30 04:59:51.783148,2462977,0.0,5.8
2021-07-30 04:59:51.783148,2901179,0.0,6.2
2021-07-30 04:59:51.940870,2462915,0.0,0.0
2021-07-30 04:59:51.940870,2462977,0.0,5.8
2021-07-30 04:59:51.940870,2901179,0.0,6.2
2021-07-30 04:59:52.098300,2462915,0.0,0.0
2021-07-30 04:59:52.098300,2462977,0.0,5.8
2021-07-30 04:59:52.098300,2901179,0.0,6.2
2021-07-30 04:59:52.255772,2462915,0.0,0.0
2021-07-30 04:59:52.255772,2462977,0.0,5.8
2021-07-30 04:59:52.255772,2901179,0.0,6.2
2021-07-30 04:59:52.412989,2462915,0.0,0.0
2021-07-30 04:59:52.412989,2462977,0.0,5.8
2021-07-30 04:59:52.412989,2901179,0.0,6.2
2021-07-30 04:59:52.570382,2901179,6.7,6.2
2021-07-30 04:59:52.570382,2462915,0.0,0.0
2021-07-30 04:59:52.570382,2462977,0.0,5.8
2021-07-30 04:59:52.728320,2462915,0.0,0.0
2021-07-30 04:59:52.728320,2462977,0.0,5.8
2021-07-30 04:59:52.728320,2901179,0.0,6.2
2021-07-30 04:59:52.885701,2462915,0.0,0.0
2021-07-30 04:59:52.885701,2462977,0.0,5.8
2021-07-30 04:59:52.885701,2901179,0.0,6.2
2021-07-30 04:59:53.043300,2462915,0.0,0.0
2021-07-30 04:59:53.043300,2462977,0.0,5.8
2021-07-30 04:59:53.043300,2901179,0.0,6.2
2021-07-30 04:59:53.201007,2462915,0.0,0.0
2021-07-30 04:59:53.201007,2462977,0.0,5.8
2021-07-30 04:59:53.201007,2901179,0.0,6.2
2021-07-30 04:59:53.358423,2462915,0.0,0.0
2021-07-30 04:59:53.358423,2462977,0.0,5.8
2021-07-30 04:59:53.358423,2901179,0.0,6.2
2021-07-30 04:59:53.515752,2462915,0.0,0.0
2021-07-30 04:59:53.515752,2462977,0.0,5.8
2021-07-30 04:59:53.515752,2901179,0.0,6.2
2021-07-30 04:59:53.673520,2462915,0.0,0.0
2021-07-30 04:59:53.673520,2462977,0.0,5.8
2021-07-30 04:59:53.673520,2901179,0.0,6.2
2021-07-30 04:59:53.831145,2462915,0.0,0.0
2021-07-30 04:59:53.831145,2462977,0.0,5.8
2021-07-30 04:59:53.831145,2901179,0.0,6.2
2021-07-30 04:59:53.988564,2462915,0.0,0.0
2021-07-30 04:59:53.988564,2462977,0.0,5.8
2021-07-30 04:59:53.988564,2901179,0.0,6.2
2021-07-30 04:59:54.146041,2462915,0.0,0.0
2021-07-30 04:59:54.146041,2462977,0.0,5.8
2021-07-30 04:59:54.146041,2901179,0.0,6.2
2021-07-30 04:59:54.303445,2462915,0.0,0.0
2021-07-30 04:59:54.303445,2462977,0.0,5.8
2021-07-30 04:59:54.303445,2901179,0.0,6.2
2021-07-30 04:59:54.460883,2462915,0.0,0.0
2021-07-30 04:59:54.460883,2462977,0.0,5.8
2021-07-30 04:59:54.460883,2901179,0.0,6.2
2021-07-30 04:59:54.618159,2901179,6.7,6.2
2021-07-30 04:59:54.618159,2462915,0.0,0.0
2021-07-30 04:59:54.618159,2462977,0.0,5.8
2021-07-30 04:59:54.775605,2462915,0.0,0.0
2021-07-30 04:59:54.775605,2462977,0.0,5.8
2021-07-30 04:59:54.775605,2901179,0.0,6.2
2021-07-30 04:59:54.932860,2462915,0.0,0.0
2021-07-30 04:59:54.932860,2462977,0.0,5.8
2021-07-30 04:59:54.932860,2901179,0.0,6.2
2021-07-30 04:59:55.090242,2462915,0.0,0.0
2021-07-30 04:59:55.090242,2462977,0.0,5.8
2021-07-30 04:59:55.090242,2901179,0.0,6.2
2021-07-30 04:59:55.247683,2462915,0.0,0.0
2021-07-30 04:59:55.247683,2462977,0.0,5.8
2021-07-30 04:59:55.247683,2901179,0.0,6.2
2021-07-30 04:59:55.405111,2462915,0.0,0.0
2021-07-30 04:59:55.405111,2462977,0.0,5.8
2021-07-30 04:59:55.405111,2901179,0.0,6.2
2021-07-30 04:59:55.562756,2462915,0.0,0.0
2021-07-30 04:59:55.562756,2462977,0.0,5.8
2021-07-30 04:59:55.562756,2901179,0.0,6.2
2021-07-30 04:59:55.720232,2462915,0.0,0.0
2021-07-30 04:59:55.720232,2462977,0.0,5.8
2021-07-30 04:59:55.720232,2901179,0.0,6.2
2021-07-30 04:59:55.877893,2901179,6.7,6.2
2021-07-30 04:59:55.877893,2462915,0.0,0.0
2021-07-30 04:59:55.877893,2462977,0.0,5.8
2021-07-30 04:59:56.035754,2462915,0.0,0.0
2021-07-30 04:59:56.035754,2462977,0.0,5.8
2021-07-30 04:59:56.035754,2901179,0.0,6.2
2021-07-30 04:59:56.193317,2901179,6.7,6.2
2021-07-30 04:59:56.193317,2462915,0.0,0.0
2021-07-30 04:59:56.193317,2462977,0.0,5.8
2021-07-30 04:59:56.350976,2462915,0.0,0.0
2021-07-30 04:59:56.350976,2462977,0.0,5.8
2021-07-30 04:59:56.350976,2901179,0.0,6.2
2021-07-30 04:59:56.508317,2462915,0.0,0.0
2021-07-30 04:59:56.508317,2462977,0.0,5.8
2021-07-30 04:59:56.508317,2901179,0.0,6.2
2021-07-30 04:59:56.665843,2462915,0.0,0.0
2021-07-30 04:59:56.665843,2462977,0.0,5.8
2021-07-30 04:59:56.665843,2901179,0.0,6.2
2021-07-30 04:59:56.823301,2462915,0.0,0.0
2021-07-30 04:59:56.823301,2462977,0.0,5.8
2021-07-30 04:59:56.823301,2901179,0.0,6.2
2021-07-30 04:59:56.980692,2462915,0.0,0.0
2021-07-30 04:59:56.980692,2462977,0.0,5.8
2021-07-30 04:59:56.980692,2901179,0.0,6.2
2021-07-30 04:59:57.138113,2462915,0.0,0.0
2021-07-30 04:59:57.138113,2462977,0.0,5.8
2021-07-30 04:59:57.138113,2901179,0.0,6.2
2021-07-30 04:59:57.295398,2462977,6.7,5.8
2021-07-30 04:59:57.295398,2462915,0.0,0.0
2021-07-30 04:59:57.295398,2901179,0.0,6.2
2021-07-30 04:59:57.453019,2462915,0.0,0.0
2021-07-30 04:59:57.453019,2462977,0.0,5.8
2021-07-30 04:59:57.453019,2901179,0.0,6.2
2021-07-30 04:59:57.610608,2462915,0.0,0.0
2021-07-30 04:59:57.610608,2462977,0.0,5.8
2021-07-30 04:59:57.610608,2901179,0.0,6.2
2021-07-30 04:59:57.768099,2462915,0.0,0.0
2021-07-30 04:59:57.768099,2462977,0.0,5.8
2021-07-30 04:59:57.768099,2901179,0.0,6.2
2021-07-30 04:59:57.925577,2901179,6.7,6.2
2021-07-30 04:59:57.925577,2462915,0.0,0.0
2021-07-30 04:59:57.925577,2462977,0.0,5.8
2021-07-30 04:59:58.083389,2462915,0.0,0.0
2021-07-30 04:59:58.083389,2462977,0.0,5.8
2021-07-30 04:59:58.083389,2901179,0.0,6.2
2021-07-30 04:59:58.241011,2462915,0.0,0.0
2021-07-30 04:59:58.241011,2462977,0.0,5.8
2021-07-30 04:59:58.241011,2901179,0.0,6.2
2021-07-30 04:59:58.398370,2462915,0.0,0.0
2021-07-30 04:59:58.398370,2462977,0.0,5.8
2021-07-30 04:59:58.398370,2901179,0.0,6.2
2021-07-30 04:59:58.555684,2462915,0.0,0.0
2021-07-30 04:59:58.555684,2462977,0.0,5.8
2021-07-30 04:59:58.555684,2901179,0.0,6.2
2021-07-30 04:59:58.712911,2462915,0.0,0.0
2021-07-30 04:59:58.712911,2462977,0.0,5.8
2021-07-30 04:59:58.712911,2901179,0.0,6.2
2021-07-30 04:59:58.870415,2462915,0.0,0.0
2021-07-30 04:59:58.870415,2462977,0.0,5.8
2021-07-30 04:59:58.870415,2901179,0.0,6.2
2021-07-30 04:59:59.028158,2901179,6.7,6.2
2021-07-30 04:59:59.028158,2462915,0.0,0.0
2021-07-30 04:59:59.028158,2462977,0.0,5.8
2021-07-30 04:59:59.185521,2462915,0.0,0.0
2021-07-30 04:59:59.185521,2462977,0.0,5.8
2021-07-30 04:59:59.185521,2901179,0.0,6.2
2021-07-30 04:59:59.342892,2462915,0.0,0.0
2021-07-30 04:59:59.342892,2462977,0.0,5.8
2021-07-30 04:59:59.342892,2901179,0.0,6.2
2021-07-30 04:59:59.500222,2462915,0.0,0.0
2021-07-30 04:59:59.500222,2462977,0.0,5.8
2021-07-30 04:59:59.500222,2901179,0.0,6.2
2021-07-30 04:59:59.657596,2462915,0.0,0.0
2021-07-30 04:59:59.657596,2462977,0.0,5.8
2021-07-30 04:59:59.657596,2901179,0.0,6.2
2021-07-30 04:59:59.815212,2462915,0.0,0.0
2021-07-30 04:59:59.815212,2462977,0.0,5.8
2021-07-30 04:59:59.815212,2901179,0.0,6.2
2021-07-30 04:59:59.972575,2462915,0.0,0.0
2021-07-30 04:59:59.972575,2462977,0.0,5.8
2021-07-30 04:59:59.972575,2901179,0.0,6.2
2021-07-30 05:00:00.130038,2462915,0.0,0.0
2021-07-30 05:00:00.130038,2462977,0.0,5.8
2021-07-30 05:00:00.130038,2901179,0.0,6.2
2021-07-30 05:00:00.287346,2462915,0.0,0.0
2021-07-30 05:00:00.287346,2462977,0.0,5.8
2021-07-30 05:00:00.287346,2901179,0.0,6.2
2021-07-30 05:00:00.444996,2462915,0.0,0.0
2021-07-30 05:00:00.444996,2462977,0.0,5.8
2021-07-30 05:00:00.444996,2901179,0.0,6.2
2021-07-30 05:00:00.602672,2462915,0.0,0.0
2021-07-30 05:00:00.602672,2462977,0.0,5.8
2021-07-30 05:00:00.602672,2901179,0.0,6.2
2021-07-30 05:00:00.760231,2462915,0.0,0.0
2021-07-30 05:00:00.760231,2462977,0.0,5.8
2021-07-30 05:00:00.760231,2901179,0.0,6.2
2021-07-30 05:00:00.917783,2462915,0.0,0.0
2021-07-30 05:00:00.917783,2462977,0.0,5.8
2021-07-30 05:00:00.917783,2901179,0.0,6.2
2021-07-30 05:00:01.075135,2462915,0.0,0.0
2021-07-30 05:00:01.075135,2462977,0.0,5.8
2021-07-30 05:00:01.075135,2901179,0.0,6.2
2021-07-30 05:00:01.232697,2901179,6.7,6.2
2021-07-30 05:00:01.232697,2462915,0.0,0.0
2021-07-30 05:00:01.232697,2462977,0.0,5.8
2021-07-30 05:00:01.390426,2462915,0.0,0.0
2021-07-30 05:00:01.390426,2462977,0.0,5.8
2021-07-30 05:00:01.390426,2901179,0.0,6.2
2021-07-30 05:00:01.547836,2462915,0.0,0.0
2021-07-30 05:00:01.547836,2462977,0.0,5.8
2021-07-30 05:00:01.547836,2901179,0.0,6.2
2021-07-30 05:00:01.705544,2462915,0.0,0.0
2021-07-30 05:00:01.705544,2462977,0.0,5.8
2021-07-30 05:00:01.705544,2901179,0.0,6.2
2021-07-30 05:00:01.863032,2462915,0.0,0.0
2021-07-30 05:00:01.863032,2462977,0.0,5.8
2021-07-30 05:00:01.863032,2901179,0.0,6.2
2021-07-30 05:00:02.020647,2901179,6.7,6.2
2021-07-30 05:00:02.020647,2462915,0.0,0.0
2021-07-30 05:00:02.020647,2462977,0.0,5.8
2021-07-30 05:00:02.178456,2462915,0.0,0.0
2021-07-30 05:00:02.178456,2462977,0.0,5.8
2021-07-30 05:00:02.178456,2901179,0.0,6.2
2021-07-30 05:00:02.335850,2462915,0.0,0.0
2021-07-30 05:00:02.335850,2462977,0.0,5.8
2021-07-30 05:00:02.335850,2901179,0.0,6.2
2021-07-30 05:00:02.493064,2462915,0.0,0.0
2021-07-30 05:00:02.493064,2462977,0.0,5.8
2021-07-30 05:00:02.493064,2901179,0.0,6.2
2021-07-30 05:00:02.650562,2462915,0.0,0.0
2021-07-30 05:00:02.650562,2462977,0.0,5.8
2021-07-30 05:00:02.650562,2901179,0.0,6.2
2021-07-30 05:00:02.808204,2462915,0.0,0.0
2021-07-30 05:00:02.808204,2462977,0.0,5.8
2021-07-30 05:00:02.808204,2901179,0.0,6.2
2021-07-30 05:00:02.965391,2462915,0.0,0.0
2021-07-30 05:00:02.965391,2462977,0.0,5.8
2021-07-30 05:00:02.965391,2901179,0.0,6.2
2021-07-30 05:00:03.122905,2462915,0.0,0.0
2021-07-30 05:00:03.122905,2462977,0.0,5.8
2021-07-30 05:00:03.122905,2901179,0.0,6.2
2021-07-30 05:00:03.280848,2462915,0.0,0.0
2021-07-30 05:00:03.280848,2462977,0.0,5.8
2021-07-30 05:00:03.280848,2901179,0.0,6.2
2021-07-30 05:00:03.438483,2462915,0.0,0.0
2021-07-30 05:00:03.438483,2462977,0.0,5.8
2021-07-30 05:00:03.438483,2901179,0.0,6.2
2021-07-30 05:00:03.596010,2901179,6.7,6.2
2021-07-30 05:00:03.596010,2462915,0.0,0.0
2021-07-30 05:00:03.596010,2462977,0.0,5.8
2021-07-30 05:00:03.753798,2462915,0.0,0.0
2021-07-30 05:00:03.753798,2462977,0.0,5.8
2021-07-30 05:00:03.753798,2901179,0.0,6.2
2021-07-30 05:00:03.911140,2462915,0.0,0.0
2021-07-30 05:00:03.911140,2462977,0.0,5.8
2021-07-30 05:00:03.911140,2901179,0.0,6.2
2021-07-30 05:00:04.068742,2462915,0.0,0.0
2021-07-30 05:00:04.068742,2462977,0.0,5.8
2021-07-30 05:00:04.068742,2901179,0.0,6.2
2021-07-30 05:00:04.226194,2462915,0.0,0.0
2021-07-30 05:00:04.226194,2462977,0.0,5.8
2021-07-30 05:00:04.226194,2901179,0.0,6.2
2021-07-30 05:00:04.383597,2462915,0.0,0.0
2021-07-30 05:00:04.383597,2462977,0.0,5.8
2021-07-30 05:00:04.383597,2901179,0.0,6.2
2021-07-30 05:00:04.540414,2462915,0.0,0.0
2021-07-30 05:00:04.540414,2462977,0.0,5.8
2021-07-30 05:00:04.540414,2901179,0.0,6.2
2021-07-30 05:00:04.698605,2462915,0.0,0.0
2021-07-30 05:00:04.698605,2462977,0.0,5.8
2021-07-30 05:00:04.698605,2901179,0.0,6.2
2021-07-30 05:00:04.855660,2462915,0.0,0.0
2021-07-30 05:00:04.855660,2462977,0.0,5.8
2021-07-30 05:00:04.855660,2901179,0.0,6.2
2021-07-30 05:00:05.013229,2462915,0.0,0.0
2021-07-30 05:00:05.013229,2462977,0.0,5.8
2021-07-30 05:00:05.013229,2901179,0.0,6.2
2021-07-30 05:00:05.170546,2462915,0.0,0.0
2021-07-30 05:00:05.170546,2462977,0.0,5.8
2021-07-30 05:00:05.170546,2901179,0.0,6.2
2021-07-30 05:00:05.328223,2462915,0.0,0.0
2021-07-30 05:00:05.328223,2462977,0.0,5.8
2021-07-30 05:00:05.328223,2901179,0.0,6.2
2021-07-30 05:00:05.485579,2462915,0.0,0.0
2021-07-30 05:00:05.485579,2462977,0.0,5.8
2021-07-30 05:00:05.485579,2901179,0.0,6.2
2021-07-30 05:00:05.642953,2462915,0.0,0.0
2021-07-30 05:00:05.642953,2462977,0.0,5.8
2021-07-30 05:00:05.642953,2901179,0.0,6.2
2021-07-30 05:00:05.800391,2462915,0.0,0.0
2021-07-30 05:00:05.800391,2462977,0.0,5.8
2021-07-30 05:00:05.800391,2901179,0.0,6.2
2021-07-30 05:00:05.957786,2462915,0.0,0.0
2021-07-30 05:00:05.957786,2462977,0.0,5.8
2021-07-30 05:00:05.957786,2901179,0.0,6.2
2021-07-30 05:00:06.115212,2462915,0.0,0.0
2021-07-30 05:00:06.115212,2462977,0.0,5.8
2021-07-30 05:00:06.115212,2901179,0.0,6.2
2021-07-30 05:00:06.272673,2901179,6.7,6.2
2021-07-30 05:00:06.272673,2462915,0.0,0.0
2021-07-30 05:00:06.272673,2462977,0.0,5.8
2021-07-30 05:00:06.430411,2462915,0.0,0.0
2021-07-30 05:00:06.430411,2462977,0.0,5.8
2021-07-30 05:00:06.430411,2901179,0.0,6.2
2021-07-30 05:00:06.587888,2901179,6.7,6.2
2021-07-30 05:00:06.587888,2462915,0.0,0.0
2021-07-30 05:00:06.587888,2462977,0.0,5.8
2021-07-30 05:00:06.745445,2462915,0.0,0.0
2021-07-30 05:00:06.745445,2462977,0.0,5.8
2021-07-30 05:00:06.745445,2901179,0.0,6.2
2021-07-30 05:00:06.903085,2462915,0.0,0.0
2021-07-30 05:00:06.903085,2462977,0.0,5.8
2021-07-30 05:00:06.903085,2901179,0.0,6.2
2021-07-30 05:00:07.060500,2462915,0.0,0.0
2021-07-30 05:00:07.060500,2462977,0.0,5.8
2021-07-30 05:00:07.060500,2901179,0.0,6.2
2021-07-30 05:00:07.218012,2462915,0.0,0.0
2021-07-30 05:00:07.218012,2462977,0.0,5.8
2021-07-30 05:00:07.218012,2901179,0.0,6.2
2021-07-30 05:00:07.375849,2462915,0.0,0.0
2021-07-30 05:00:07.375849,2462977,0.0,5.8
2021-07-30 05:00:07.375849,2901179,0.0,6.2
2021-07-30 05:00:07.533196,2462915,0.0,0.0
2021-07-30 05:00:07.533196,2462977,0.0,5.8
2021-07-30 05:00:07.533196,2901179,0.0,6.2
2021-07-30 05:00:07.690526,2462915,0.0,0.0
2021-07-30 05:00:07.690526,2462977,0.0,5.8
2021-07-30 05:00:07.690526,2901179,0.0,6.2
2021-07-30 05:00:07.848285,2901179,6.7,6.2
2021-07-30 05:00:07.848285,2462915,0.0,0.0
2021-07-30 05:00:07.848285,2462977,0.0,5.8
2021-07-30 05:00:08.006131,2462915,0.0,0.0
2021-07-30 05:00:08.006131,2462977,0.0,5.8
2021-07-30 05:00:08.006131,2901179,0.0,6.2
2021-07-30 05:00:08.163599,2462915,0.0,0.0
2021-07-30 05:00:08.163599,2462977,0.0,5.8
2021-07-30 05:00:08.163599,2901179,0.0,6.2
2021-07-30 05:00:08.320891,2462915,0.0,0.0
2021-07-30 05:00:08.320891,2462977,0.0,5.8
2021-07-30 05:00:08.320891,2901179,0.0,6.2
2021-07-30 05:00:08.478524,2462915,0.0,0.0
2021-07-30 05:00:08.478524,2462977,0.0,5.8
2021-07-30 05:00:08.478524,2901179,0.0,6.2
2021-07-30 05:00:08.635928,2462915,0.0,0.0
2021-07-30 05:00:08.635928,2462977,0.0,5.8
2021-07-30 05:00:08.635928,2901179,0.0,6.2
2021-07-30 05:00:08.793487,2462915,0.0,0.0
2021-07-30 05:00:08.793487,2462977,0.0,5.8
2021-07-30 05:00:08.793487,2901179,0.0,6.2
2021-07-30 05:00:08.951114,2462915,0.0,0.0
2021-07-30 05:00:08.951114,2462977,0.0,5.8
2021-07-30 05:00:08.951114,2901179,0.0,6.2
2021-07-30 05:00:09.108744,2901179,6.7,6.2
2021-07-30 05:00:09.108744,2462915,0.0,0.0
2021-07-30 05:00:09.108744,2462977,0.0,5.8
2021-07-30 05:00:09.266553,2462915,0.0,0.0
2021-07-30 05:00:09.266553,2462977,0.0,5.8
2021-07-30 05:00:09.266553,2901179,0.0,6.2
2021-07-30 05:00:09.423984,2462915,0.0,0.0
2021-07-30 05:00:09.423984,2462977,0.0,5.8
2021-07-30 05:00:09.423984,2901179,0.0,6.2
2021-07-30 05:00:09.581387,2462915,0.0,0.0
2021-07-30 05:00:09.581387,2462977,0.0,5.8
2021-07-30 05:00:09.581387,2901179,0.0,6.2
2021-07-30 05:00:09.738872,2462915,0.0,0.0
2021-07-30 05:00:09.738872,2462977,0.0,5.8
2021-07-30 05:00:09.738872,2901179,0.0,6.2
2021-07-30 05:00:09.896245,2462915,0.0,0.0
2021-07-30 05:00:09.896245,2462977,0.0,5.8
2021-07-30 05:00:09.896245,2901179,0.0,6.2
2021-07-30 05:00:10.052958,2462915,0.0,0.0
2021-07-30 05:00:10.052958,2462977,0.0,5.8
2021-07-30 05:00:10.052958,2901179,0.0,6.2
2021-07-30 05:00:10.210811,2462915,0.0,0.0
2021-07-30 05:00:10.210811,2462977,0.0,5.8
2021-07-30 05:00:10.210811,2901179,0.0,6.2
2021-07-30 05:00:10.369000,2462915,0.0,0.0
2021-07-30 05:00:10.369000,2462977,0.0,5.8
2021-07-30 05:00:10.369000,2901179,0.0,6.2
2021-07-30 05:00:10.526711,2462915,0.0,0.0
2021-07-30 05:00:10.526711,2462977,0.0,5.8
2021-07-30 05:00:10.526711,2901179,0.0,6.2
2021-07-30 05:00:10.684151,2462915,0.0,0.0
2021-07-30 05:00:10.684151,2462977,0.0,5.8
2021-07-30 05:00:10.684151,2901179,0.0,6.2
2021-07-30 05:00:10.841601,2462915,0.0,0.0
2021-07-30 05:00:10.841601,2462977,0.0,5.8
2021-07-30 05:00:10.841601,2901179,0.0,6.2
2021-07-30 05:00:10.998965,2462915,0.0,0.0
2021-07-30 05:00:10.998965,2462977,0.0,5.8
2021-07-30 05:00:10.998965,2901179,0.0,6.2
2021-07-30 05:00:11.156524,2462915,0.0,0.0
2021-07-30 05:00:11.156524,2462977,0.0,5.8
2021-07-30 05:00:11.156524,2901179,0.0,6.2
2021-07-30 05:00:11.314168,2462915,0.0,0.0
2021-07-30 05:00:11.314168,2462977,0.0,5.8
2021-07-30 05:00:11.314168,2901179,0.0,6.2
2021-07-30 05:00:11.471519,2462915,0.0,0.0
2021-07-30 05:00:11.471519,2462977,0.0,5.8
2021-07-30 05:00:11.471519,2901179,0.0,6.2
2021-07-30 05:00:11.628908,2462915,0.0,0.0
2021-07-30 05:00:11.628908,2462977,0.0,5.8
2021-07-30 05:00:11.628908,2901179,0.0,6.2
2021-07-30 05:00:11.786520,2462915,0.0,0.0
2021-07-30 05:00:11.786520,2462977,0.0,5.8
2021-07-30 05:00:11.786520,2901179,0.0,6.2
2021-07-30 05:00:11.943965,2901179,6.2,6.2
2021-07-30 05:00:11.943965,2462915,0.0,0.0
2021-07-30 05:00:11.943965,2462977,0.0,5.8
2021-07-30 05:00:12.100739,2462915,0.0,0.0
2021-07-30 05:00:12.100739,2462977,0.0,5.8
2021-07-30 05:00:12.100739,2901179,0.0,6.2
2021-07-30 05:00:12.258215,2462915,0.0,0.0
2021-07-30 05:00:12.258215,2462977,0.0,5.8
2021-07-30 05:00:12.258215,2901179,0.0,6.2
2021-07-30 05:00:12.415884,2462977,6.7,5.8
2021-07-30 05:00:12.415884,2462915,0.0,0.0
2021-07-30 05:00:12.415884,2901179,0.0,6.2
2021-07-30 05:00:12.573340,2901179,6.7,6.2
2021-07-30 05:00:12.573340,2462915,0.0,0.0
2021-07-30 05:00:12.573340,2462977,0.0,5.8
2021-07-30 05:00:12.730338,2462915,0.0,0.0
2021-07-30 05:00:12.730338,2462977,0.0,5.8
2021-07-30 05:00:12.730338,2901179,0.0,6.2
2021-07-30 05:00:12.887437,2462915,0.0,0.0
2021-07-30 05:00:12.887437,2462977,0.0,5.8
2021-07-30 05:00:12.887437,2901179,0.0,6.2
2021-07-30 05:00:13.044955,2462915,0.0,0.0
2021-07-30 05:00:13.044955,2462977,0.0,5.8
2021-07-30 05:00:13.044955,2901179,0.0,6.2
2021-07-30 05:00:13.202495,2462915,0.0,0.0
2021-07-30 05:00:13.202495,2462977,0.0,5.8
2021-07-30 05:00:13.202495,2901179,0.0,6.2
2021-07-30 05:00:13.359830,2462915,0.0,0.0
2021-07-30 05:00:13.359830,2462977,0.0,5.8
2021-07-30 05:00:13.359830,2901179,0.0,6.2
2021-07-30 05:00:13.516692,2462915,0.0,0.0
2021-07-30 05:00:13.516692,2462977,0.0,5.8
2021-07-30 05:00:13.516692,2901179,0.0,6.2
2021-07-30 05:00:13.674063,2462915,0.0,0.0
2021-07-30 05:00:13.674063,2462977,0.0,5.8
2021-07-30 05:00:13.674063,2901179,0.0,6.2
2021-07-30 05:00:13.832000,2462915,0.0,0.0
2021-07-30 05:00:13.832000,2462977,0.0,5.8
2021-07-30 05:00:13.832000,2901179,0.0,6.2
2021-07-30 05:00:13.989371,2462915,0.0,0.0
2021-07-30 05:00:13.989371,2462977,0.0,5.8
2021-07-30 05:00:13.989371,2901179,0.0,6.2
2021-07-30 05:00:14.146812,2462915,0.0,0.0
2021-07-30 05:00:14.146812,2462977,0.0,5.8
2021-07-30 05:00:14.146812,2901179,0.0,6.2
2021-07-30 05:00:14.304190,2462915,0.0,0.0
2021-07-30 05:00:14.304190,2462977,0.0,5.8
2021-07-30 05:00:14.304190,2901179,0.0,6.2
2021-07-30 05:00:14.461600,2462915,0.0,0.0
2021-07-30 05:00:14.461600,2462977,0.0,5.8
2021-07-30 05:00:14.461600,2901179,0.0,6.2
2021-07-30 05:00:14.618993,2901179,13.3,6.2
2021-07-30 05:00:14.618993,2462915,0.0,0.0
2021-07-30 05:00:14.618993,2462977,0.0,5.8
2021-07-30 05:00:14.776628,2462915,0.0,0.0
2021-07-30 05:00:14.776628,2462977,0.0,5.8
2021-07-30 05:00:14.776628,2901179,0.0,6.2
2021-07-30 05:00:14.933942,2462915,0.0,0.0
2021-07-30 05:00:14.933942,2462977,0.0,5.8
2021-07-30 05:00:14.933942,2901179,0.0,6.2
2021-07-30 05:00:15.091502,2462915,0.0,0.0
2021-07-30 05:00:15.091502,2462977,0.0,5.8
2021-07-30 05:00:15.091502,2901179,0.0,6.2
2021-07-30 05:00:15.248717,2462915,0.0,0.0
2021-07-30 05:00:15.248717,2462977,0.0,5.8
2021-07-30 05:00:15.248717,2901179,0.0,6.2
2021-07-30 05:00:15.406312,2462915,0.0,0.0
2021-07-30 05:00:15.406312,2462977,0.0,5.8
2021-07-30 05:00:15.406312,2901179,0.0,6.2
2021-07-30 05:00:15.563633,2462915,0.0,0.0
2021-07-30 05:00:15.563633,2462977,0.0,5.8
2021-07-30 05:00:15.563633,2901179,0.0,6.2
2021-07-30 05:00:15.721109,2462915,0.0,0.0
2021-07-30 05:00:15.721109,2462977,0.0,5.8
2021-07-30 05:00:15.721109,2901179,0.0,6.2
2021-07-30 05:00:15.878646,2462915,0.0,0.0
2021-07-30 05:00:15.878646,2462977,0.0,5.8
2021-07-30 05:00:15.878646,2901179,0.0,6.2
2021-07-30 05:00:16.036056,2462915,0.0,0.0
2021-07-30 05:00:16.036056,2462977,0.0,5.8
2021-07-30 05:00:16.036056,2901179,0.0,6.2
2021-07-30 05:00:16.193416,2462915,0.0,0.0
2021-07-30 05:00:16.193416,2462977,0.0,5.8
2021-07-30 05:00:16.193416,2901179,0.0,6.2
2021-07-30 05:00:16.351151,2462915,0.0,0.0
2021-07-30 05:00:16.351151,2462977,0.0,5.8
2021-07-30 05:00:16.351151,2901179,0.0,6.2
2021-07-30 05:00:16.508528,2462915,0.0,0.0
2021-07-30 05:00:16.508528,2462977,0.0,5.8
2021-07-30 05:00:16.508528,2901179,0.0,6.2
2021-07-30 05:00:16.665983,2462915,0.0,0.0
2021-07-30 05:00:16.665983,2462977,0.0,5.8
2021-07-30 05:00:16.665983,2901179,0.0,6.2
2021-07-30 05:00:16.823485,2462915,0.0,0.0
2021-07-30 05:00:16.823485,2462977,0.0,5.8
2021-07-30 05:00:16.823485,2901179,0.0,6.2
2021-07-30 05:00:16.980901,2462915,0.0,0.0
2021-07-30 05:00:16.980901,2462977,0.0,5.8
2021-07-30 05:00:16.980901,2901179,0.0,6.2
2021-07-30 05:00:17.138368,2462915,0.0,0.0
2021-07-30 05:00:17.138368,2462977,0.0,5.8
2021-07-30 05:00:17.138368,2901179,0.0,6.2
2021-07-30 05:00:17.295749,2462915,0.0,0.0
2021-07-30 05:00:17.295749,2462977,0.0,5.8
2021-07-30 05:00:17.295749,2901179,0.0,6.2
2021-07-30 05:00:17.453323,2462915,0.0,0.0
2021-07-30 05:00:17.453323,2462977,0.0,5.8
2021-07-30 05:00:17.453323,2901179,0.0,6.2
2021-07-30 05:00:17.610866,2901179,6.7,6.2
2021-07-30 05:00:17.610866,2462915,0.0,0.0
2021-07-30 05:00:17.610866,2462977,0.0,5.8
2021-07-30 05:00:17.768484,2462915,0.0,0.0
2021-07-30 05:00:17.768484,2462977,0.0,5.8
2021-07-30 05:00:17.768484,2901179,0.0,6.2
2021-07-30 05:00:17.926005,2462915,0.0,0.0
2021-07-30 05:00:17.926005,2462977,0.0,5.8
2021-07-30 05:00:17.926005,2901179,0.0,6.2
2021-07-30 05:00:18.083920,2462915,0.0,0.0
2021-07-30 05:00:18.083920,2462977,0.0,5.8
2021-07-30 05:00:18.083920,2901179,0.0,6.2
2021-07-30 05:00:18.241184,2462915,0.0,0.0
2021-07-30 05:00:18.241184,2462977,0.0,5.8
2021-07-30 05:00:18.241184,2901179,0.0,6.2
2021-07-30 05:00:18.398616,2462915,0.0,0.0
2021-07-30 05:00:18.398616,2462977,0.0,5.8
2021-07-30 05:00:18.398616,2901179,0.0,6.2
2021-07-30 05:00:18.556069,2462915,0.0,0.0
2021-07-30 05:00:18.556069,2462977,0.0,5.8
2021-07-30 05:00:18.556069,2901179,0.0,6.2
2021-07-30 05:00:18.713598,2462915,0.0,0.0
2021-07-30 05:00:18.713598,2462977,0.0,5.8
2021-07-30 05:00:18.713598,2901179,0.0,6.2
2021-07-30 05:00:18.871592,2901179,13.3,6.2
2021-07-30 05:00:18.871592,2462915,0.0,0.0
2021-07-30 05:00:18.871592,2462977,0.0,5.8
2021-07-30 05:00:19.029569,2462915,0.0,0.0
2021-07-30 05:00:19.029569,2462977,0.0,5.8
2021-07-30 05:00:19.029569,2901179,0.0,6.2
2021-07-30 05:00:19.186849,2462915,0.0,0.0
2021-07-30 05:00:19.186849,2462977,0.0,5.8
2021-07-30 05:00:19.186849,2901179,0.0,6.2
2021-07-30 05:00:19.344214,2462915,0.0,0.0
2021-07-30 05:00:19.344214,2462977,0.0,5.8
2021-07-30 05:00:19.344214,2901179,0.0,6.2
2021-07-30 05:00:19.501615,2901179,13.3,6.2
2021-07-30 05:00:19.501615,2462915,0.0,0.0
2021-07-30 05:00:19.501615,2462977,0.0,5.8
2021-07-30 05:00:19.658619,2462915,0.0,0.0
2021-07-30 05:00:19.658619,2462977,0.0,5.8
2021-07-30 05:00:19.658619,2901179,0.0,6.2
2021-07-30 05:00:19.816259,2462915,0.0,0.0
2021-07-30 05:00:19.816259,2462977,0.0,5.8
2021-07-30 05:00:19.816259,2901179,0.0,6.2
2021-07-30 05:00:19.973678,2462915,0.0,0.0
2021-07-30 05:00:19.973678,2462977,0.0,5.8
2021-07-30 05:00:19.973678,2901179,0.0,6.2
2021-07-30 05:00:20.130587,2462915,0.0,0.0
2021-07-30 05:00:20.130587,2462977,0.0,5.8
2021-07-30 05:00:20.130587,2901179,0.0,6.2
2021-07-30 05:00:20.288341,2462915,0.0,0.0
2021-07-30 05:00:20.288341,2462977,0.0,5.8
2021-07-30 05:00:20.288341,2901179,0.0,6.2
2021-07-30 05:00:20.445930,2462915,0.0,0.0
2021-07-30 05:00:20.445930,2462977,0.0,5.8
2021-07-30 05:00:20.445930,2901179,0.0,6.2
2021-07-30 05:00:20.603442,2462915,0.0,0.0
2021-07-30 05:00:20.603442,2462977,0.0,5.8
2021-07-30 05:00:20.603442,2901179,0.0,6.2
2021-07-30 05:00:20.760950,2462915,0.0,0.0
2021-07-30 05:00:20.760950,2462977,0.0,5.8
2021-07-30 05:00:20.760950,2901179,0.0,6.2
2021-07-30 05:00:20.918304,2462915,0.0,0.0
2021-07-30 05:00:20.918304,2462977,0.0,5.8
2021-07-30 05:00:20.918304,2901179,0.0,6.2
2021-07-30 05:00:21.075716,2462915,0.0,0.0
2021-07-30 05:00:21.075716,2462977,0.0,5.8
2021-07-30 05:00:21.075716,2901179,0.0,6.2
2021-07-30 05:00:21.233137,2901179,6.7,6.2
2021-07-30 05:00:21.233137,2462915,0.0,0.0
2021-07-30 05:00:21.233137,2462977,0.0,5.8
2021-07-30 05:00:21.390994,2462915,0.0,0.0
2021-07-30 05:00:21.390994,2462977,0.0,5.8
2021-07-30 05:00:21.390994,2901179,0.0,6.2
2021-07-30 05:00:21.548614,2462915,0.0,0.0
2021-07-30 05:00:21.548614,2462977,0.0,5.8
2021-07-30 05:00:21.548614,2901179,0.0,6.2
2021-07-30 05:00:21.706281,2462915,0.0,0.0
2021-07-30 05:00:21.706281,2462977,0.0,5.8
2021-07-30 05:00:21.706281,2901179,0.0,6.2
2021-07-30 05:00:21.863785,2462915,0.0,0.0
2021-07-30 05:00:21.863785,2462977,0.0,5.8
2021-07-30 05:00:21.863785,2901179,0.0,6.2
2021-07-30 05:00:22.021356,2901179,6.7,6.2
2021-07-30 05:00:22.021356,2462915,0.0,0.0
2021-07-30 05:00:22.021356,2462977,0.0,5.8
2021-07-30 05:00:22.179197,2462915,0.0,0.0
2021-07-30 05:00:22.179197,2462977,0.0,5.8
2021-07-30 05:00:22.179197,2901179,0.0,6.2
2021-07-30 05:00:22.336642,2462915,0.0,0.0
2021-07-30 05:00:22.336642,2462977,0.0,5.8
2021-07-30 05:00:22.336642,2901179,0.0,6.2
2021-07-30 05:00:22.494220,2462915,0.0,0.0
2021-07-30 05:00:22.494220,2462977,0.0,5.8
2021-07-30 05:00:22.494220,2901179,0.0,6.2
2021-07-30 05:00:22.651866,2462915,0.0,0.0
2021-07-30 05:00:22.651866,2462977,0.0,5.8
2021-07-30 05:00:22.651866,2901179,0.0,6.2
2021-07-30 05:00:22.809400,2462915,0.0,0.0
2021-07-30 05:00:22.809400,2462977,0.0,5.8
2021-07-30 05:00:22.809400,2901179,0.0,6.2
2021-07-30 05:00:22.966746,2462915,0.0,0.0
2021-07-30 05:00:22.966746,2462977,0.0,5.8
2021-07-30 05:00:22.966746,2901179,0.0,6.2
2021-07-30 05:00:23.124143,2462915,0.0,0.0
2021-07-30 05:00:23.124143,2462977,0.0,5.8
2021-07-30 05:00:23.124143,2901179,0.0,6.2
2021-07-30 05:00:23.281724,2462915,0.0,0.0
2021-07-30 05:00:23.281724,2462977,0.0,5.8
2021-07-30 05:00:23.281724,2901179,0.0,6.2
2021-07-30 05:00:23.439070,2462915,0.0,0.0
2021-07-30 05:00:23.439070,2462977,0.0,5.8
2021-07-30 05:00:23.439070,2901179,0.0,6.2
2021-07-30 05:00:23.596574,2462915,0.0,0.0
2021-07-30 05:00:23.596574,2462977,0.0,5.8
2021-07-30 05:00:23.596574,2901179,0.0,6.2
2021-07-30 05:00:23.753963,2462915,0.0,0.0
2021-07-30 05:00:23.753963,2462977,0.0,5.8
2021-07-30 05:00:23.753963,2901179,0.0,6.2
2021-07-30 05:00:23.911498,2462915,0.0,0.0
2021-07-30 05:00:23.911498,2462977,0.0,5.8
2021-07-30 05:00:23.911498,2901179,0.0,6.2
2021-07-30 05:00:24.068801,2462915,0.0,0.0
2021-07-30 05:00:24.068801,2462977,0.0,5.8
2021-07-30 05:00:24.068801,2901179,0.0,6.2
2021-07-30 05:00:24.226150,2462915,0.0,0.0
2021-07-30 05:00:24.226150,2462977,0.0,5.8
2021-07-30 05:00:24.226150,2901179,0.0,6.2
2021-07-30 05:00:24.383752,2462915,0.0,0.0
2021-07-30 05:00:24.383752,2462977,0.0,5.8
2021-07-30 05:00:24.383752,2901179,0.0,6.2
2021-07-30 05:00:24.540971,2462915,0.0,0.0
2021-07-30 05:00:24.540971,2462977,0.0,5.8
2021-07-30 05:00:24.540971,2901179,0.0,6.2
2021-07-30 05:00:24.698455,2462915,0.0,0.0
2021-07-30 05:00:24.698455,2462977,0.0,5.8
2021-07-30 05:00:24.698455,2901179,0.0,6.2
2021-07-30 05:00:24.855669,2901179,6.7,6.2
2021-07-30 05:00:24.855669,2462915,0.0,0.0
2021-07-30 05:00:24.855669,2462977,0.0,5.8
2021-07-30 05:00:25.013246,2462915,0.0,0.0
2021-07-30 05:00:25.013246,2462977,0.0,5.8
2021-07-30 05:00:25.013246,2901179,0.0,6.2
2021-07-30 05:00:25.170937,2462915,0.0,0.0
2021-07-30 05:00:25.170937,2462977,0.0,5.8
2021-07-30 05:00:25.170937,2901179,0.0,6.2
2021-07-30 05:00:25.328828,2462915,0.0,0.0
2021-07-30 05:00:25.328828,2462977,0.0,5.8
2021-07-30 05:00:25.328828,2901179,0.0,6.2
2021-07-30 05:00:25.486005,2462915,0.0,0.0
2021-07-30 05:00:25.486005,2462977,0.0,5.8
2021-07-30 05:00:25.486005,2901179,0.0,6.2
2021-07-30 05:00:25.643342,2462915,0.0,0.0
2021-07-30 05:00:25.643342,2462977,0.0,5.8
2021-07-30 05:00:25.643342,2901179,0.0,6.2
2021-07-30 05:00:25.800896,2901179,6.7,6.2
2021-07-30 05:00:25.800896,2462915,0.0,0.0
2021-07-30 05:00:25.800896,2462977,0.0,5.8
2021-07-30 05:00:25.958420,2462915,0.0,0.0
2021-07-30 05:00:25.958420,2462977,0.0,5.8
2021-07-30 05:00:25.958420,2901179,0.0,6.2
2021-07-30 05:00:26.115882,2462915,0.0,0.0
2021-07-30 05:00:26.115882,2462977,0.0,5.8
2021-07-30 05:00:26.115882,2901179,0.0,6.2
2021-07-30 05:00:26.273322,2901179,6.7,6.2
2021-07-30 05:00:26.273322,2462915,0.0,0.0
2021-07-30 05:00:26.273322,2462977,0.0,5.8
2021-07-30 05:00:26.430969,2462915,0.0,0.0
2021-07-30 05:00:26.430969,2462977,0.0,5.8
2021-07-30 05:00:26.430969,2901179,0.0,6.2
2021-07-30 05:00:26.588362,2462915,0.0,0.0
2021-07-30 05:00:26.588362,2462977,0.0,5.8
2021-07-30 05:00:26.588362,2901179,0.0,6.2
2021-07-30 05:00:26.745992,2462915,0.0,0.0
2021-07-30 05:00:26.745992,2462977,0.0,5.8
2021-07-30 05:00:26.745992,2901179,0.0,6.2
2021-07-30 05:00:26.903338,2462915,0.0,0.0
2021-07-30 05:00:26.903338,2462977,0.0,5.8
2021-07-30 05:00:26.903338,2901179,0.0,6.2
2021-07-30 05:00:27.060817,2462915,0.0,0.0
2021-07-30 05:00:27.060817,2462977,0.0,5.8
2021-07-30 05:00:27.060817,2901179,0.0,6.2
2021-07-30 05:00:27.218173,2462915,0.0,0.0
2021-07-30 05:00:27.218173,2462977,0.0,5.8
2021-07-30 05:00:27.218173,2901179,0.0,6.2
2021-07-30 05:00:27.375615,2462915,0.0,0.0
2021-07-30 05:00:27.375615,2462977,0.0,5.8
2021-07-30 05:00:27.375615,2901179,0.0,6.2
2021-07-30 05:00:27.533063,2462915,0.0,0.0
2021-07-30 05:00:27.533063,2462977,0.0,5.8
2021-07-30 05:00:27.533063,2901179,0.0,6.2
2021-07-30 05:00:27.690995,2462915,0.0,0.0
2021-07-30 05:00:27.690995,2462977,0.0,5.8
2021-07-30 05:00:27.690995,2901179,0.0,6.2
2021-07-30 05:00:27.848706,2901179,6.7,6.2
2021-07-30 05:00:27.848706,2462915,0.0,0.0
2021-07-30 05:00:27.848706,2462977,0.0,5.8
2021-07-30 05:00:28.006524,2462915,0.0,0.0
2021-07-30 05:00:28.006524,2462977,0.0,5.8
2021-07-30 05:00:28.006524,2901179,0.0,6.2
2021-07-30 05:00:28.164017,2462915,0.0,0.0
2021-07-30 05:00:28.164017,2462977,0.0,5.8
2021-07-30 05:00:28.164017,2901179,0.0,6.2
2021-07-30 05:00:28.321420,2462915,0.0,0.0
2021-07-30 05:00:28.321420,2462977,0.0,5.8
2021-07-30 05:00:28.321420,2901179,0.0,6.2
2021-07-30 05:00:28.478986,2462915,0.0,0.0
2021-07-30 05:00:28.478986,2462977,0.0,5.8
2021-07-30 05:00:28.478986,2901179,0.0,6.2
2021-07-30 05:00:28.636371,2462915,0.0,0.0
2021-07-30 05:00:28.636371,2462977,0.0,5.8
2021-07-30 05:00:28.636371,2901179,0.0,6.2
2021-07-30 05:00:28.793909,2462915,0.0,0.0
2021-07-30 05:00:28.793909,2462977,0.0,5.8
2021-07-30 05:00:28.793909,2901179,0.0,6.2
2021-07-30 05:00:28.951614,2462915,0.0,0.0
2021-07-30 05:00:28.951614,2462977,0.0,5.8
2021-07-30 05:00:28.951614,2901179,0.0,6.2
2021-07-30 05:00:29.109099,2901179,6.7,6.2
2021-07-30 05:00:29.109099,2462915,0.0,0.0
2021-07-30 05:00:29.109099,2462977,0.0,5.8
2021-07-30 05:00:29.266712,2462915,0.0,0.0
2021-07-30 05:00:29.266712,2462977,0.0,5.8
2021-07-30 05:00:29.266712,2901179,0.0,6.2
2021-07-30 05:00:29.424019,2462915,0.0,0.0
2021-07-30 05:00:29.424019,2462977,0.0,5.8
2021-07-30 05:00:29.424019,2901179,0.0,6.2
2021-07-30 05:00:29.581172,2462915,0.0,0.0
2021-07-30 05:00:29.581172,2462977,0.0,5.8
2021-07-30 05:00:29.581172,2901179,0.0,6.2
2021-07-30 05:00:29.738271,2462915,0.0,0.0
2021-07-30 05:00:29.738271,2462977,0.0,5.8
2021-07-30 05:00:29.738271,2901179,0.0,6.2
2021-07-30 05:00:29.895606,2462915,0.0,0.0
2021-07-30 05:00:29.895606,2462977,0.0,5.8
2021-07-30 05:00:29.895606,2901179,0.0,6.2
2021-07-30 05:00:30.052999,2462915,0.0,0.0
2021-07-30 05:00:30.052999,2462977,0.0,5.8
2021-07-30 05:00:30.052999,2901179,0.0,6.2
2021-07-30 05:00:30.210376,2462915,0.0,0.0
2021-07-30 05:00:30.210376,2462977,0.0,5.8
2021-07-30 05:00:30.210376,2901179,0.0,6.2
2021-07-30 05:00:30.367036,2462915,0.0,0.0
2021-07-30 05:00:30.367036,2462977,0.0,5.8
2021-07-30 05:00:30.367036,2901179,0.0,6.2
2021-07-30 05:00:30.523811,2901179,6.2,6.2
2021-07-30 05:00:30.523811,2462915,0.0,0.0
2021-07-30 05:00:30.523811,2462977,0.0,5.8
2021-07-30 05:00:30.680997,2462915,0.0,0.0
2021-07-30 05:00:30.680997,2462977,0.0,5.8
2021-07-30 05:00:30.680997,2901179,0.0,6.2
2021-07-30 05:00:30.838543,2462915,0.0,0.0
2021-07-30 05:00:30.838543,2462977,0.0,5.8
2021-07-30 05:00:30.838543,2901179,0.0,6.2
2021-07-30 05:00:30.995943,2462915,0.0,0.0
2021-07-30 05:00:30.995943,2462977,0.0,5.8
2021-07-30 05:00:30.995943,2901179,0.0,6.2
2021-07-30 05:00:31.153358,2462915,0.0,0.0
2021-07-30 05:00:31.153358,2462977,0.0,5.8
2021-07-30 05:00:31.153358,2901179,0.0,6.2
2021-07-30 05:00:31.310997,2901179,26.7,6.2
2021-07-30 05:00:31.310997,2462915,0.0,0.0
2021-07-30 05:00:31.310997,2462977,0.0,5.8
2021-07-30 05:00:31.468817,2901179,200.0,6.2
2021-07-30 05:00:31.468817,2462915,0.0,0.0
2021-07-30 05:00:31.468817,2462977,0.0,5.8
2021-07-30 05:00:31.625797,2901179,133.3,6.3
2021-07-30 05:00:31.625797,2462915,0.0,0.0
2021-07-30 05:00:31.625797,2462977,0.0,5.8
2021-07-30 05:00:31.783511,2901179,100.0,6.3
2021-07-30 05:00:31.783511,2462915,0.0,0.0
2021-07-30 05:00:31.783511,2462977,0.0,5.8
2021-07-30 05:00:31.940543,2901179,80.0,6.3
2021-07-30 05:00:31.940543,2462915,0.0,0.0
2021-07-30 05:00:31.940543,2462977,0.0,5.8
2021-07-30 05:00:32.098178,2901179,33.3,6.3
2021-07-30 05:00:32.098178,2462915,0.0,0.0
2021-07-30 05:00:32.098178,2462977,0.0,5.8
2021-07-30 05:00:32.256025,2901179,26.7,6.3
2021-07-30 05:00:32.256025,2462915,0.0,0.0
2021-07-30 05:00:32.256025,2462977,0.0,5.8
2021-07-30 05:00:32.413543,2901179,86.7,6.3
2021-07-30 05:00:32.413543,2462915,0.0,0.0
2021-07-30 05:00:32.413543,2462977,0.0,5.8
2021-07-30 05:00:32.569720,2901179,140.0,6.2
2021-07-30 05:00:32.569720,2462915,0.0,0.0
2021-07-30 05:00:32.569720,2462977,0.0,5.8
2021-07-30 05:00:32.725905,2901179,153.3,6.3
2021-07-30 05:00:32.725905,2462915,0.0,0.0
2021-07-30 05:00:32.725905,2462977,0.0,5.8
2021-07-30 05:00:32.882747,2901179,120.0,6.2
2021-07-30 05:00:32.882747,2462915,0.0,0.0
2021-07-30 05:00:32.882747,2462977,0.0,5.8
2021-07-30 05:00:33.039504,2901179,140.0,6.2
2021-07-30 05:00:33.039504,2462915,0.0,0.0
2021-07-30 05:00:33.039504,2462977,0.0,5.8
2021-07-30 05:00:33.196846,2901179,86.7,6.2
2021-07-30 05:00:33.196846,2462915,0.0,0.0
2021-07-30 05:00:33.196846,2462977,0.0,5.8
2021-07-30 05:00:33.353578,2901179,133.3,6.2
2021-07-30 05:00:33.353578,2462915,0.0,0.0
2021-07-30 05:00:33.353578,2462977,0.0,5.8
2021-07-30 05:00:33.510856,2901179,40.0,6.2
2021-07-30 05:00:33.510856,2462915,0.0,0.0
2021-07-30 05:00:33.510856,2462977,0.0,5.8
2021-07-30 05:00:33.669096,2901179,40.0,6.2
2021-07-30 05:00:33.669096,2462915,0.0,0.0
2021-07-30 05:00:33.669096,2462977,0.0,5.8
2021-07-30 05:00:33.827372,2901179,53.3,6.2
2021-07-30 05:00:33.827372,2462915,0.0,0.0
2021-07-30 05:00:33.827372,2462977,0.0,5.8
2021-07-30 05:00:33.985349,2901179,86.7,6.2
2021-07-30 05:00:33.985349,2462915,0.0,0.0
2021-07-30 05:00:33.985349,2462977,0.0,5.8
2021-07-30 05:00:34.142156,2901179,40.0,6.2
2021-07-30 05:00:34.142156,2462915,0.0,0.0
2021-07-30 05:00:34.142156,2462977,0.0,5.8
2021-07-30 05:00:34.300116,2901179,46.7,6.2
2021-07-30 05:00:34.300116,2462977,6.7,5.8
2021-07-30 05:00:34.300116,2462915,0.0,0.0
2021-07-30 05:00:34.457617,2901179,53.3,6.2
2021-07-30 05:00:34.457617,2462915,0.0,0.0
2021-07-30 05:00:34.457617,2462977,0.0,5.8
2021-07-30 05:00:34.614554,2901179,73.3,6.2
2021-07-30 05:00:34.614554,2462915,0.0,0.0
2021-07-30 05:00:34.614554,2462977,0.0,5.8
2021-07-30 05:00:34.772777,2901179,106.7,6.2
2021-07-30 05:00:34.772777,2462915,0.0,0.0
2021-07-30 05:00:34.772777,2462977,0.0,5.8
2021-07-30 05:00:34.929788,2901179,153.3,6.2
2021-07-30 05:00:34.929788,2462915,0.0,0.0
2021-07-30 05:00:34.929788,2462977,0.0,5.8
2021-07-30 05:00:35.086930,2901179,200.0,6.3
2021-07-30 05:00:35.086930,2462915,0.0,0.0
2021-07-30 05:00:35.086930,2462977,0.0,5.8
2021-07-30 05:00:35.244156,2901179,68.8,6.2
2021-07-30 05:00:35.244156,2462915,0.0,0.0
2021-07-30 05:00:35.244156,2462977,0.0,5.8
2021-07-30 05:00:35.401142,2901179,153.3,6.2
2021-07-30 05:00:35.401142,2462915,0.0,0.0
2021-07-30 05:00:35.401142,2462977,0.0,5.8
2021-07-30 05:00:35.557997,2901179,100.0,6.2
2021-07-30 05:00:35.557997,2462915,0.0,0.0
2021-07-30 05:00:35.557997,2462977,0.0,5.8
2021-07-30 05:00:35.713949,2901179,106.2,6.2
2021-07-30 05:00:35.713949,2462915,0.0,0.0
2021-07-30 05:00:35.713949,2462977,0.0,5.8
2021-07-30 05:00:35.872156,2901179,173.3,0.0
2021-07-30 05:00:35.872156,2462915,0.0,0.0
2021-07-30 05:00:35.872156,2462977,0.0,5.8
2021-07-30 05:00:36.028034,2462915,0.0,0.0
2021-07-30 05:00:36.028034,2462977,0.0,5.8
2021-07-30 05:00:36.185773,2462915,0.0,0.0
2021-07-30 05:00:36.185773,2462977,0.0,5.8
2021-07-30 05:00:36.343270,2462915,0.0,0.0
2021-07-30 05:00:36.343270,2462977,0.0,5.8
2021-07-30 05:00:36.500823,2462915,0.0,0.0
2021-07-30 05:00:36.500823,2462977,0.0,5.8
2021-07-30 05:00:36.658154,2462915,0.0,0.0
2021-07-30 05:00:36.658154,2462977,0.0,5.8
2021-07-30 05:00:36.815365,2462915,0.0,0.0
2021-07-30 05:00:36.815365,2462977,0.0,5.8
2021-07-30 05:00:36.972693,2462915,0.0,0.0
2021-07-30 05:00:36.972693,2462977,0.0,5.8
2021-07-30 05:00:37.130222,2462915,0.0,0.0
2021-07-30 05:00:37.130222,2462977,0.0,5.8
2021-07-30 05:00:37.287499,2462915,0.0,0.0
2021-07-30 05:00:37.287499,2462977,0.0,5.8
2021-07-30 05:00:37.444708,2462915,0.0,0.0
2021-07-30 05:00:37.444708,2462977,0.0,5.8
2021-07-30 05:00:37.601673,2462915,0.0,0.0
2021-07-30 05:00:37.601673,2462977,0.0,5.8
2021-07-30 05:00:37.758932,2462915,0.0,0.0
2021-07-30 05:00:37.758932,2462977,0.0,5.8
2021-07-30 05:00:37.916159,2462915,0.0,0.0
2021-07-30 05:00:37.916159,2462977,0.0,5.8
2021-07-30 05:00:38.073422,2462915,0.0,0.0
2021-07-30 05:00:38.073422,2462977,0.0,5.8
2021-07-30 05:00:38.230687,2462915,0.0,0.0
2021-07-30 05:00:38.230687,2462977,0.0,5.8
2021-07-30 05:00:38.387959,2462915,0.0,0.0
2021-07-30 05:00:38.387959,2462977,0.0,5.8
2021-07-30 05:00:38.545104,2462915,0.0,0.0
2021-07-30 05:00:38.545104,2462977,0.0,5.8
2021-07-30 05:00:38.702306,2462915,0.0,0.0
2021-07-30 05:00:38.702306,2462977,0.0,5.8
2021-07-30 05:00:38.859767,2462915,0.0,0.0
2021-07-30 05:00:38.859767,2462977,0.0,5.8
2021-07-30 05:00:39.017043,2462915,0.0,0.0
2021-07-30 05:00:39.017043,2462977,0.0,5.8
2021-07-30 05:00:39.174317,2462915,0.0,0.0
2021-07-30 05:00:39.174317,2462977,0.0,5.8
2021-07-30 05:00:39.331664,2462915,0.0,0.0
2021-07-30 05:00:39.331664,2462977,0.0,5.8
2021-07-30 05:00:39.488947,2462915,0.0,0.0
2021-07-30 05:00:39.488947,2462977,0.0,5.8
2021-07-30 05:00:39.645969,2462915,0.0,0.0
2021-07-30 05:00:39.645969,2462977,0.0,5.8
2021-07-30 05:00:39.803237,2462915,0.0,0.0
2021-07-30 05:00:39.803237,2462977,0.0,5.8
2021-07-30 05:00:39.960473,2462915,0.0,0.0
2021-07-30 05:00:39.960473,2462977,0.0,5.8
2021-07-30 05:00:40.117984,2462915,0.0,0.0
2021-07-30 05:00:40.117984,2462977,0.0,5.8
2021-07-30 05:00:40.275326,2462915,0.0,0.0
2021-07-30 05:00:40.275326,2462977,0.0,5.8
2021-07-30 05:00:40.432724,2462915,0.0,0.0
2021-07-30 05:00:40.432724,2462977,0.0,5.8
2021-07-30 05:00:40.590022,2462915,0.0,0.0
2021-07-30 05:00:40.590022,2462977,0.0,5.8
2021-07-30 05:00:40.747184,2462915,0.0,0.0
2021-07-30 05:00:40.747184,2462977,0.0,5.8
