timestamp,PID,CPU,RAM
2021-08-23 23:19:36.523998,571403,180.0,1.4
2021-08-23 23:19:36.523998,469330,0.0,0.0
2021-08-23 23:19:36.523998,469393,0.0,4.1
2021-08-23 23:19:36.681648,571403,193.3,1.4
2021-08-23 23:19:36.681648,469330,0.0,0.0
2021-08-23 23:19:36.681648,469393,0.0,4.1
2021-08-23 23:19:36.838493,571403,173.3,1.5
2021-08-23 23:19:36.838493,469330,0.0,0.0
2021-08-23 23:19:36.838493,469393,0.0,4.1
2021-08-23 23:19:36.994831,571403,220.0,1.6
2021-08-23 23:19:36.994831,469330,0.0,0.0
2021-08-23 23:19:36.994831,469393,0.0,4.1
2021-08-23 23:19:37.151185,571403,213.3,1.6
2021-08-23 23:19:37.151185,469330,0.0,0.0
2021-08-23 23:19:37.151185,469393,0.0,4.1
2021-08-23 23:19:37.307913,571403,306.7,1.6
2021-08-23 23:19:37.307913,469330,0.0,0.0
2021-08-23 23:19:37.307913,469393,0.0,4.1
2021-08-23 23:19:37.464514,571403,213.3,1.7
2021-08-23 23:19:37.464514,469330,0.0,0.0
2021-08-23 23:19:37.464514,469393,0.0,4.1
2021-08-23 23:19:37.621237,571403,200.0,1.9
2021-08-23 23:19:37.621237,469330,0.0,0.0
2021-08-23 23:19:37.621237,469393,0.0,4.1
2021-08-23 23:19:37.778124,571403,273.3,2.0
2021-08-23 23:19:37.778124,469393,6.7,4.1
2021-08-23 23:19:37.778124,469330,0.0,0.0
2021-08-23 23:19:37.937151,571403,166.7,2.1
2021-08-23 23:19:37.937151,469330,0.0,0.0
2021-08-23 23:19:37.937151,469393,0.0,4.1
2021-08-23 23:19:38.094289,571403,260.0,2.4
2021-08-23 23:19:38.094289,469330,0.0,0.0
2021-08-23 23:19:38.094289,469393,0.0,4.1
2021-08-23 23:19:38.251339,571403,140.0,2.4
2021-08-23 23:19:38.251339,469330,0.0,0.0
2021-08-23 23:19:38.251339,469393,0.0,4.1
2021-08-23 23:19:38.408264,571403,126.7,2.4
2021-08-23 23:19:38.408264,469330,0.0,0.0
2021-08-23 23:19:38.408264,469393,0.0,4.1
2021-08-23 23:19:38.564995,571403,213.3,2.5
2021-08-23 23:19:38.564995,469330,0.0,0.0
2021-08-23 23:19:38.564995,469393,0.0,4.1
2021-08-23 23:19:38.723333,571403,340.0,2.6
2021-08-23 23:19:38.723333,469330,0.0,0.0
2021-08-23 23:19:38.723333,469393,0.0,4.1
2021-08-23 23:19:38.881501,571403,293.3,2.8
2021-08-23 23:19:38.881501,469330,0.0,0.0
2021-08-23 23:19:38.881501,469393,0.0,4.1
2021-08-23 23:19:39.038244,571403,260.0,2.8
2021-08-23 23:19:39.038244,469330,0.0,0.0
2021-08-23 23:19:39.038244,469393,0.0,4.1
2021-08-23 23:19:39.194526,571403,313.3,2.9
2021-08-23 23:19:39.194526,469330,0.0,0.0
2021-08-23 23:19:39.194526,469393,0.0,4.1
2021-08-23 23:19:39.351361,571403,286.7,2.9
2021-08-23 23:19:39.351361,469330,0.0,0.0
2021-08-23 23:19:39.351361,469393,0.0,4.1
2021-08-23 23:19:39.509273,571403,260.0,3.0
2021-08-23 23:19:39.509273,469330,0.0,0.0
2021-08-23 23:19:39.509273,469393,0.0,4.1
2021-08-23 23:19:39.666512,571403,273.3,3.3
2021-08-23 23:19:39.666512,469393,6.7,4.1
2021-08-23 23:19:39.666512,469330,0.0,0.0
2021-08-23 23:19:39.826196,571403,333.3,3.5
2021-08-23 23:19:39.826196,469330,0.0,0.0
2021-08-23 23:19:39.826196,469393,0.0,4.1
2021-08-23 23:19:39.984983,571403,260.0,3.8
2021-08-23 23:19:39.984983,469330,0.0,0.0
2021-08-23 23:19:39.984983,469393,0.0,4.1
2021-08-23 23:19:40.140597,571403,120.0,3.8
2021-08-23 23:19:40.140597,469330,0.0,0.0
2021-08-23 23:19:40.140597,469393,0.0,4.1
2021-08-23 23:19:40.296917,571403,133.3,3.8
2021-08-23 23:19:40.296917,469330,0.0,0.0
2021-08-23 23:19:40.296917,469393,0.0,4.1
2021-08-23 23:19:40.453556,571403,113.3,3.9
2021-08-23 23:19:40.453556,469330,0.0,0.0
2021-08-23 23:19:40.453556,469393,0.0,4.1
2021-08-23 23:19:40.610282,571403,150.0,3.8
2021-08-23 23:19:40.610282,469330,0.0,0.0
2021-08-23 23:19:40.610282,469393,0.0,4.1
2021-08-23 23:19:40.767365,571403,106.7,3.8
2021-08-23 23:19:40.767365,469330,0.0,0.0
2021-08-23 23:19:40.767365,469393,0.0,4.1
2021-08-23 23:19:40.924759,571403,220.0,4.0
2021-08-23 23:19:40.924759,469330,0.0,0.0
2021-08-23 23:19:40.924759,469393,0.0,4.1
2021-08-23 23:19:41.081529,571403,186.7,4.0
2021-08-23 23:19:41.081529,469330,0.0,0.0
2021-08-23 23:19:41.081529,469393,0.0,4.1
2021-08-23 23:19:41.238154,571403,133.3,4.1
2021-08-23 23:19:41.238154,469330,0.0,0.0
2021-08-23 23:19:41.238154,469393,0.0,4.1
2021-08-23 23:19:41.395136,571403,226.7,4.1
2021-08-23 23:19:41.395136,469330,0.0,0.0
2021-08-23 23:19:41.395136,469393,0.0,4.1
2021-08-23 23:19:41.552618,571403,220.0,4.1
2021-08-23 23:19:41.552618,469330,0.0,0.0
2021-08-23 23:19:41.552618,469393,0.0,4.1
2021-08-23 23:19:41.709934,571403,186.7,4.1
2021-08-23 23:19:41.709934,469330,0.0,0.0
2021-08-23 23:19:41.709934,469393,0.0,4.1
2021-08-23 23:19:41.866446,571403,120.0,4.2
2021-08-23 23:19:41.866446,469330,0.0,0.0
2021-08-23 23:19:41.866446,469393,0.0,4.1
2021-08-23 23:19:42.023249,571403,193.3,4.2
2021-08-23 23:19:42.023249,469330,0.0,0.0
2021-08-23 23:19:42.023249,469393,0.0,4.1
2021-08-23 23:19:42.179483,571403,253.3,4.3
2021-08-23 23:19:42.179483,469330,0.0,0.0
2021-08-23 23:19:42.179483,469393,0.0,4.1
2021-08-23 23:19:42.339353,571403,166.7,4.5
2021-08-23 23:19:42.339353,469330,0.0,0.0
2021-08-23 23:19:42.339353,469393,0.0,4.1
2021-08-23 23:19:42.496532,571403,253.3,4.8
2021-08-23 23:19:42.496532,469330,0.0,0.0
2021-08-23 23:19:42.496532,469393,0.0,4.1
2021-08-23 23:19:42.653312,571403,240.0,4.8
2021-08-23 23:19:42.653312,469330,0.0,0.0
2021-08-23 23:19:42.653312,469393,0.0,4.1
2021-08-23 23:19:42.811498,571403,213.3,4.8
2021-08-23 23:19:42.811498,469330,0.0,0.0
2021-08-23 23:19:42.811498,469393,0.0,4.1
2021-08-23 23:19:42.968952,571403,226.7,4.8
2021-08-23 23:19:42.968952,469330,0.0,0.0
2021-08-23 23:19:42.968952,469393,0.0,4.1
2021-08-23 23:19:43.125915,571403,366.7,4.9
2021-08-23 23:19:43.125915,469330,0.0,0.0
2021-08-23 23:19:43.125915,469393,0.0,4.1
2021-08-23 23:19:43.281616,571403,313.3,4.9
2021-08-23 23:19:43.281616,469330,0.0,0.0
2021-08-23 23:19:43.281616,469393,0.0,4.1
2021-08-23 23:19:43.437114,571403,360.0,4.9
2021-08-23 23:19:43.437114,469330,0.0,0.0
2021-08-23 23:19:43.437114,469393,0.0,4.1
2021-08-23 23:19:43.594992,571403,340.0,5.1
2021-08-23 23:19:43.594992,469330,0.0,0.0
2021-08-23 23:19:43.594992,469393,0.0,4.1
2021-08-23 23:19:43.751522,571403,313.3,5.0
2021-08-23 23:19:43.751522,469330,0.0,0.0
2021-08-23 23:19:43.751522,469393,0.0,4.1
2021-08-23 23:19:43.908292,571403,306.7,5.2
2021-08-23 23:19:43.908292,469330,0.0,0.0
2021-08-23 23:19:43.908292,469393,0.0,4.1
2021-08-23 23:19:44.064660,571403,366.7,5.4
2021-08-23 23:19:44.064660,469330,0.0,0.0
2021-08-23 23:19:44.064660,469393,0.0,4.1
2021-08-23 23:19:44.222401,571403,300.0,5.7
2021-08-23 23:19:44.222401,469330,0.0,0.0
2021-08-23 23:19:44.222401,469393,0.0,4.1
2021-08-23 23:19:44.379585,571403,306.7,5.7
2021-08-23 23:19:44.379585,469330,0.0,0.0
2021-08-23 23:19:44.379585,469393,0.0,4.1
2021-08-23 23:19:44.535984,571403,186.7,5.7
2021-08-23 23:19:44.535984,469330,0.0,0.0
2021-08-23 23:19:44.535984,469393,0.0,4.1
2021-08-23 23:19:44.692753,571403,240.0,5.7
2021-08-23 23:19:44.692753,469330,0.0,0.0
2021-08-23 23:19:44.692753,469393,0.0,4.1
2021-08-23 23:19:44.849978,571403,266.7,5.8
2021-08-23 23:19:44.849978,469330,0.0,0.0
2021-08-23 23:19:44.849978,469393,0.0,4.1
2021-08-23 23:19:45.013260,571403,333.3,5.9
2021-08-23 23:19:45.013260,469330,0.0,0.0
2021-08-23 23:19:45.013260,469393,0.0,4.1
2021-08-23 23:19:45.173815,571403,313.3,5.9
2021-08-23 23:19:45.173815,469330,0.0,0.0
2021-08-23 23:19:45.173815,469393,0.0,4.1
2021-08-23 23:19:45.333091,571403,266.7,5.9
2021-08-23 23:19:45.333091,469330,0.0,0.0
2021-08-23 23:19:45.333091,469393,0.0,4.1
2021-08-23 23:19:45.491735,571403,300.0,5.9
2021-08-23 23:19:45.491735,469330,0.0,0.0
2021-08-23 23:19:45.491735,469393,0.0,4.1
2021-08-23 23:19:45.648968,571403,306.7,5.9
2021-08-23 23:19:45.648968,469330,0.0,0.0
2021-08-23 23:19:45.648968,469393,0.0,4.1
2021-08-23 23:19:45.806059,571403,346.7,6.1
2021-08-23 23:19:45.806059,469330,0.0,0.0
2021-08-23 23:19:45.806059,469393,0.0,4.1
2021-08-23 23:19:45.962505,571403,320.0,6.1
2021-08-23 23:19:45.962505,469330,0.0,0.0
2021-08-23 23:19:45.962505,469393,0.0,4.1
2021-08-23 23:19:46.119111,571403,253.3,6.1
2021-08-23 23:19:46.119111,469330,0.0,0.0
2021-08-23 23:19:46.119111,469393,0.0,4.1
2021-08-23 23:19:46.274871,571403,206.7,6.1
2021-08-23 23:19:46.274871,469330,0.0,0.0
2021-08-23 23:19:46.274871,469393,0.0,4.1
2021-08-23 23:19:46.431005,571403,20.0,6.1
2021-08-23 23:19:46.431005,469330,0.0,0.0
2021-08-23 23:19:46.431005,469393,0.0,4.1
2021-08-23 23:19:46.588129,571403,20.0,6.1
2021-08-23 23:19:46.588129,469330,0.0,0.0
2021-08-23 23:19:46.588129,469393,0.0,4.1
2021-08-23 23:19:46.745673,571403,6.7,6.1
2021-08-23 23:19:46.745673,469330,0.0,0.0
2021-08-23 23:19:46.745673,469393,0.0,4.1
2021-08-23 23:19:46.903202,469330,0.0,0.0
2021-08-23 23:19:46.903202,469393,0.0,4.1
2021-08-23 23:19:46.903202,571403,0.0,6.1
2021-08-23 23:19:47.060521,469330,0.0,0.0
2021-08-23 23:19:47.060521,469393,0.0,4.1
2021-08-23 23:19:47.060521,571403,0.0,6.1
2021-08-23 23:19:47.217725,469330,0.0,0.0
2021-08-23 23:19:47.217725,469393,0.0,4.1
2021-08-23 23:19:47.217725,571403,0.0,6.1
2021-08-23 23:19:47.374873,469330,0.0,0.0
2021-08-23 23:19:47.374873,469393,0.0,4.1
2021-08-23 23:19:47.374873,571403,0.0,6.1
2021-08-23 23:19:47.532151,469330,0.0,0.0
2021-08-23 23:19:47.532151,469393,0.0,4.1
2021-08-23 23:19:47.532151,571403,0.0,6.1
2021-08-23 23:19:47.689743,469330,0.0,0.0
2021-08-23 23:19:47.689743,469393,0.0,4.1
2021-08-23 23:19:47.689743,571403,0.0,6.1
2021-08-23 23:19:47.846992,571403,6.7,6.1
2021-08-23 23:19:47.846992,469330,0.0,0.0
2021-08-23 23:19:47.846992,469393,0.0,4.1
2021-08-23 23:19:48.004393,469330,0.0,0.0
2021-08-23 23:19:48.004393,469393,0.0,4.1
2021-08-23 23:19:48.004393,571403,0.0,6.1
2021-08-23 23:19:48.161623,469330,0.0,0.0
2021-08-23 23:19:48.161623,469393,0.0,4.1
2021-08-23 23:19:48.161623,571403,0.0,6.1
2021-08-23 23:19:48.318809,469330,0.0,0.0
2021-08-23 23:19:48.318809,469393,0.0,4.1
2021-08-23 23:19:48.318809,571403,0.0,6.1
2021-08-23 23:19:48.475995,469330,0.0,0.0
2021-08-23 23:19:48.475995,469393,0.0,4.1
2021-08-23 23:19:48.475995,571403,0.0,6.1
2021-08-23 23:19:48.633420,469330,0.0,0.0
2021-08-23 23:19:48.633420,469393,0.0,4.1
2021-08-23 23:19:48.633420,571403,0.0,6.1
2021-08-23 23:19:48.790829,571403,20.0,6.1
2021-08-23 23:19:48.790829,469330,0.0,0.0
2021-08-23 23:19:48.790829,469393,0.0,4.1
2021-08-23 23:19:48.947215,469330,0.0,0.0
2021-08-23 23:19:48.947215,469393,0.0,4.1
2021-08-23 23:19:48.947215,571403,0.0,6.1
2021-08-23 23:19:49.104555,469330,0.0,0.0
2021-08-23 23:19:49.104555,469393,0.0,4.1
2021-08-23 23:19:49.104555,571403,0.0,6.1
2021-08-23 23:19:49.262176,469330,0.0,0.0
2021-08-23 23:19:49.262176,469393,0.0,4.1
2021-08-23 23:19:49.262176,571403,0.0,6.1
2021-08-23 23:19:49.419345,469330,0.0,0.0
2021-08-23 23:19:49.419345,469393,0.0,4.1
2021-08-23 23:19:49.419345,571403,0.0,6.1
2021-08-23 23:19:49.576525,469330,0.0,0.0
2021-08-23 23:19:49.576525,469393,0.0,4.1
2021-08-23 23:19:49.576525,571403,0.0,6.1
2021-08-23 23:19:49.733906,469330,0.0,0.0
2021-08-23 23:19:49.733906,469393,0.0,4.1
2021-08-23 23:19:49.733906,571403,0.0,6.1
2021-08-23 23:19:49.890813,469330,0.0,0.0
2021-08-23 23:19:49.890813,469393,0.0,4.1
2021-08-23 23:19:49.890813,571403,0.0,6.1
2021-08-23 23:19:50.048098,469330,0.0,0.0
2021-08-23 23:19:50.048098,469393,0.0,4.1
2021-08-23 23:19:50.048098,571403,0.0,6.1
2021-08-23 23:19:50.205288,469330,0.0,0.0
2021-08-23 23:19:50.205288,469393,0.0,4.1
2021-08-23 23:19:50.205288,571403,0.0,6.1
2021-08-23 23:19:50.362570,469330,0.0,0.0
2021-08-23 23:19:50.362570,469393,0.0,4.1
2021-08-23 23:19:50.362570,571403,0.0,6.1
2021-08-23 23:19:50.519766,469330,0.0,0.0
2021-08-23 23:19:50.519766,469393,0.0,4.1
2021-08-23 23:19:50.519766,571403,0.0,6.1
2021-08-23 23:19:50.677102,469330,0.0,0.0
2021-08-23 23:19:50.677102,469393,0.0,4.1
2021-08-23 23:19:50.677102,571403,0.0,6.1
2021-08-23 23:19:50.834426,571403,6.7,6.1
2021-08-23 23:19:50.834426,469330,0.0,0.0
2021-08-23 23:19:50.834426,469393,0.0,4.1
2021-08-23 23:19:50.991848,469330,0.0,0.0
2021-08-23 23:19:50.991848,469393,0.0,4.1
2021-08-23 23:19:50.991848,571403,0.0,6.1
2021-08-23 23:19:51.149298,469330,0.0,0.0
2021-08-23 23:19:51.149298,469393,0.0,4.1
2021-08-23 23:19:51.149298,571403,0.0,6.1
2021-08-23 23:19:51.306559,469330,0.0,0.0
2021-08-23 23:19:51.306559,469393,0.0,4.1
2021-08-23 23:19:51.306559,571403,0.0,6.1
2021-08-23 23:19:51.463771,469330,0.0,0.0
2021-08-23 23:19:51.463771,469393,0.0,4.1
2021-08-23 23:19:51.463771,571403,0.0,6.1
2021-08-23 23:19:51.620982,469330,0.0,0.0
2021-08-23 23:19:51.620982,469393,0.0,4.1
2021-08-23 23:19:51.620982,571403,0.0,6.1
2021-08-23 23:19:51.778115,469330,0.0,0.0
2021-08-23 23:19:51.778115,469393,0.0,4.1
2021-08-23 23:19:51.778115,571403,0.0,6.1
2021-08-23 23:19:51.935791,469330,0.0,0.0
2021-08-23 23:19:51.935791,469393,0.0,4.1
2021-08-23 23:19:51.935791,571403,0.0,6.1
2021-08-23 23:19:52.093036,469330,0.0,0.0
2021-08-23 23:19:52.093036,469393,0.0,4.1
2021-08-23 23:19:52.093036,571403,0.0,6.1
2021-08-23 23:19:52.250384,469330,0.0,0.0
2021-08-23 23:19:52.250384,469393,0.0,4.1
2021-08-23 23:19:52.250384,571403,0.0,6.1
2021-08-23 23:19:52.407625,469330,0.0,0.0
2021-08-23 23:19:52.407625,469393,0.0,4.1
2021-08-23 23:19:52.407625,571403,0.0,6.1
2021-08-23 23:19:52.564869,469330,0.0,0.0
2021-08-23 23:19:52.564869,469393,0.0,4.1
2021-08-23 23:19:52.564869,571403,0.0,6.1
2021-08-23 23:19:52.722443,571403,6.7,6.1
2021-08-23 23:19:52.722443,469330,0.0,0.0
2021-08-23 23:19:52.722443,469393,0.0,4.1
2021-08-23 23:19:52.879579,469330,0.0,0.0
2021-08-23 23:19:52.879579,469393,0.0,4.1
2021-08-23 23:19:52.879579,571403,0.0,6.1
2021-08-23 23:19:53.036661,469330,0.0,0.0
2021-08-23 23:19:53.036661,469393,0.0,4.1
2021-08-23 23:19:53.036661,571403,0.0,6.1
2021-08-23 23:19:53.194056,469330,0.0,0.0
2021-08-23 23:19:53.194056,469393,0.0,4.1
2021-08-23 23:19:53.194056,571403,0.0,6.1
2021-08-23 23:19:53.351282,571403,13.3,6.1
2021-08-23 23:19:53.351282,469330,0.0,0.0
2021-08-23 23:19:53.351282,469393,0.0,4.1
2021-08-23 23:19:53.508199,469330,0.0,0.0
2021-08-23 23:19:53.508199,469393,0.0,4.1
2021-08-23 23:19:53.508199,571403,0.0,6.1
2021-08-23 23:19:53.665470,469330,0.0,0.0
2021-08-23 23:19:53.665470,469393,0.0,4.1
2021-08-23 23:19:53.665470,571403,0.0,6.1
2021-08-23 23:19:53.823048,571403,146.7,6.2
2021-08-23 23:19:53.823048,469330,0.0,0.0
2021-08-23 23:19:53.823048,469393,0.0,4.1
2021-08-23 23:19:53.978781,571403,193.3,6.2
2021-08-23 23:19:53.978781,469330,0.0,0.0
2021-08-23 23:19:53.978781,469393,0.0,4.1
2021-08-23 23:19:54.136325,469330,0.0,0.0
2021-08-23 23:19:54.136325,469393,0.0,4.1
2021-08-23 23:19:54.136325,571403,0.0,6.2
2021-08-23 23:19:54.293690,469330,0.0,0.0
2021-08-23 23:19:54.293690,469393,0.0,4.1
2021-08-23 23:19:54.293690,571403,0.0,6.2
2021-08-23 23:19:54.450932,469330,0.0,0.0
2021-08-23 23:19:54.450932,469393,0.0,4.1
2021-08-23 23:19:54.450932,571403,0.0,6.2
2021-08-23 23:19:54.608360,469330,0.0,0.0
2021-08-23 23:19:54.608360,469393,0.0,4.1
2021-08-23 23:19:54.608360,571403,0.0,6.2
2021-08-23 23:19:54.765475,571403,6.7,6.2
2021-08-23 23:19:54.765475,469330,0.0,0.0
2021-08-23 23:19:54.765475,469393,0.0,4.1
2021-08-23 23:19:54.922677,469330,0.0,0.0
2021-08-23 23:19:54.922677,469393,0.0,4.1
2021-08-23 23:19:54.922677,571403,0.0,6.2
2021-08-23 23:19:55.080340,469330,0.0,0.0
2021-08-23 23:19:55.080340,469393,0.0,4.1
2021-08-23 23:19:55.080340,571403,0.0,6.2
2021-08-23 23:19:55.237633,469330,0.0,0.0
2021-08-23 23:19:55.237633,469393,0.0,4.1
2021-08-23 23:19:55.237633,571403,0.0,6.2
2021-08-23 23:19:55.394873,469330,0.0,0.0
2021-08-23 23:19:55.394873,469393,0.0,4.1
2021-08-23 23:19:55.394873,571403,0.0,6.2
2021-08-23 23:19:55.552070,469330,0.0,0.0
2021-08-23 23:19:55.552070,469393,0.0,4.1
2021-08-23 23:19:55.552070,571403,0.0,6.2
2021-08-23 23:19:55.709295,469330,0.0,0.0
2021-08-23 23:19:55.709295,469393,0.0,4.1
2021-08-23 23:19:55.709295,571403,0.0,6.2
2021-08-23 23:19:55.866707,571403,6.7,6.2
2021-08-23 23:19:55.866707,469330,0.0,0.0
2021-08-23 23:19:55.866707,469393,0.0,4.1
2021-08-23 23:19:56.023923,571403,93.3,6.2
2021-08-23 23:19:56.023923,469330,0.0,0.0
2021-08-23 23:19:56.023923,469393,0.0,4.1
2021-08-23 23:19:56.181303,469330,0.0,0.0
2021-08-23 23:19:56.181303,469393,0.0,4.1
2021-08-23 23:19:56.181303,571403,0.0,6.2
2021-08-23 23:19:56.338997,469330,0.0,0.0
2021-08-23 23:19:56.338997,469393,0.0,4.1
2021-08-23 23:19:56.338997,571403,0.0,6.2
2021-08-23 23:19:56.496181,469330,0.0,0.0
2021-08-23 23:19:56.496181,469393,0.0,4.1
2021-08-23 23:19:56.496181,571403,0.0,6.2
2021-08-23 23:19:56.653679,571403,13.3,6.2
2021-08-23 23:19:56.653679,469330,0.0,0.0
2021-08-23 23:19:56.653679,469393,0.0,4.1
2021-08-23 23:19:56.811371,571403,6.7,6.2
2021-08-23 23:19:56.811371,469330,0.0,0.0
2021-08-23 23:19:56.811371,469393,0.0,4.1
2021-08-23 23:19:56.968952,469330,0.0,0.0
2021-08-23 23:19:56.968952,469393,0.0,4.1
2021-08-23 23:19:56.968952,571403,0.0,6.2
2021-08-23 23:19:57.126307,469330,0.0,0.0
2021-08-23 23:19:57.126307,469393,0.0,4.1
2021-08-23 23:19:57.126307,571403,0.0,6.2
2021-08-23 23:19:57.283529,469330,0.0,0.0
2021-08-23 23:19:57.283529,469393,0.0,4.1
2021-08-23 23:19:57.283529,571403,0.0,6.2
2021-08-23 23:19:57.440603,469330,0.0,0.0
2021-08-23 23:19:57.440603,469393,0.0,4.1
2021-08-23 23:19:57.440603,571403,0.0,6.2
2021-08-23 23:19:57.598129,571403,6.7,6.2
2021-08-23 23:19:57.598129,469330,0.0,0.0
2021-08-23 23:19:57.598129,469393,0.0,4.1
2021-08-23 23:19:57.755780,571403,6.7,6.2
2021-08-23 23:19:57.755780,469330,0.0,0.0
2021-08-23 23:19:57.755780,469393,0.0,4.1
2021-08-23 23:19:57.913133,469393,6.7,4.1
2021-08-23 23:19:57.913133,469330,0.0,0.0
2021-08-23 23:19:57.913133,571403,0.0,6.2
2021-08-23 23:19:58.070201,469330,0.0,0.0
2021-08-23 23:19:58.070201,469393,0.0,4.1
2021-08-23 23:19:58.070201,571403,0.0,6.2
2021-08-23 23:19:58.227598,571403,6.7,6.2
2021-08-23 23:19:58.227598,469330,0.0,0.0
2021-08-23 23:19:58.227598,469393,0.0,4.1
2021-08-23 23:19:58.385328,469330,0.0,0.0
2021-08-23 23:19:58.385328,469393,0.0,4.1
2021-08-23 23:19:58.385328,571403,0.0,6.2
2021-08-23 23:19:58.542819,469330,0.0,0.0
2021-08-23 23:19:58.542819,469393,0.0,4.1
2021-08-23 23:19:58.542819,571403,0.0,6.2
2021-08-23 23:19:58.700077,469330,0.0,0.0
2021-08-23 23:19:58.700077,469393,0.0,4.1
2021-08-23 23:19:58.700077,571403,0.0,6.2
2021-08-23 23:19:58.857407,469330,0.0,0.0
2021-08-23 23:19:58.857407,469393,0.0,4.1
2021-08-23 23:19:58.857407,571403,0.0,6.2
2021-08-23 23:19:59.014956,469330,0.0,0.0
2021-08-23 23:19:59.014956,469393,0.0,4.1
2021-08-23 23:19:59.014956,571403,0.0,6.2
2021-08-23 23:19:59.172334,469330,0.0,0.0
2021-08-23 23:19:59.172334,469393,0.0,4.1
2021-08-23 23:19:59.172334,571403,0.0,6.2
2021-08-23 23:19:59.329572,469330,0.0,0.0
2021-08-23 23:19:59.329572,469393,0.0,4.1
2021-08-23 23:19:59.329572,571403,0.0,6.2
2021-08-23 23:19:59.486962,469330,0.0,0.0
2021-08-23 23:19:59.486962,469393,0.0,4.1
2021-08-23 23:19:59.486962,571403,0.0,6.2
2021-08-23 23:19:59.644282,469330,0.0,0.0
2021-08-23 23:19:59.644282,469393,0.0,4.1
2021-08-23 23:19:59.644282,571403,0.0,6.2
2021-08-23 23:19:59.801629,571403,6.7,6.2
2021-08-23 23:19:59.801629,469330,0.0,0.0
2021-08-23 23:19:59.801629,469393,0.0,4.1
2021-08-23 23:19:59.959004,469330,0.0,0.0
2021-08-23 23:19:59.959004,469393,0.0,4.1
2021-08-23 23:19:59.959004,571403,0.0,6.2
2021-08-23 23:20:00.116252,469330,0.0,0.0
2021-08-23 23:20:00.116252,469393,0.0,4.1
2021-08-23 23:20:00.116252,571403,0.0,6.2
2021-08-23 23:20:00.273369,469330,0.0,0.0
2021-08-23 23:20:00.273369,469393,0.0,4.1
2021-08-23 23:20:00.273369,571403,0.0,6.2
2021-08-23 23:20:00.430742,469330,0.0,0.0
2021-08-23 23:20:00.430742,469393,0.0,4.1
2021-08-23 23:20:00.430742,571403,0.0,6.2
2021-08-23 23:20:00.588001,469330,0.0,0.0
2021-08-23 23:20:00.588001,469393,0.0,4.1
2021-08-23 23:20:00.588001,571403,0.0,6.2
2021-08-23 23:20:00.745105,571403,6.7,6.2
2021-08-23 23:20:00.745105,469330,0.0,0.0
2021-08-23 23:20:00.745105,469393,0.0,4.1
2021-08-23 23:20:00.902515,469330,0.0,0.0
2021-08-23 23:20:00.902515,469393,0.0,4.1
2021-08-23 23:20:00.902515,571403,0.0,6.2
2021-08-23 23:20:01.059874,469330,0.0,0.0
2021-08-23 23:20:01.059874,469393,0.0,4.1
2021-08-23 23:20:01.059874,571403,0.0,6.2
2021-08-23 23:20:01.217192,469330,0.0,0.0
2021-08-23 23:20:01.217192,469393,0.0,4.1
2021-08-23 23:20:01.217192,571403,0.0,6.2
2021-08-23 23:20:01.374598,469330,0.0,0.0
2021-08-23 23:20:01.374598,469393,0.0,4.1
2021-08-23 23:20:01.374598,571403,0.0,6.2
2021-08-23 23:20:01.531670,469330,0.0,0.0
2021-08-23 23:20:01.531670,469393,0.0,4.1
2021-08-23 23:20:01.531670,571403,0.0,6.2
2021-08-23 23:20:01.688396,469330,0.0,0.0
2021-08-23 23:20:01.688396,469393,0.0,4.1
2021-08-23 23:20:01.688396,571403,0.0,6.2
2021-08-23 23:20:01.845718,571403,6.7,6.2
2021-08-23 23:20:01.845718,469330,0.0,0.0
2021-08-23 23:20:01.845718,469393,0.0,4.1
2021-08-23 23:20:02.003149,469330,0.0,0.0
2021-08-23 23:20:02.003149,469393,0.0,4.1
2021-08-23 23:20:02.003149,571403,0.0,6.2
2021-08-23 23:20:02.160792,469330,0.0,0.0
2021-08-23 23:20:02.160792,469393,0.0,4.1
2021-08-23 23:20:02.160792,571403,0.0,6.2
2021-08-23 23:20:02.318297,469330,0.0,0.0
2021-08-23 23:20:02.318297,469393,0.0,4.1
2021-08-23 23:20:02.318297,571403,0.0,6.2
2021-08-23 23:20:02.475861,469330,0.0,0.0
2021-08-23 23:20:02.475861,469393,0.0,4.1
2021-08-23 23:20:02.475861,571403,0.0,6.2
2021-08-23 23:20:02.633243,469330,0.0,0.0
2021-08-23 23:20:02.633243,469393,0.0,4.1
2021-08-23 23:20:02.633243,571403,0.0,6.2
2021-08-23 23:20:02.790630,469330,0.0,0.0
2021-08-23 23:20:02.790630,469393,0.0,4.1
2021-08-23 23:20:02.790630,571403,0.0,6.2
2021-08-23 23:20:02.948114,469330,0.0,0.0
2021-08-23 23:20:02.948114,469393,0.0,4.1
2021-08-23 23:20:02.948114,571403,0.0,6.2
2021-08-23 23:20:03.105108,469330,0.0,0.0
2021-08-23 23:20:03.105108,469393,0.0,4.1
2021-08-23 23:20:03.105108,571403,0.0,6.2
2021-08-23 23:20:03.262582,571403,6.7,6.2
2021-08-23 23:20:03.262582,469330,0.0,0.0
2021-08-23 23:20:03.262582,469393,0.0,4.1
2021-08-23 23:20:03.420211,571403,12.5,6.2
2021-08-23 23:20:03.420211,469330,0.0,0.0
2021-08-23 23:20:03.420211,469393,0.0,4.1
2021-08-23 23:20:03.577702,469330,0.0,0.0
2021-08-23 23:20:03.577702,469393,0.0,4.1
2021-08-23 23:20:03.577702,571403,0.0,6.2
2021-08-23 23:20:03.735232,571403,6.7,6.2
2021-08-23 23:20:03.735232,469330,0.0,0.0
2021-08-23 23:20:03.735232,469393,0.0,4.1
2021-08-23 23:20:03.892851,469330,0.0,0.0
2021-08-23 23:20:03.892851,469393,0.0,4.1
2021-08-23 23:20:03.892851,571403,0.0,6.2
2021-08-23 23:20:04.050322,469330,0.0,0.0
2021-08-23 23:20:04.050322,469393,0.0,4.1
2021-08-23 23:20:04.050322,571403,0.0,6.2
2021-08-23 23:20:04.207609,469330,0.0,0.0
2021-08-23 23:20:04.207609,469393,0.0,4.1
2021-08-23 23:20:04.207609,571403,0.0,6.2
2021-08-23 23:20:04.364971,469330,0.0,0.0
2021-08-23 23:20:04.364971,469393,0.0,4.1
2021-08-23 23:20:04.364971,571403,0.0,6.2
2021-08-23 23:20:04.522170,469330,0.0,0.0
2021-08-23 23:20:04.522170,469393,0.0,4.1
2021-08-23 23:20:04.522170,571403,0.0,6.2
2021-08-23 23:20:04.679351,469330,0.0,0.0
2021-08-23 23:20:04.679351,469393,0.0,4.1
2021-08-23 23:20:04.679351,571403,0.0,6.2
2021-08-23 23:20:04.836670,469330,0.0,0.0
2021-08-23 23:20:04.836670,469393,0.0,4.1
2021-08-23 23:20:04.836670,571403,0.0,6.2
2021-08-23 23:20:04.994189,469330,0.0,0.0
2021-08-23 23:20:04.994189,469393,0.0,4.1
2021-08-23 23:20:04.994189,571403,0.0,6.2
2021-08-23 23:20:05.151510,469330,0.0,0.0
2021-08-23 23:20:05.151510,469393,0.0,4.1
2021-08-23 23:20:05.151510,571403,0.0,6.2
2021-08-23 23:20:05.308788,469330,0.0,0.0
2021-08-23 23:20:05.308788,469393,0.0,4.1
2021-08-23 23:20:05.308788,571403,0.0,6.2
2021-08-23 23:20:05.466009,469330,0.0,0.0
2021-08-23 23:20:05.466009,469393,0.0,4.1
2021-08-23 23:20:05.466009,571403,0.0,6.2
2021-08-23 23:20:05.623229,469330,0.0,0.0
2021-08-23 23:20:05.623229,469393,0.0,4.1
2021-08-23 23:20:05.623229,571403,0.0,6.2
2021-08-23 23:20:05.780645,571403,6.7,6.2
2021-08-23 23:20:05.780645,469330,0.0,0.0
2021-08-23 23:20:05.780645,469393,0.0,4.1
2021-08-23 23:20:05.938007,469330,0.0,0.0
2021-08-23 23:20:05.938007,469393,0.0,4.1
2021-08-23 23:20:05.938007,571403,0.0,6.2
2021-08-23 23:20:06.095149,469330,0.0,0.0
2021-08-23 23:20:06.095149,469393,0.0,4.1
2021-08-23 23:20:06.095149,571403,0.0,6.2
2021-08-23 23:20:06.252548,469330,0.0,0.0
2021-08-23 23:20:06.252548,469393,0.0,4.1
2021-08-23 23:20:06.252548,571403,0.0,6.2
2021-08-23 23:20:06.409726,469330,0.0,0.0
2021-08-23 23:20:06.409726,469393,0.0,4.1
2021-08-23 23:20:06.409726,571403,0.0,6.2
2021-08-23 23:20:06.567250,469330,0.0,0.0
2021-08-23 23:20:06.567250,469393,0.0,4.1
2021-08-23 23:20:06.567250,571403,0.0,6.2
2021-08-23 23:20:06.724734,469330,0.0,0.0
2021-08-23 23:20:06.724734,469393,0.0,4.1
2021-08-23 23:20:06.724734,571403,0.0,6.2
2021-08-23 23:20:06.882147,469330,0.0,0.0
2021-08-23 23:20:06.882147,469393,0.0,4.1
2021-08-23 23:20:06.882147,571403,0.0,6.2
2021-08-23 23:20:07.039429,469330,0.0,0.0
2021-08-23 23:20:07.039429,469393,0.0,4.1
2021-08-23 23:20:07.039429,571403,0.0,6.2
2021-08-23 23:20:07.196804,469330,0.0,0.0
2021-08-23 23:20:07.196804,469393,0.0,4.1
2021-08-23 23:20:07.196804,571403,0.0,6.2
2021-08-23 23:20:07.354209,469330,0.0,0.0
2021-08-23 23:20:07.354209,469393,0.0,4.1
2021-08-23 23:20:07.354209,571403,0.0,6.2
2021-08-23 23:20:07.511554,571403,6.7,6.2
2021-08-23 23:20:07.511554,469330,0.0,0.0
2021-08-23 23:20:07.511554,469393,0.0,4.1
2021-08-23 23:20:07.668954,469330,0.0,0.0
2021-08-23 23:20:07.668954,469393,0.0,4.1
2021-08-23 23:20:07.668954,571403,0.0,6.2
2021-08-23 23:20:07.826259,469330,0.0,0.0
2021-08-23 23:20:07.826259,469393,0.0,4.1
2021-08-23 23:20:07.826259,571403,0.0,6.2
2021-08-23 23:20:07.983728,469330,0.0,0.0
2021-08-23 23:20:07.983728,469393,0.0,4.1
2021-08-23 23:20:07.983728,571403,0.0,6.2
2021-08-23 23:20:08.141203,571403,6.7,6.2
2021-08-23 23:20:08.141203,469330,0.0,0.0
2021-08-23 23:20:08.141203,469393,0.0,4.1
2021-08-23 23:20:08.298808,571403,20.0,6.2
2021-08-23 23:20:08.298808,469330,0.0,0.0
2021-08-23 23:20:08.298808,469393,0.0,4.1
2021-08-23 23:20:08.456331,469330,0.0,0.0
2021-08-23 23:20:08.456331,469393,0.0,4.1
2021-08-23 23:20:08.456331,571403,0.0,6.2
2021-08-23 23:20:08.613712,469330,0.0,0.0
2021-08-23 23:20:08.613712,469393,0.0,4.1
2021-08-23 23:20:08.613712,571403,0.0,6.2
2021-08-23 23:20:08.771001,571403,6.7,6.2
2021-08-23 23:20:08.771001,469330,0.0,0.0
2021-08-23 23:20:08.771001,469393,0.0,4.1
2021-08-23 23:20:08.928426,469330,0.0,0.0
2021-08-23 23:20:08.928426,469393,0.0,4.1
2021-08-23 23:20:08.928426,571403,0.0,6.2
2021-08-23 23:20:09.085703,469330,0.0,0.0
2021-08-23 23:20:09.085703,469393,0.0,4.1
2021-08-23 23:20:09.085703,571403,0.0,6.2
2021-08-23 23:20:09.242983,469330,0.0,0.0
2021-08-23 23:20:09.242983,469393,0.0,4.1
2021-08-23 23:20:09.242983,571403,0.0,6.2
2021-08-23 23:20:09.400268,469330,0.0,0.0
2021-08-23 23:20:09.400268,469393,0.0,4.1
2021-08-23 23:20:09.400268,571403,0.0,6.2
2021-08-23 23:20:09.557472,469330,0.0,0.0
2021-08-23 23:20:09.557472,469393,0.0,4.1
2021-08-23 23:20:09.557472,571403,0.0,6.2
2021-08-23 23:20:09.714878,469330,0.0,0.0
2021-08-23 23:20:09.714878,469393,0.0,4.1
2021-08-23 23:20:09.714878,571403,0.0,6.2
2021-08-23 23:20:09.872749,469330,0.0,0.0
2021-08-23 23:20:09.872749,469393,0.0,4.1
2021-08-23 23:20:09.872749,571403,0.0,6.2
2021-08-23 23:20:10.030124,469330,0.0,0.0
2021-08-23 23:20:10.030124,469393,0.0,4.1
2021-08-23 23:20:10.030124,571403,0.0,6.2
2021-08-23 23:20:10.187342,469330,0.0,0.0
2021-08-23 23:20:10.187342,469393,0.0,4.1
2021-08-23 23:20:10.187342,571403,0.0,6.2
2021-08-23 23:20:10.344489,469330,0.0,0.0
2021-08-23 23:20:10.344489,469393,0.0,4.1
2021-08-23 23:20:10.344489,571403,0.0,6.2
2021-08-23 23:20:10.501667,469330,0.0,0.0
2021-08-23 23:20:10.501667,469393,0.0,4.1
2021-08-23 23:20:10.501667,571403,0.0,6.2
2021-08-23 23:20:10.658902,469330,0.0,0.0
2021-08-23 23:20:10.658902,469393,0.0,4.1
2021-08-23 23:20:10.658902,571403,0.0,6.2
2021-08-23 23:20:10.816259,469330,0.0,0.0
2021-08-23 23:20:10.816259,469393,0.0,4.1
2021-08-23 23:20:10.816259,571403,0.0,6.2
2021-08-23 23:20:10.973649,469330,0.0,0.0
2021-08-23 23:20:10.973649,469393,0.0,4.1
2021-08-23 23:20:10.973649,571403,0.0,6.2
2021-08-23 23:20:11.130913,469330,0.0,0.0
2021-08-23 23:20:11.130913,469393,0.0,4.1
2021-08-23 23:20:11.130913,571403,0.0,6.2
2021-08-23 23:20:11.288423,571403,6.7,6.2
2021-08-23 23:20:11.288423,469330,0.0,0.0
2021-08-23 23:20:11.288423,469393,0.0,4.1
2021-08-23 23:20:11.445695,469330,0.0,0.0
2021-08-23 23:20:11.445695,469393,0.0,4.1
2021-08-23 23:20:11.445695,571403,0.0,6.2
2021-08-23 23:20:11.603124,469330,0.0,0.0
2021-08-23 23:20:11.603124,469393,0.0,4.1
2021-08-23 23:20:11.603124,571403,0.0,6.2
2021-08-23 23:20:11.760582,469330,0.0,0.0
2021-08-23 23:20:11.760582,469393,0.0,4.1
2021-08-23 23:20:11.760582,571403,0.0,6.2
2021-08-23 23:20:11.918072,571403,6.7,6.2
2021-08-23 23:20:11.918072,469330,0.0,0.0
2021-08-23 23:20:11.918072,469393,0.0,4.1
2021-08-23 23:20:12.075639,469330,0.0,0.0
2021-08-23 23:20:12.075639,469393,0.0,4.1
2021-08-23 23:20:12.075639,571403,0.0,6.2
2021-08-23 23:20:12.232779,469330,0.0,0.0
2021-08-23 23:20:12.232779,469393,0.0,4.1
2021-08-23 23:20:12.232779,571403,0.0,6.2
2021-08-23 23:20:12.390063,469330,0.0,0.0
2021-08-23 23:20:12.390063,469393,0.0,4.1
2021-08-23 23:20:12.390063,571403,0.0,6.2
2021-08-23 23:20:12.547708,469330,0.0,0.0
2021-08-23 23:20:12.547708,469393,0.0,4.1
2021-08-23 23:20:12.547708,571403,0.0,6.2
2021-08-23 23:20:12.704083,469330,0.0,0.0
2021-08-23 23:20:12.704083,469393,0.0,4.1
2021-08-23 23:20:12.704083,571403,0.0,6.2
2021-08-23 23:20:12.861455,469330,0.0,0.0
2021-08-23 23:20:12.861455,469393,0.0,4.1
2021-08-23 23:20:12.861455,571403,0.0,6.2
2021-08-23 23:20:13.018809,469330,0.0,0.0
2021-08-23 23:20:13.018809,469393,0.0,4.1
2021-08-23 23:20:13.018809,571403,0.0,6.2
2021-08-23 23:20:13.176049,469330,0.0,0.0
2021-08-23 23:20:13.176049,469393,0.0,4.1
2021-08-23 23:20:13.176049,571403,0.0,6.2
2021-08-23 23:20:13.333319,571403,6.7,6.2
2021-08-23 23:20:13.333319,469330,0.0,0.0
2021-08-23 23:20:13.333319,469393,0.0,4.1
2021-08-23 23:20:13.490761,469330,0.0,0.0
2021-08-23 23:20:13.490761,469393,0.0,4.1
2021-08-23 23:20:13.490761,571403,0.0,6.2
2021-08-23 23:20:13.647930,469330,0.0,0.0
2021-08-23 23:20:13.647930,469393,0.0,4.1
2021-08-23 23:20:13.647930,571403,0.0,6.2
2021-08-23 23:20:13.805447,571403,6.7,6.2
2021-08-23 23:20:13.805447,469330,0.0,0.0
2021-08-23 23:20:13.805447,469393,0.0,4.1
2021-08-23 23:20:13.962929,469330,0.0,0.0
2021-08-23 23:20:13.962929,469393,0.0,4.1
2021-08-23 23:20:13.962929,571403,0.0,6.2
2021-08-23 23:20:14.120397,469330,0.0,0.0
2021-08-23 23:20:14.120397,469393,0.0,4.1
2021-08-23 23:20:14.120397,571403,0.0,6.2
2021-08-23 23:20:14.277764,469330,0.0,0.0
2021-08-23 23:20:14.277764,469393,0.0,4.1
2021-08-23 23:20:14.277764,571403,0.0,6.2
2021-08-23 23:20:14.434944,469330,0.0,0.0
2021-08-23 23:20:14.434944,469393,0.0,4.1
2021-08-23 23:20:14.434944,571403,0.0,6.2
2021-08-23 23:20:14.592060,469330,0.0,0.0
2021-08-23 23:20:14.592060,469393,0.0,4.1
2021-08-23 23:20:14.592060,571403,0.0,6.2
2021-08-23 23:20:14.749125,469330,0.0,0.0
2021-08-23 23:20:14.749125,469393,0.0,4.1
2021-08-23 23:20:14.749125,571403,0.0,6.2
2021-08-23 23:20:14.906529,469330,0.0,0.0
2021-08-23 23:20:14.906529,469393,0.0,4.1
2021-08-23 23:20:14.906529,571403,0.0,6.2
2021-08-23 23:20:15.063763,469330,0.0,0.0
2021-08-23 23:20:15.063763,469393,0.0,4.1
2021-08-23 23:20:15.063763,571403,0.0,6.2
2021-08-23 23:20:15.221015,469330,0.0,0.0
2021-08-23 23:20:15.221015,469393,0.0,4.1
2021-08-23 23:20:15.221015,571403,0.0,6.2
2021-08-23 23:20:15.378264,469330,0.0,0.0
2021-08-23 23:20:15.378264,469393,0.0,4.1
2021-08-23 23:20:15.378264,571403,0.0,6.2
2021-08-23 23:20:15.535459,469330,0.0,0.0
2021-08-23 23:20:15.535459,469393,0.0,4.1
2021-08-23 23:20:15.535459,571403,0.0,6.2
2021-08-23 23:20:15.692463,469330,0.0,0.0
2021-08-23 23:20:15.692463,469393,0.0,4.1
2021-08-23 23:20:15.692463,571403,0.0,6.2
2021-08-23 23:20:15.849520,571403,6.7,6.2
2021-08-23 23:20:15.849520,469330,0.0,0.0
2021-08-23 23:20:15.849520,469393,0.0,4.1
2021-08-23 23:20:16.006728,469330,0.0,0.0
2021-08-23 23:20:16.006728,469393,0.0,4.1
2021-08-23 23:20:16.006728,571403,0.0,6.2
2021-08-23 23:20:16.164000,469330,0.0,0.0
2021-08-23 23:20:16.164000,469393,0.0,4.1
2021-08-23 23:20:16.164000,571403,0.0,6.2
2021-08-23 23:20:16.321069,469330,0.0,0.0
2021-08-23 23:20:16.321069,469393,0.0,4.1
2021-08-23 23:20:16.321069,571403,0.0,6.2
2021-08-23 23:20:16.478434,469330,0.0,0.0
2021-08-23 23:20:16.478434,469393,0.0,4.1
2021-08-23 23:20:16.478434,571403,0.0,6.2
2021-08-23 23:20:16.635668,571403,13.3,6.2
2021-08-23 23:20:16.635668,469330,0.0,0.0
2021-08-23 23:20:16.635668,469393,0.0,4.1
2021-08-23 23:20:16.793161,571403,6.7,6.2
2021-08-23 23:20:16.793161,469330,0.0,0.0
2021-08-23 23:20:16.793161,469393,0.0,4.1
2021-08-23 23:20:16.950745,469330,0.0,0.0
2021-08-23 23:20:16.950745,469393,0.0,4.1
2021-08-23 23:20:16.950745,571403,0.0,6.2
2021-08-23 23:20:17.108016,469330,0.0,0.0
2021-08-23 23:20:17.108016,469393,0.0,4.1
2021-08-23 23:20:17.108016,571403,0.0,6.2
2021-08-23 23:20:17.265229,469330,0.0,0.0
2021-08-23 23:20:17.265229,469393,0.0,4.1
2021-08-23 23:20:17.265229,571403,0.0,6.2
2021-08-23 23:20:17.422583,469330,0.0,0.0
2021-08-23 23:20:17.422583,469393,0.0,4.1
2021-08-23 23:20:17.422583,571403,0.0,6.2
2021-08-23 23:20:17.580194,571403,6.2,6.2
2021-08-23 23:20:17.580194,469330,0.0,0.0
2021-08-23 23:20:17.580194,469393,0.0,4.1
2021-08-23 23:20:17.737692,571403,6.7,6.2
2021-08-23 23:20:17.737692,469330,0.0,0.0
2021-08-23 23:20:17.737692,469393,0.0,4.1
2021-08-23 23:20:17.895078,469330,0.0,0.0
2021-08-23 23:20:17.895078,469393,0.0,4.1
2021-08-23 23:20:17.895078,571403,0.0,6.2
2021-08-23 23:20:18.052372,469330,0.0,0.0
2021-08-23 23:20:18.052372,469393,0.0,4.1
2021-08-23 23:20:18.052372,571403,0.0,6.2
2021-08-23 23:20:18.209545,571403,6.7,6.2
2021-08-23 23:20:18.209545,469330,0.0,0.0
2021-08-23 23:20:18.209545,469393,0.0,4.1
2021-08-23 23:20:18.367140,469330,0.0,0.0
2021-08-23 23:20:18.367140,469393,0.0,4.1
2021-08-23 23:20:18.367140,571403,0.0,6.2
2021-08-23 23:20:18.524262,469330,0.0,0.0
2021-08-23 23:20:18.524262,469393,0.0,4.1
2021-08-23 23:20:18.524262,571403,0.0,6.2
2021-08-23 23:20:18.681489,469330,0.0,0.0
2021-08-23 23:20:18.681489,469393,0.0,4.1
2021-08-23 23:20:18.681489,571403,0.0,6.2
2021-08-23 23:20:18.839323,469330,0.0,0.0
2021-08-23 23:20:18.839323,469393,0.0,4.1
2021-08-23 23:20:18.839323,571403,0.0,6.2
2021-08-23 23:20:18.996811,469330,0.0,0.0
2021-08-23 23:20:18.996811,469393,0.0,4.1
2021-08-23 23:20:18.996811,571403,0.0,6.2
2021-08-23 23:20:19.154070,469330,0.0,0.0
2021-08-23 23:20:19.154070,469393,0.0,4.1
2021-08-23 23:20:19.154070,571403,0.0,6.2
2021-08-23 23:20:19.311319,469330,0.0,0.0
2021-08-23 23:20:19.311319,469393,0.0,4.1
2021-08-23 23:20:19.311319,571403,0.0,6.2
2021-08-23 23:20:19.468511,469330,0.0,0.0
2021-08-23 23:20:19.468511,469393,0.0,4.1
2021-08-23 23:20:19.468511,571403,0.0,6.2
2021-08-23 23:20:19.625743,469330,0.0,0.0
2021-08-23 23:20:19.625743,469393,0.0,4.1
2021-08-23 23:20:19.625743,571403,0.0,6.2
2021-08-23 23:20:19.783135,571403,6.7,6.2
2021-08-23 23:20:19.783135,469330,0.0,0.0
2021-08-23 23:20:19.783135,469393,0.0,4.1
2021-08-23 23:20:19.940033,469330,0.0,0.0
2021-08-23 23:20:19.940033,469393,0.0,4.1
2021-08-23 23:20:19.940033,571403,0.0,6.2
2021-08-23 23:20:20.097733,469330,0.0,0.0
2021-08-23 23:20:20.097733,469393,0.0,4.1
2021-08-23 23:20:20.097733,571403,0.0,6.2
2021-08-23 23:20:20.254932,469330,0.0,0.0
2021-08-23 23:20:20.254932,469393,0.0,4.1
2021-08-23 23:20:20.254932,571403,0.0,6.2
2021-08-23 23:20:20.412193,469330,0.0,0.0
2021-08-23 23:20:20.412193,469393,0.0,4.1
2021-08-23 23:20:20.412193,571403,0.0,6.2
2021-08-23 23:20:20.569405,469330,0.0,0.0
2021-08-23 23:20:20.569405,469393,0.0,4.1
2021-08-23 23:20:20.569405,571403,0.0,6.2
2021-08-23 23:20:20.726821,469330,0.0,0.0
2021-08-23 23:20:20.726821,469393,0.0,4.1
2021-08-23 23:20:20.726821,571403,0.0,6.2
2021-08-23 23:20:20.884169,469330,0.0,0.0
2021-08-23 23:20:20.884169,469393,0.0,4.1
2021-08-23 23:20:20.884169,571403,0.0,6.2
2021-08-23 23:20:21.041603,571403,13.3,6.2
2021-08-23 23:20:21.041603,469330,0.0,0.0
2021-08-23 23:20:21.041603,469393,0.0,4.1
2021-08-23 23:20:21.198341,469330,0.0,0.0
2021-08-23 23:20:21.198341,469393,0.0,4.1
2021-08-23 23:20:21.198341,571403,0.0,6.2
2021-08-23 23:20:21.355651,469330,0.0,0.0
2021-08-23 23:20:21.355651,469393,0.0,4.1
2021-08-23 23:20:21.355651,571403,0.0,6.2
2021-08-23 23:20:21.512904,469330,0.0,0.0
2021-08-23 23:20:21.512904,469393,0.0,4.1
2021-08-23 23:20:21.512904,571403,0.0,6.2
2021-08-23 23:20:21.670128,469330,0.0,0.0
2021-08-23 23:20:21.670128,469393,0.0,4.1
2021-08-23 23:20:21.670128,571403,0.0,6.2
2021-08-23 23:20:21.827448,469330,0.0,0.0
2021-08-23 23:20:21.827448,469393,0.0,4.1
2021-08-23 23:20:21.827448,571403,0.0,6.2
2021-08-23 23:20:21.984862,571403,6.7,6.2
2021-08-23 23:20:21.984862,469330,0.0,0.0
2021-08-23 23:20:21.984862,469393,0.0,4.1
2021-08-23 23:20:22.142060,469330,0.0,0.0
2021-08-23 23:20:22.142060,469393,0.0,4.1
2021-08-23 23:20:22.142060,571403,0.0,6.2
2021-08-23 23:20:22.299371,469330,0.0,0.0
2021-08-23 23:20:22.299371,469393,0.0,4.1
2021-08-23 23:20:22.299371,571403,0.0,6.2
2021-08-23 23:20:22.455513,469330,0.0,0.0
2021-08-23 23:20:22.455513,469393,0.0,4.1
2021-08-23 23:20:22.455513,571403,0.0,6.2
2021-08-23 23:20:22.612996,469330,0.0,0.0
2021-08-23 23:20:22.612996,469393,0.0,4.1
2021-08-23 23:20:22.612996,571403,0.0,6.2
2021-08-23 23:20:22.770466,469330,0.0,0.0
2021-08-23 23:20:22.770466,469393,0.0,4.1
2021-08-23 23:20:22.770466,571403,0.0,6.2
2021-08-23 23:20:22.927866,469330,0.0,0.0
2021-08-23 23:20:22.927866,469393,0.0,4.1
2021-08-23 23:20:22.927866,571403,0.0,6.2
2021-08-23 23:20:23.085104,469330,0.0,0.0
2021-08-23 23:20:23.085104,469393,0.0,4.1
2021-08-23 23:20:23.085104,571403,0.0,6.2
2021-08-23 23:20:23.242372,571403,6.7,6.2
2021-08-23 23:20:23.242372,469330,0.0,0.0
2021-08-23 23:20:23.242372,469393,0.0,4.1
2021-08-23 23:20:23.400093,469330,0.0,0.0
2021-08-23 23:20:23.400093,469393,0.0,4.1
2021-08-23 23:20:23.400093,571403,0.0,6.2
2021-08-23 23:20:23.557721,571403,6.7,6.2
2021-08-23 23:20:23.557721,469330,0.0,0.0
2021-08-23 23:20:23.557721,469393,0.0,4.1
2021-08-23 23:20:23.715096,469330,0.0,0.0
2021-08-23 23:20:23.715096,469393,0.0,4.1
2021-08-23 23:20:23.715096,571403,0.0,6.2
2021-08-23 23:20:23.872420,469330,0.0,0.0
2021-08-23 23:20:23.872420,469393,0.0,4.1
2021-08-23 23:20:23.872420,571403,0.0,6.2
2021-08-23 23:20:24.029439,469330,0.0,0.0
2021-08-23 23:20:24.029439,469393,0.0,4.1
2021-08-23 23:20:24.029439,571403,0.0,6.2
2021-08-23 23:20:24.186638,469330,0.0,0.0
2021-08-23 23:20:24.186638,469393,0.0,4.1
2021-08-23 23:20:24.186638,571403,0.0,6.2
2021-08-23 23:20:24.343836,469330,0.0,0.0
2021-08-23 23:20:24.343836,469393,0.0,4.1
2021-08-23 23:20:24.343836,571403,0.0,6.2
2021-08-23 23:20:24.501042,469330,0.0,0.0
2021-08-23 23:20:24.501042,469393,0.0,4.1
2021-08-23 23:20:24.501042,571403,0.0,6.2
2021-08-23 23:20:24.658235,469330,0.0,0.0
2021-08-23 23:20:24.658235,469393,0.0,4.1
2021-08-23 23:20:24.658235,571403,0.0,6.2
2021-08-23 23:20:24.815606,469330,0.0,0.0
2021-08-23 23:20:24.815606,469393,0.0,4.1
2021-08-23 23:20:24.815606,571403,0.0,6.2
2021-08-23 23:20:24.972906,469330,0.0,0.0
2021-08-23 23:20:24.972906,469393,0.0,4.1
2021-08-23 23:20:24.972906,571403,0.0,6.2
2021-08-23 23:20:25.130273,469330,0.0,0.0
2021-08-23 23:20:25.130273,469393,0.0,4.1
2021-08-23 23:20:25.130273,571403,0.0,6.2
2021-08-23 23:20:25.287483,469330,0.0,0.0
2021-08-23 23:20:25.287483,469393,0.0,4.1
2021-08-23 23:20:25.287483,571403,0.0,6.2
2021-08-23 23:20:25.444725,469330,0.0,0.0
2021-08-23 23:20:25.444725,469393,0.0,4.1
2021-08-23 23:20:25.444725,571403,0.0,6.2
2021-08-23 23:20:25.601935,469330,0.0,0.0
2021-08-23 23:20:25.601935,469393,0.0,4.1
2021-08-23 23:20:25.601935,571403,0.0,6.2
2021-08-23 23:20:25.759323,469330,0.0,0.0
2021-08-23 23:20:25.759323,469393,0.0,4.1
2021-08-23 23:20:25.759323,571403,0.0,6.2
2021-08-23 23:20:25.916602,469330,0.0,0.0
2021-08-23 23:20:25.916602,469393,0.0,4.1
2021-08-23 23:20:25.916602,571403,0.0,6.2
2021-08-23 23:20:26.073982,469330,0.0,0.0
2021-08-23 23:20:26.073982,469393,0.0,4.1
2021-08-23 23:20:26.073982,571403,0.0,6.2
2021-08-23 23:20:26.231267,469330,0.0,0.0
2021-08-23 23:20:26.231267,469393,0.0,4.1
2021-08-23 23:20:26.231267,571403,0.0,6.2
2021-08-23 23:20:26.388166,469330,0.0,0.0
2021-08-23 23:20:26.388166,469393,0.0,4.1
2021-08-23 23:20:26.388166,571403,0.0,6.2
2021-08-23 23:20:26.545466,469330,0.0,0.0
2021-08-23 23:20:26.545466,469393,0.0,4.1
2021-08-23 23:20:26.545466,571403,0.0,6.2
2021-08-23 23:20:26.702618,571403,6.7,6.2
2021-08-23 23:20:26.702618,469330,0.0,0.0
2021-08-23 23:20:26.702618,469393,0.0,4.1
2021-08-23 23:20:26.859664,469330,0.0,0.0
2021-08-23 23:20:26.859664,469393,0.0,4.1
2021-08-23 23:20:26.859664,571403,0.0,6.2
2021-08-23 23:20:27.016786,469330,0.0,0.0
2021-08-23 23:20:27.016786,469393,0.0,4.1
2021-08-23 23:20:27.016786,571403,0.0,6.2
2021-08-23 23:20:27.173823,469330,0.0,0.0
2021-08-23 23:20:27.173823,469393,0.0,4.1
2021-08-23 23:20:27.173823,571403,0.0,6.2
2021-08-23 23:20:27.331494,469330,0.0,0.0
2021-08-23 23:20:27.331494,469393,0.0,4.1
2021-08-23 23:20:27.331494,571403,0.0,6.2
2021-08-23 23:20:27.488747,469330,0.0,0.0
2021-08-23 23:20:27.488747,469393,0.0,4.1
2021-08-23 23:20:27.488747,571403,0.0,6.2
2021-08-23 23:20:27.646439,469330,0.0,0.0
2021-08-23 23:20:27.646439,469393,0.0,4.1
2021-08-23 23:20:27.646439,571403,0.0,6.2
2021-08-23 23:20:27.803887,469330,0.0,0.0
2021-08-23 23:20:27.803887,469393,0.0,4.1
2021-08-23 23:20:27.803887,571403,0.0,6.2
2021-08-23 23:20:27.961304,469330,0.0,0.0
2021-08-23 23:20:27.961304,469393,0.0,4.1
2021-08-23 23:20:27.961304,571403,0.0,6.2
2021-08-23 23:20:28.118638,571403,6.7,6.2
2021-08-23 23:20:28.118638,469330,0.0,0.0
2021-08-23 23:20:28.118638,469393,0.0,4.1
2021-08-23 23:20:28.276444,571403,6.7,6.3
2021-08-23 23:20:28.276444,469330,0.0,0.0
2021-08-23 23:20:28.276444,469393,0.0,4.1
2021-08-23 23:20:28.433932,469330,0.0,0.0
2021-08-23 23:20:28.433932,469393,0.0,4.1
2021-08-23 23:20:28.433932,571403,0.0,6.3
2021-08-23 23:20:28.591121,469330,0.0,0.0
2021-08-23 23:20:28.591121,469393,0.0,4.1
2021-08-23 23:20:28.591121,571403,0.0,6.3
2021-08-23 23:20:28.748548,469330,0.0,0.0
2021-08-23 23:20:28.748548,469393,0.0,4.1
2021-08-23 23:20:28.748548,571403,0.0,6.3
2021-08-23 23:20:28.905933,469330,0.0,0.0
2021-08-23 23:20:28.905933,469393,0.0,4.1
2021-08-23 23:20:28.905933,571403,0.0,6.3
2021-08-23 23:20:29.063381,469393,6.7,4.1
2021-08-23 23:20:29.063381,469330,0.0,0.0
2021-08-23 23:20:29.063381,571403,0.0,6.3
2021-08-23 23:20:29.220601,469330,0.0,0.0
2021-08-23 23:20:29.220601,469393,0.0,4.1
2021-08-23 23:20:29.220601,571403,0.0,6.3
2021-08-23 23:20:29.377917,469330,0.0,0.0
2021-08-23 23:20:29.377917,469393,0.0,4.1
2021-08-23 23:20:29.377917,571403,0.0,6.3
2021-08-23 23:20:29.535218,469330,0.0,0.0
2021-08-23 23:20:29.535218,469393,0.0,4.1
2021-08-23 23:20:29.535218,571403,0.0,6.3
2021-08-23 23:20:29.692646,469330,0.0,0.0
2021-08-23 23:20:29.692646,469393,0.0,4.1
2021-08-23 23:20:29.692646,571403,0.0,6.3
2021-08-23 23:20:29.849995,469330,0.0,0.0
2021-08-23 23:20:29.849995,469393,0.0,4.1
2021-08-23 23:20:29.849995,571403,0.0,6.3
2021-08-23 23:20:30.007359,469330,0.0,0.0
2021-08-23 23:20:30.007359,469393,0.0,4.1
2021-08-23 23:20:30.007359,571403,0.0,6.3
2021-08-23 23:20:30.164630,469330,0.0,0.0
2021-08-23 23:20:30.164630,469393,0.0,4.1
2021-08-23 23:20:30.164630,571403,0.0,6.3
2021-08-23 23:20:30.322066,469330,0.0,0.0
2021-08-23 23:20:30.322066,469393,0.0,4.1
2021-08-23 23:20:30.322066,571403,0.0,6.3
2021-08-23 23:20:30.479450,469330,0.0,0.0
2021-08-23 23:20:30.479450,469393,0.0,4.1
2021-08-23 23:20:30.479450,571403,0.0,6.3
2021-08-23 23:20:30.636681,469330,0.0,0.0
2021-08-23 23:20:30.636681,469393,0.0,4.1
2021-08-23 23:20:30.636681,571403,0.0,6.3
2021-08-23 23:20:30.794166,469330,0.0,0.0
2021-08-23 23:20:30.794166,469393,0.0,4.1
2021-08-23 23:20:30.794166,571403,0.0,6.3
2021-08-23 23:20:30.951474,469330,0.0,0.0
2021-08-23 23:20:30.951474,469393,0.0,4.1
2021-08-23 23:20:30.951474,571403,0.0,6.3
2021-08-23 23:20:31.108723,571403,13.3,6.3
2021-08-23 23:20:31.108723,469330,0.0,0.0
2021-08-23 23:20:31.108723,469393,0.0,4.1
2021-08-23 23:20:31.266267,469330,0.0,0.0
2021-08-23 23:20:31.266267,469393,0.0,4.1
2021-08-23 23:20:31.266267,571403,0.0,6.3
2021-08-23 23:20:31.423560,469330,0.0,0.0
2021-08-23 23:20:31.423560,469393,0.0,4.1
2021-08-23 23:20:31.423560,571403,0.0,6.3
2021-08-23 23:20:31.580790,469330,0.0,0.0
2021-08-23 23:20:31.580790,469393,0.0,4.1
2021-08-23 23:20:31.580790,571403,0.0,6.3
2021-08-23 23:20:31.738294,469330,0.0,0.0
2021-08-23 23:20:31.738294,469393,0.0,4.1
2021-08-23 23:20:31.738294,571403,0.0,6.3
2021-08-23 23:20:31.895728,571403,6.7,6.3
2021-08-23 23:20:31.895728,469330,0.0,0.0
2021-08-23 23:20:31.895728,469393,0.0,4.1
2021-08-23 23:20:32.053358,469330,0.0,0.0
2021-08-23 23:20:32.053358,469393,0.0,4.1
2021-08-23 23:20:32.053358,571403,0.0,6.3
2021-08-23 23:20:32.210160,469330,0.0,0.0
2021-08-23 23:20:32.210160,469393,0.0,4.1
2021-08-23 23:20:32.210160,571403,0.0,6.3
2021-08-23 23:20:32.367500,469330,0.0,0.0
2021-08-23 23:20:32.367500,469393,0.0,4.1
2021-08-23 23:20:32.367500,571403,0.0,6.3
2021-08-23 23:20:32.524914,469330,0.0,0.0
2021-08-23 23:20:32.524914,469393,0.0,4.1
2021-08-23 23:20:32.524914,571403,0.0,6.3
2021-08-23 23:20:32.682315,469330,0.0,0.0
2021-08-23 23:20:32.682315,469393,0.0,4.1
2021-08-23 23:20:32.682315,571403,0.0,6.3
2021-08-23 23:20:32.839787,469330,0.0,0.0
2021-08-23 23:20:32.839787,469393,0.0,4.1
2021-08-23 23:20:32.839787,571403,0.0,6.3
2021-08-23 23:20:32.997096,469330,0.0,0.0
2021-08-23 23:20:32.997096,469393,0.0,4.1
2021-08-23 23:20:32.997096,571403,0.0,6.3
2021-08-23 23:20:33.154302,469330,0.0,0.0
2021-08-23 23:20:33.154302,469393,0.0,4.1
2021-08-23 23:20:33.154302,571403,0.0,6.3
2021-08-23 23:20:33.311651,571403,13.3,6.3
2021-08-23 23:20:33.311651,469330,0.0,0.0
2021-08-23 23:20:33.311651,469393,0.0,4.1
2021-08-23 23:20:33.468764,469330,0.0,0.0
2021-08-23 23:20:33.468764,469393,0.0,4.1
2021-08-23 23:20:33.468764,571403,0.0,6.3
2021-08-23 23:20:33.625953,469330,0.0,0.0
2021-08-23 23:20:33.625953,469393,0.0,4.1
2021-08-23 23:20:33.625953,571403,0.0,6.3
2021-08-23 23:20:33.783504,469330,0.0,0.0
2021-08-23 23:20:33.783504,469393,0.0,4.1
2021-08-23 23:20:33.783504,571403,0.0,6.3
2021-08-23 23:20:33.940877,469330,0.0,0.0
2021-08-23 23:20:33.940877,469393,0.0,4.1
2021-08-23 23:20:33.940877,571403,0.0,6.3
2021-08-23 23:20:34.098301,469330,0.0,0.0
2021-08-23 23:20:34.098301,469393,0.0,4.1
2021-08-23 23:20:34.098301,571403,0.0,6.3
2021-08-23 23:20:34.255536,469330,0.0,0.0
2021-08-23 23:20:34.255536,469393,0.0,4.1
2021-08-23 23:20:34.255536,571403,0.0,6.3
2021-08-23 23:20:34.412675,469330,0.0,0.0
2021-08-23 23:20:34.412675,469393,0.0,4.1
2021-08-23 23:20:34.412675,571403,0.0,6.3
2021-08-23 23:20:34.570091,469330,0.0,0.0
2021-08-23 23:20:34.570091,469393,0.0,4.1
2021-08-23 23:20:34.570091,571403,0.0,6.3
2021-08-23 23:20:34.727419,469330,0.0,0.0
2021-08-23 23:20:34.727419,469393,0.0,4.1
2021-08-23 23:20:34.727419,571403,0.0,6.3
2021-08-23 23:20:34.884595,469330,0.0,0.0
2021-08-23 23:20:34.884595,469393,0.0,4.1
2021-08-23 23:20:34.884595,571403,0.0,6.3
2021-08-23 23:20:35.042005,469330,0.0,0.0
2021-08-23 23:20:35.042005,469393,0.0,4.1
2021-08-23 23:20:35.042005,571403,0.0,6.3
2021-08-23 23:20:35.199139,469330,0.0,0.0
2021-08-23 23:20:35.199139,469393,0.0,4.1
2021-08-23 23:20:35.199139,571403,0.0,6.3
2021-08-23 23:20:35.356216,469330,0.0,0.0
2021-08-23 23:20:35.356216,469393,0.0,4.1
2021-08-23 23:20:35.356216,571403,0.0,6.3
2021-08-23 23:20:35.513348,469330,0.0,0.0
2021-08-23 23:20:35.513348,469393,0.0,4.1
2021-08-23 23:20:35.513348,571403,0.0,6.3
2021-08-23 23:20:35.670399,469330,0.0,0.0
2021-08-23 23:20:35.670399,469393,0.0,4.1
2021-08-23 23:20:35.670399,571403,0.0,6.3
2021-08-23 23:20:35.827821,571403,6.7,6.3
2021-08-23 23:20:35.827821,469330,0.0,0.0
2021-08-23 23:20:35.827821,469393,0.0,4.1
2021-08-23 23:20:35.985210,469330,0.0,0.0
2021-08-23 23:20:35.985210,469393,0.0,4.1
2021-08-23 23:20:35.985210,571403,0.0,6.3
2021-08-23 23:20:36.142170,469330,0.0,0.0
2021-08-23 23:20:36.142170,469393,0.0,4.1
2021-08-23 23:20:36.142170,571403,0.0,6.3
2021-08-23 23:20:36.299398,469330,0.0,0.0
2021-08-23 23:20:36.299398,469393,0.0,4.1
2021-08-23 23:20:36.299398,571403,0.0,6.3
2021-08-23 23:20:36.456677,469330,0.0,0.0
2021-08-23 23:20:36.456677,469393,0.0,4.1
2021-08-23 23:20:36.456677,571403,0.0,6.3
2021-08-23 23:20:36.613929,571403,6.7,6.3
2021-08-23 23:20:36.613929,469330,0.0,0.0
2021-08-23 23:20:36.613929,469393,0.0,4.1
2021-08-23 23:20:36.771400,469330,0.0,0.0
2021-08-23 23:20:36.771400,469393,0.0,4.1
2021-08-23 23:20:36.771400,571403,0.0,6.3
2021-08-23 23:20:36.928790,469330,0.0,0.0
2021-08-23 23:20:36.928790,469393,0.0,4.1
2021-08-23 23:20:36.928790,571403,0.0,6.3
2021-08-23 23:20:37.086121,469330,0.0,0.0
2021-08-23 23:20:37.086121,469393,0.0,4.1
2021-08-23 23:20:37.086121,571403,0.0,6.3
2021-08-23 23:20:37.243721,469330,0.0,0.0
2021-08-23 23:20:37.243721,469393,0.0,4.1
2021-08-23 23:20:37.243721,571403,0.0,6.3
2021-08-23 23:20:37.400858,469330,0.0,0.0
2021-08-23 23:20:37.400858,469393,0.0,4.1
2021-08-23 23:20:37.400858,571403,0.0,6.3
2021-08-23 23:20:37.558050,571403,6.7,6.3
2021-08-23 23:20:37.558050,469330,0.0,0.0
2021-08-23 23:20:37.558050,469393,0.0,4.1
2021-08-23 23:20:37.715858,469330,0.0,0.0
2021-08-23 23:20:37.715858,469393,0.0,4.1
2021-08-23 23:20:37.715858,571403,0.0,6.3
2021-08-23 23:20:37.873371,469330,0.0,0.0
2021-08-23 23:20:37.873371,469393,0.0,4.1
2021-08-23 23:20:37.873371,571403,0.0,6.3
2021-08-23 23:20:38.030774,469330,0.0,0.0
2021-08-23 23:20:38.030774,469393,0.0,4.1
2021-08-23 23:20:38.030774,571403,0.0,6.3
2021-08-23 23:20:38.188154,571403,6.7,6.3
2021-08-23 23:20:38.188154,469330,0.0,0.0
2021-08-23 23:20:38.188154,469393,0.0,4.1
2021-08-23 23:20:38.345698,571403,6.7,6.3
2021-08-23 23:20:38.345698,469330,0.0,0.0
2021-08-23 23:20:38.345698,469393,0.0,4.1
2021-08-23 23:20:38.503275,469330,0.0,0.0
2021-08-23 23:20:38.503275,469393,0.0,4.1
2021-08-23 23:20:38.503275,571403,0.0,6.3
2021-08-23 23:20:38.661018,469330,0.0,0.0
2021-08-23 23:20:38.661018,469393,0.0,4.1
2021-08-23 23:20:38.661018,571403,0.0,6.3
2021-08-23 23:20:38.818382,469330,0.0,0.0
2021-08-23 23:20:38.818382,469393,0.0,4.1
2021-08-23 23:20:38.818382,571403,0.0,6.3
2021-08-23 23:20:38.975674,469330,0.0,0.0
2021-08-23 23:20:38.975674,469393,0.0,4.1
2021-08-23 23:20:38.975674,571403,0.0,6.3
2021-08-23 23:20:39.132994,469330,0.0,0.0
2021-08-23 23:20:39.132994,469393,0.0,4.1
2021-08-23 23:20:39.132994,571403,0.0,6.3
2021-08-23 23:20:39.290439,469330,0.0,0.0
2021-08-23 23:20:39.290439,469393,0.0,4.1
2021-08-23 23:20:39.290439,571403,0.0,6.3
2021-08-23 23:20:39.447669,469330,0.0,0.0
2021-08-23 23:20:39.447669,469393,0.0,4.1
2021-08-23 23:20:39.447669,571403,0.0,6.3
2021-08-23 23:20:39.604672,469330,0.0,0.0
2021-08-23 23:20:39.604672,469393,0.0,4.1
2021-08-23 23:20:39.604672,571403,0.0,6.3
2021-08-23 23:20:39.762199,571403,6.7,6.3
2021-08-23 23:20:39.762199,469330,0.0,0.0
2021-08-23 23:20:39.762199,469393,0.0,4.1
2021-08-23 23:20:39.919655,469330,0.0,0.0
2021-08-23 23:20:39.919655,469393,0.0,4.1
2021-08-23 23:20:39.919655,571403,0.0,6.3
2021-08-23 23:20:40.076857,469330,0.0,0.0
2021-08-23 23:20:40.076857,469393,0.0,4.1
2021-08-23 23:20:40.076857,571403,0.0,6.3
2021-08-23 23:20:40.234207,469330,0.0,0.0
2021-08-23 23:20:40.234207,469393,0.0,4.1
2021-08-23 23:20:40.234207,571403,0.0,6.3
2021-08-23 23:20:40.391436,469330,0.0,0.0
2021-08-23 23:20:40.391436,469393,0.0,4.1
2021-08-23 23:20:40.391436,571403,0.0,6.3
2021-08-23 23:20:40.548664,469330,0.0,0.0
2021-08-23 23:20:40.548664,469393,0.0,4.1
2021-08-23 23:20:40.548664,571403,0.0,6.3
2021-08-23 23:20:40.706027,469330,0.0,0.0
2021-08-23 23:20:40.706027,469393,0.0,4.1
2021-08-23 23:20:40.706027,571403,0.0,6.3
2021-08-23 23:20:40.863278,469330,0.0,0.0
2021-08-23 23:20:40.863278,469393,0.0,4.1
2021-08-23 23:20:40.863278,571403,0.0,6.3
2021-08-23 23:20:41.020853,469330,0.0,0.0
2021-08-23 23:20:41.020853,469393,0.0,4.1
2021-08-23 23:20:41.020853,571403,0.0,6.3
2021-08-23 23:20:41.178417,469330,0.0,0.0
2021-08-23 23:20:41.178417,469393,0.0,4.1
2021-08-23 23:20:41.178417,571403,0.0,6.3
2021-08-23 23:20:41.335697,469330,0.0,0.0
2021-08-23 23:20:41.335697,469393,0.0,4.1
2021-08-23 23:20:41.335697,571403,0.0,6.3
2021-08-23 23:20:41.492807,469330,0.0,0.0
2021-08-23 23:20:41.492807,469393,0.0,4.1
2021-08-23 23:20:41.492807,571403,0.0,6.3
2021-08-23 23:20:41.650170,469330,0.0,0.0
2021-08-23 23:20:41.650170,469393,0.0,4.1
2021-08-23 23:20:41.650170,571403,0.0,6.3
2021-08-23 23:20:41.807462,469330,0.0,0.0
2021-08-23 23:20:41.807462,469393,0.0,4.1
2021-08-23 23:20:41.807462,571403,0.0,6.3
2021-08-23 23:20:41.964896,571403,6.7,6.3
2021-08-23 23:20:41.964896,469330,0.0,0.0
2021-08-23 23:20:41.964896,469393,0.0,4.1
2021-08-23 23:20:42.122145,469330,0.0,0.0
2021-08-23 23:20:42.122145,469393,0.0,4.1
2021-08-23 23:20:42.122145,571403,0.0,6.3
2021-08-23 23:20:42.280018,571403,6.2,6.3
2021-08-23 23:20:42.280018,469330,0.0,0.0
2021-08-23 23:20:42.280018,469393,0.0,4.1
2021-08-23 23:20:42.437142,469330,0.0,0.0
2021-08-23 23:20:42.437142,469393,0.0,4.1
2021-08-23 23:20:42.437142,571403,0.0,6.3
2021-08-23 23:20:42.594427,469330,0.0,0.0
2021-08-23 23:20:42.594427,469393,0.0,4.1
2021-08-23 23:20:42.594427,571403,0.0,6.3
2021-08-23 23:20:42.751733,469330,0.0,0.0
2021-08-23 23:20:42.751733,469393,0.0,4.1
2021-08-23 23:20:42.751733,571403,0.0,6.3
2021-08-23 23:20:42.908925,469330,0.0,0.0
2021-08-23 23:20:42.908925,469393,0.0,4.1
2021-08-23 23:20:42.908925,571403,0.0,6.3
2021-08-23 23:20:43.066344,469330,0.0,0.0
2021-08-23 23:20:43.066344,469393,0.0,4.1
2021-08-23 23:20:43.066344,571403,0.0,6.3
2021-08-23 23:20:43.224240,571403,6.7,6.3
2021-08-23 23:20:43.224240,469330,0.0,0.0
2021-08-23 23:20:43.224240,469393,0.0,4.1
2021-08-23 23:20:43.381552,571403,6.7,6.3
2021-08-23 23:20:43.381552,469330,0.0,0.0
2021-08-23 23:20:43.381552,469393,0.0,4.1
2021-08-23 23:20:43.539119,469330,0.0,0.0
2021-08-23 23:20:43.539119,469393,0.0,4.1
2021-08-23 23:20:43.539119,571403,0.0,6.3
2021-08-23 23:20:43.696492,469330,0.0,0.0
2021-08-23 23:20:43.696492,469393,0.0,4.1
2021-08-23 23:20:43.696492,571403,0.0,6.3
2021-08-23 23:20:43.854017,571403,6.7,6.3
2021-08-23 23:20:43.854017,469330,0.0,0.0
2021-08-23 23:20:43.854017,469393,0.0,4.1
2021-08-23 23:20:44.010808,469330,0.0,0.0
2021-08-23 23:20:44.010808,469393,0.0,4.1
2021-08-23 23:20:44.010808,571403,0.0,6.3
2021-08-23 23:20:44.168203,469330,0.0,0.0
2021-08-23 23:20:44.168203,469393,0.0,4.1
2021-08-23 23:20:44.168203,571403,0.0,6.3
2021-08-23 23:20:44.325306,469330,0.0,0.0
2021-08-23 23:20:44.325306,469393,0.0,4.1
2021-08-23 23:20:44.325306,571403,0.0,6.3
2021-08-23 23:20:44.482682,469330,0.0,0.0
2021-08-23 23:20:44.482682,469393,0.0,4.1
2021-08-23 23:20:44.482682,571403,0.0,6.3
2021-08-23 23:20:44.639940,469330,0.0,0.0
2021-08-23 23:20:44.639940,469393,0.0,4.1
2021-08-23 23:20:44.639940,571403,0.0,6.3
2021-08-23 23:20:44.797241,469330,0.0,0.0
2021-08-23 23:20:44.797241,469393,0.0,4.1
2021-08-23 23:20:44.797241,571403,0.0,6.3
2021-08-23 23:20:44.954627,469330,0.0,0.0
2021-08-23 23:20:44.954627,469393,0.0,4.1
2021-08-23 23:20:44.954627,571403,0.0,6.3
2021-08-23 23:20:45.111945,469330,0.0,0.0
2021-08-23 23:20:45.111945,469393,0.0,4.1
2021-08-23 23:20:45.111945,571403,0.0,6.3
2021-08-23 23:20:45.269251,469330,0.0,0.0
2021-08-23 23:20:45.269251,469393,0.0,4.1
2021-08-23 23:20:45.269251,571403,0.0,6.3
2021-08-23 23:20:45.426468,469330,0.0,0.0
2021-08-23 23:20:45.426468,469393,0.0,4.1
2021-08-23 23:20:45.426468,571403,0.0,6.3
2021-08-23 23:20:45.583746,469330,0.0,0.0
2021-08-23 23:20:45.583746,469393,0.0,4.1
2021-08-23 23:20:45.583746,571403,0.0,6.3
2021-08-23 23:20:45.740909,571403,6.7,6.3
2021-08-23 23:20:45.740909,469330,0.0,0.0
2021-08-23 23:20:45.740909,469393,0.0,4.1
2021-08-23 23:20:45.898310,469330,0.0,0.0
2021-08-23 23:20:45.898310,469393,0.0,4.1
2021-08-23 23:20:45.898310,571403,0.0,6.3
2021-08-23 23:20:46.055546,469330,0.0,0.0
2021-08-23 23:20:46.055546,469393,0.0,4.1
2021-08-23 23:20:46.055546,571403,0.0,6.3
2021-08-23 23:20:46.212807,469330,0.0,0.0
2021-08-23 23:20:46.212807,469393,0.0,4.1
2021-08-23 23:20:46.212807,571403,0.0,6.3
2021-08-23 23:20:46.369977,469330,0.0,0.0
2021-08-23 23:20:46.369977,469393,0.0,4.1
2021-08-23 23:20:46.369977,571403,0.0,6.3
2021-08-23 23:20:46.527201,469330,0.0,0.0
2021-08-23 23:20:46.527201,469393,0.0,4.1
2021-08-23 23:20:46.527201,571403,0.0,6.3
2021-08-23 23:20:46.684486,571403,6.7,6.3
2021-08-23 23:20:46.684486,469330,0.0,0.0
2021-08-23 23:20:46.684486,469393,0.0,4.1
2021-08-23 23:20:46.841962,469330,0.0,0.0
2021-08-23 23:20:46.841962,469393,0.0,4.1
2021-08-23 23:20:46.841962,571403,0.0,6.3
2021-08-23 23:20:46.999410,469330,0.0,0.0
2021-08-23 23:20:46.999410,469393,0.0,4.1
2021-08-23 23:20:46.999410,571403,0.0,6.3
2021-08-23 23:20:47.156568,469330,0.0,0.0
2021-08-23 23:20:47.156568,469393,0.0,4.1
2021-08-23 23:20:47.156568,571403,0.0,6.3
2021-08-23 23:20:47.313776,469330,0.0,0.0
2021-08-23 23:20:47.313776,469393,0.0,4.1
2021-08-23 23:20:47.313776,571403,0.0,6.3
2021-08-23 23:20:47.471310,469330,0.0,0.0
2021-08-23 23:20:47.471310,469393,0.0,4.1
2021-08-23 23:20:47.471310,571403,0.0,6.3
2021-08-23 23:20:47.628635,571403,6.7,6.3
2021-08-23 23:20:47.628635,469330,0.0,0.0
2021-08-23 23:20:47.628635,469393,0.0,4.1
2021-08-23 23:20:47.786251,469330,0.0,0.0
2021-08-23 23:20:47.786251,469393,0.0,4.1
2021-08-23 23:20:47.786251,571403,0.0,6.3
2021-08-23 23:20:47.943674,469330,0.0,0.0
2021-08-23 23:20:47.943674,469393,0.0,4.1
2021-08-23 23:20:47.943674,571403,0.0,6.3
2021-08-23 23:20:48.101091,571403,6.7,6.3
2021-08-23 23:20:48.101091,469330,0.0,0.0
2021-08-23 23:20:48.101091,469393,0.0,4.1
2021-08-23 23:20:48.258763,469330,0.0,0.0
2021-08-23 23:20:48.258763,469393,0.0,4.1
2021-08-23 23:20:48.258763,571403,0.0,6.3
2021-08-23 23:20:48.416175,469330,0.0,0.0
2021-08-23 23:20:48.416175,469393,0.0,4.1
2021-08-23 23:20:48.416175,571403,0.0,6.3
2021-08-23 23:20:48.573410,469330,0.0,0.0
2021-08-23 23:20:48.573410,469393,0.0,4.1
2021-08-23 23:20:48.573410,571403,0.0,6.3
2021-08-23 23:20:48.730751,469330,0.0,0.0
2021-08-23 23:20:48.730751,469393,0.0,4.1
2021-08-23 23:20:48.730751,571403,0.0,6.3
2021-08-23 23:20:48.888015,469330,0.0,0.0
2021-08-23 23:20:48.888015,469393,0.0,4.1
2021-08-23 23:20:48.888015,571403,0.0,6.3
2021-08-23 23:20:49.045394,469330,0.0,0.0
2021-08-23 23:20:49.045394,469393,0.0,4.1
2021-08-23 23:20:49.045394,571403,0.0,6.3
2021-08-23 23:20:49.202718,469330,0.0,0.0
2021-08-23 23:20:49.202718,469393,0.0,4.1
2021-08-23 23:20:49.202718,571403,0.0,6.3
2021-08-23 23:20:49.360290,469330,0.0,0.0
2021-08-23 23:20:49.360290,469393,0.0,4.1
2021-08-23 23:20:49.360290,571403,0.0,6.3
2021-08-23 23:20:49.517480,469330,0.0,0.0
2021-08-23 23:20:49.517480,469393,0.0,4.1
2021-08-23 23:20:49.517480,571403,0.0,6.3
2021-08-23 23:20:49.674661,469330,0.0,0.0
2021-08-23 23:20:49.674661,469393,0.0,4.1
2021-08-23 23:20:49.674661,571403,0.0,6.3
2021-08-23 23:20:49.832029,469330,0.0,0.0
2021-08-23 23:20:49.832029,469393,0.0,4.1
2021-08-23 23:20:49.832029,571403,0.0,6.3
2021-08-23 23:20:49.989370,469330,0.0,0.0
2021-08-23 23:20:49.989370,469393,0.0,4.1
2021-08-23 23:20:49.989370,571403,0.0,6.3
2021-08-23 23:20:50.146678,469330,0.0,0.0
2021-08-23 23:20:50.146678,469393,0.0,4.1
2021-08-23 23:20:50.146678,571403,0.0,6.3
2021-08-23 23:20:50.303560,469330,0.0,0.0
2021-08-23 23:20:50.303560,469393,0.0,4.1
2021-08-23 23:20:50.303560,571403,0.0,6.3
2021-08-23 23:20:50.460964,469330,0.0,0.0
2021-08-23 23:20:50.460964,469393,0.0,4.1
2021-08-23 23:20:50.460964,571403,0.0,6.3
2021-08-23 23:20:50.617942,469330,0.0,0.0
2021-08-23 23:20:50.617942,469393,0.0,4.1
2021-08-23 23:20:50.617942,571403,0.0,6.3
2021-08-23 23:20:50.775412,571403,6.7,6.3
2021-08-23 23:20:50.775412,469330,0.0,0.0
2021-08-23 23:20:50.775412,469393,0.0,4.1
2021-08-23 23:20:50.933183,469330,0.0,0.0
2021-08-23 23:20:50.933183,469393,0.0,4.1
2021-08-23 23:20:50.933183,571403,0.0,6.3
2021-08-23 23:20:51.090438,571403,6.2,6.3
2021-08-23 23:20:51.090438,469330,0.0,0.0
2021-08-23 23:20:51.090438,469393,0.0,4.1
2021-08-23 23:20:51.247387,469330,0.0,0.0
2021-08-23 23:20:51.247387,469393,0.0,4.1
2021-08-23 23:20:51.247387,571403,0.0,6.3
2021-08-23 23:20:51.404684,469330,0.0,0.0
2021-08-23 23:20:51.404684,469393,0.0,4.1
2021-08-23 23:20:51.404684,571403,0.0,6.3
2021-08-23 23:20:51.561884,469330,0.0,0.0
2021-08-23 23:20:51.561884,469393,0.0,4.1
2021-08-23 23:20:51.561884,571403,0.0,6.3
2021-08-23 23:20:51.719220,469330,0.0,0.0
2021-08-23 23:20:51.719220,469393,0.0,4.1
2021-08-23 23:20:51.719220,571403,0.0,6.3
2021-08-23 23:20:51.876725,469330,0.0,0.0
2021-08-23 23:20:51.876725,469393,0.0,4.1
2021-08-23 23:20:51.876725,571403,0.0,6.3
2021-08-23 23:20:52.034291,571403,6.7,6.3
2021-08-23 23:20:52.034291,469330,0.0,0.0
2021-08-23 23:20:52.034291,469393,0.0,4.1
2021-08-23 23:20:52.191575,469330,0.0,0.0
2021-08-23 23:20:52.191575,469393,0.0,4.1
2021-08-23 23:20:52.191575,571403,0.0,6.3
2021-08-23 23:20:52.348798,469330,0.0,0.0
2021-08-23 23:20:52.348798,469393,0.0,4.1
2021-08-23 23:20:52.348798,571403,0.0,6.3
2021-08-23 23:20:52.506303,571403,213.3,6.3
2021-08-23 23:20:52.506303,469330,0.0,0.0
2021-08-23 23:20:52.506303,469393,0.0,4.1
2021-08-23 23:20:52.663977,571403,126.7,6.3
2021-08-23 23:20:52.663977,469330,0.0,0.0
2021-08-23 23:20:52.663977,469393,0.0,4.1
2021-08-23 23:20:52.820966,571403,100.0,6.4
2021-08-23 23:20:52.820966,469330,0.0,0.0
2021-08-23 23:20:52.820966,469393,0.0,4.1
2021-08-23 23:20:52.978052,571403,166.7,6.3
2021-08-23 23:20:52.978052,469330,0.0,0.0
2021-08-23 23:20:52.978052,469393,0.0,4.1
2021-08-23 23:20:53.134755,571403,66.7,6.3
2021-08-23 23:20:53.134755,469330,0.0,0.0
2021-08-23 23:20:53.134755,469393,0.0,4.1
2021-08-23 23:20:53.291453,571403,66.7,6.3
2021-08-23 23:20:53.291453,469330,0.0,0.0
2021-08-23 23:20:53.291453,469393,0.0,4.1
2021-08-23 23:20:53.448977,571403,66.7,6.3
2021-08-23 23:20:53.448977,469330,0.0,0.0
2021-08-23 23:20:53.448977,469393,0.0,4.1
2021-08-23 23:20:53.605645,571403,106.7,6.3
2021-08-23 23:20:53.605645,469330,0.0,0.0
2021-08-23 23:20:53.605645,469393,0.0,4.1
2021-08-23 23:20:53.762899,571403,173.3,6.3
2021-08-23 23:20:53.762899,469330,0.0,0.0
2021-08-23 23:20:53.762899,469393,0.0,4.1
2021-08-23 23:20:53.919987,571403,131.2,6.3
2021-08-23 23:20:53.919987,469330,0.0,0.0
2021-08-23 23:20:53.919987,469393,0.0,4.1
2021-08-23 23:20:54.077143,571403,33.3,6.3
2021-08-23 23:20:54.077143,469330,0.0,0.0
2021-08-23 23:20:54.077143,469393,0.0,4.1
2021-08-23 23:20:54.234769,571403,160.0,6.3
2021-08-23 23:20:54.234769,469330,0.0,0.0
2021-08-23 23:20:54.234769,469393,0.0,4.1
2021-08-23 23:20:54.392161,571403,126.7,6.3
2021-08-23 23:20:54.392161,469330,0.0,0.0
2021-08-23 23:20:54.392161,469393,0.0,4.1
2021-08-23 23:20:54.549839,571403,66.7,6.3
2021-08-23 23:20:54.549839,469330,0.0,0.0
2021-08-23 23:20:54.549839,469393,0.0,4.1
2021-08-23 23:20:54.707587,571403,166.7,6.3
2021-08-23 23:20:54.707587,469330,0.0,0.0
2021-08-23 23:20:54.707587,469393,0.0,4.1
2021-08-23 23:20:54.864953,571403,160.0,6.3
2021-08-23 23:20:54.864953,469393,6.7,4.1
2021-08-23 23:20:54.864953,469330,0.0,0.0
2021-08-23 23:20:55.022237,571403,73.3,6.3
2021-08-23 23:20:55.022237,469330,0.0,0.0
2021-08-23 23:20:55.022237,469393,0.0,4.1
2021-08-23 23:20:55.180076,571403,75.0,6.3
2021-08-23 23:20:55.180076,469330,0.0,0.0
2021-08-23 23:20:55.180076,469393,0.0,4.1
2021-08-23 23:20:55.337516,571403,13.3,6.3
2021-08-23 23:20:55.337516,469330,0.0,0.0
2021-08-23 23:20:55.337516,469393,0.0,4.1
2021-08-23 23:20:55.494996,571403,160.0,6.3
2021-08-23 23:20:55.494996,469330,0.0,0.0
2021-08-23 23:20:55.494996,469393,0.0,4.1
2021-08-23 23:20:55.652189,571403,93.3,6.3
2021-08-23 23:20:55.652189,469330,0.0,0.0
2021-08-23 23:20:55.652189,469393,0.0,4.1
2021-08-23 23:20:55.808765,571403,80.0,6.2
2021-08-23 23:20:55.808765,469330,0.0,0.0
2021-08-23 23:20:55.808765,469393,0.0,4.1
2021-08-23 23:20:55.967074,571403,53.3,6.2
2021-08-23 23:20:55.967074,469330,0.0,0.0
2021-08-23 23:20:55.967074,469393,0.0,4.1
2021-08-23 23:20:56.124819,571403,126.7,6.3
2021-08-23 23:20:56.124819,469330,0.0,0.0
2021-08-23 23:20:56.124819,469393,0.0,4.1
2021-08-23 23:20:56.281935,571403,213.3,6.4
2021-08-23 23:20:56.281935,469330,0.0,0.0
2021-08-23 23:20:56.281935,469393,0.0,4.1
2021-08-23 23:20:56.438409,571403,106.7,6.3
2021-08-23 23:20:56.438409,469330,0.0,0.0
2021-08-23 23:20:56.438409,469393,0.0,4.1
2021-08-23 23:20:56.596033,469330,0.0,0.0
2021-08-23 23:20:56.596033,469393,0.0,4.1
2021-08-23 23:20:56.596033,571403,0.0,6.3
2021-08-23 23:20:56.753885,571403,113.3,6.3
2021-08-23 23:20:56.753885,469393,6.7,4.1
2021-08-23 23:20:56.753885,469330,0.0,0.0
2021-08-23 23:20:56.910412,571403,180.0,6.3
2021-08-23 23:20:56.910412,469330,0.0,0.0
2021-08-23 23:20:56.910412,469393,0.0,4.1
2021-08-23 23:20:57.068409,571403,80.0,6.3
2021-08-23 23:20:57.068409,469330,0.0,0.0
2021-08-23 23:20:57.068409,469393,0.0,4.1
2021-08-23 23:20:57.225302,571403,100.0,6.4
2021-08-23 23:20:57.225302,469330,0.0,0.0
2021-08-23 23:20:57.225302,469393,0.0,4.1
2021-08-23 23:20:57.383471,571403,93.3,6.4
2021-08-23 23:20:57.383471,469330,0.0,0.0
2021-08-23 23:20:57.383471,469393,0.0,4.1
2021-08-23 23:20:57.539593,469393,6.7,4.1
2021-08-23 23:20:57.539593,469330,0.0,0.0
2021-08-23 23:20:57.696942,469330,0.0,0.0
2021-08-23 23:20:57.696942,469393,0.0,4.1
2021-08-23 23:20:57.854282,469330,0.0,0.0
2021-08-23 23:20:57.854282,469393,0.0,4.1
2021-08-23 23:20:58.011630,469330,0.0,0.0
2021-08-23 23:20:58.011630,469393,0.0,4.1
2021-08-23 23:20:58.168840,469330,0.0,0.0
2021-08-23 23:20:58.168840,469393,0.0,4.1
2021-08-23 23:20:58.325993,469330,0.0,0.0
2021-08-23 23:20:58.325993,469393,0.0,4.1
2021-08-23 23:20:58.483100,469330,0.0,0.0
2021-08-23 23:20:58.483100,469393,0.0,4.1
2021-08-23 23:20:58.640260,469330,0.0,0.0
2021-08-23 23:20:58.640260,469393,0.0,4.1
2021-08-23 23:20:58.797517,469330,0.0,0.0
2021-08-23 23:20:58.797517,469393,0.0,4.1
2021-08-23 23:20:58.954574,469330,0.0,0.0
2021-08-23 23:20:58.954574,469393,0.0,4.1
2021-08-23 23:20:59.111722,469330,0.0,0.0
2021-08-23 23:20:59.111722,469393,0.0,4.1
2021-08-23 23:20:59.269042,469330,0.0,0.0
2021-08-23 23:20:59.269042,469393,0.0,4.1
2021-08-23 23:20:59.426085,469330,0.0,0.0
2021-08-23 23:20:59.426085,469393,0.0,4.1
2021-08-23 23:20:59.583111,469330,0.0,0.0
2021-08-23 23:20:59.583111,469393,0.0,4.1
2021-08-23 23:20:59.740197,469330,0.0,0.0
2021-08-23 23:20:59.740197,469393,0.0,4.1
2021-08-23 23:20:59.897360,469330,0.0,0.0
2021-08-23 23:20:59.897360,469393,0.0,4.1
2021-08-23 23:21:00.054522,469330,0.0,0.0
2021-08-23 23:21:00.054522,469393,0.0,4.1
2021-08-23 23:21:00.211641,469330,0.0,0.0
2021-08-23 23:21:00.211641,469393,0.0,4.1
2021-08-23 23:21:00.368836,469330,0.0,0.0
2021-08-23 23:21:00.368836,469393,0.0,4.1
2021-08-23 23:21:00.526118,469330,0.0,0.0
2021-08-23 23:21:00.526118,469393,0.0,4.1
2021-08-23 23:21:00.683423,469330,0.0,0.0
2021-08-23 23:21:00.683423,469393,0.0,4.1
2021-08-23 23:21:00.840552,469330,0.0,0.0
2021-08-23 23:21:00.840552,469393,0.0,4.1
2021-08-23 23:21:00.997634,469330,0.0,0.0
2021-08-23 23:21:00.997634,469393,0.0,4.1
2021-08-23 23:21:01.154777,469330,0.0,0.0
2021-08-23 23:21:01.154777,469393,0.0,4.1
2021-08-23 23:21:01.311852,469330,0.0,0.0
2021-08-23 23:21:01.311852,469393,0.0,4.1
2021-08-23 23:21:01.469133,469330,0.0,0.0
2021-08-23 23:21:01.469133,469393,0.0,4.1
2021-08-23 23:21:01.625963,469330,0.0,0.0
2021-08-23 23:21:01.625963,469393,0.0,4.1
2021-08-23 23:21:01.783129,469330,0.0,0.0
2021-08-23 23:21:01.783129,469393,0.0,4.1
