timestamp,PID,CPU,RAM
2021-08-24 02:01:04.385026,3570469,0.0,0.0
2021-08-24 02:01:04.385026,3570532,0.0,5.6
2021-08-24 02:01:04.542390,3570469,0.0,0.0
2021-08-24 02:01:04.542390,3570532,0.0,5.6
2021-08-24 02:01:04.699034,3570469,0.0,0.0
2021-08-24 02:01:04.699034,3570532,0.0,5.6
2021-08-24 02:01:04.856234,3570469,0.0,0.0
2021-08-24 02:01:04.856234,3570532,0.0,5.6
2021-08-24 02:01:05.013571,3570469,0.0,0.0
2021-08-24 02:01:05.013571,3570532,0.0,5.6
2021-08-24 02:01:05.170823,3570469,0.0,0.0
2021-08-24 02:01:05.170823,3570532,0.0,5.6
2021-08-24 02:01:05.328123,3570469,0.0,0.0
2021-08-24 02:01:05.328123,3570532,0.0,5.6
2021-08-24 02:01:05.485498,3570469,0.0,0.0
2021-08-24 02:01:05.485498,3570532,0.0,5.6
2021-08-24 02:01:05.642711,3570469,0.0,0.0
2021-08-24 02:01:05.642711,3570532,0.0,5.6
2021-08-24 02:01:05.800003,3570469,0.0,0.0
2021-08-24 02:01:05.800003,3570532,0.0,5.6
2021-08-24 02:01:05.957188,3570469,0.0,0.0
2021-08-24 02:01:05.957188,3570532,0.0,5.6
2021-08-24 02:01:06.114560,3570469,0.0,0.0
2021-08-24 02:01:06.114560,3570532,0.0,5.6
2021-08-24 02:01:06.272177,3570469,0.0,0.0
2021-08-24 02:01:06.272177,3570532,0.0,5.6
2021-08-24 02:01:06.429533,3570469,0.0,0.0
2021-08-24 02:01:06.429533,3570532,0.0,5.6
2021-08-24 02:01:06.586736,3570469,0.0,0.0
2021-08-24 02:01:06.586736,3570532,0.0,5.6
2021-08-24 02:01:06.743987,3570469,0.0,0.0
2021-08-24 02:01:06.743987,3570532,0.0,5.6
2021-08-24 02:01:06.901200,3570469,0.0,0.0
2021-08-24 02:01:06.901200,3570532,0.0,5.6
2021-08-24 02:01:07.058465,3570469,0.0,0.0
2021-08-24 02:01:07.058465,3570532,0.0,5.6
2021-08-24 02:01:07.215683,3570469,0.0,0.0
2021-08-24 02:01:07.215683,3570532,0.0,5.6
2021-08-24 02:01:07.372910,3570469,0.0,0.0
2021-08-24 02:01:07.372910,3570532,0.0,5.6
2021-08-24 02:01:07.530116,3570469,0.0,0.0
2021-08-24 02:01:07.530116,3570532,0.0,5.6
2021-08-24 02:01:07.687363,3570469,0.0,0.0
2021-08-24 02:01:07.687363,3570532,0.0,5.6
2021-08-24 02:01:07.844037,3570532,6.7,5.6
2021-08-24 02:01:07.844037,3570469,0.0,0.0
2021-08-24 02:01:08.001138,3570469,0.0,0.0
2021-08-24 02:01:08.001138,3570532,0.0,5.6
2021-08-24 02:01:08.158186,3570469,0.0,0.0
2021-08-24 02:01:08.158186,3570532,0.0,5.6
2021-08-24 02:01:08.315269,3570469,0.0,0.0
2021-08-24 02:01:08.315269,3570532,0.0,5.6
2021-08-24 02:01:08.472074,3570469,0.0,0.0
2021-08-24 02:01:08.472074,3570532,0.0,5.6
2021-08-24 02:01:08.628790,3570469,0.0,0.0
2021-08-24 02:01:08.628790,3570532,0.0,5.6
2021-08-24 02:01:08.785240,3570469,0.0,0.0
2021-08-24 02:01:08.785240,3570532,0.0,5.6
2021-08-24 02:01:08.941393,3570469,0.0,0.0
2021-08-24 02:01:08.941393,3570532,0.0,5.6
2021-08-24 02:01:09.098158,3570469,0.0,0.0
2021-08-24 02:01:09.098158,3570532,0.0,5.6
2021-08-24 02:01:09.254691,3570469,0.0,0.0
2021-08-24 02:01:09.254691,3570532,0.0,5.6
2021-08-24 02:01:09.411585,3570469,0.0,0.0
2021-08-24 02:01:09.411585,3570532,0.0,5.6
2021-08-24 02:01:09.568069,3570469,0.0,0.0
2021-08-24 02:01:09.568069,3570532,0.0,5.6
2021-08-24 02:01:09.723925,3570469,0.0,0.0
2021-08-24 02:01:09.723925,3570532,0.0,5.6
2021-08-24 02:01:09.880963,3570469,0.0,0.0
2021-08-24 02:01:09.880963,3570532,0.0,5.6
2021-08-24 02:01:10.039436,3570532,6.7,5.6
2021-08-24 02:01:10.039436,3570469,0.0,0.0
2021-08-24 02:01:10.197219,3570469,0.0,0.0
2021-08-24 02:01:10.197219,3570532,0.0,5.6
2021-08-24 02:01:10.354310,3570469,0.0,0.0
2021-08-24 02:01:10.354310,3570532,0.0,5.6
2021-08-24 02:01:10.511006,3570469,0.0,0.0
2021-08-24 02:01:10.511006,3570532,0.0,5.6
2021-08-24 02:01:10.668020,3570469,0.0,0.0
2021-08-24 02:01:10.668020,3570532,0.0,5.6
2021-08-24 02:01:10.824620,3570469,0.0,0.0
2021-08-24 02:01:10.824620,3570532,0.0,5.6
2021-08-24 02:01:10.981045,3570469,0.0,0.0
2021-08-24 02:01:10.981045,3570532,0.0,5.6
2021-08-24 02:01:11.138178,3570469,0.0,0.0
2021-08-24 02:01:11.138178,3570532,0.0,5.6
2021-08-24 02:01:11.295467,3570469,0.0,0.0
2021-08-24 02:01:11.295467,3570532,0.0,5.6
2021-08-24 02:01:11.452605,3570469,0.0,0.0
2021-08-24 02:01:11.452605,3570532,0.0,5.6
2021-08-24 02:01:11.610053,3570469,0.0,0.0
2021-08-24 02:01:11.610053,3570532,0.0,5.6
2021-08-24 02:01:11.767345,3570469,0.0,0.0
2021-08-24 02:01:11.767345,3570532,0.0,5.6
2021-08-24 02:01:11.924296,3570469,0.0,0.0
2021-08-24 02:01:11.924296,3570532,0.0,5.6
2021-08-24 02:01:12.081762,3570469,0.0,0.0
2021-08-24 02:01:12.081762,3570532,0.0,5.6
2021-08-24 02:01:12.239220,3570469,0.0,0.0
2021-08-24 02:01:12.239220,3570532,0.0,5.6
2021-08-24 02:01:12.396472,3570469,0.0,0.0
2021-08-24 02:01:12.396472,3570532,0.0,5.6
2021-08-24 02:01:12.553484,3570469,0.0,0.0
2021-08-24 02:01:12.553484,3570532,0.0,5.6
2021-08-24 02:01:12.710772,3570469,0.0,0.0
2021-08-24 02:01:12.710772,3570532,0.0,5.6
2021-08-24 02:01:12.868072,3570469,0.0,0.0
2021-08-24 02:01:12.868072,3570532,0.0,5.6
2021-08-24 02:01:13.025320,3570469,0.0,0.0
2021-08-24 02:01:13.025320,3570532,0.0,5.6
2021-08-24 02:01:13.182535,3570469,0.0,0.0
2021-08-24 02:01:13.182535,3570532,0.0,5.6
2021-08-24 02:01:13.339749,3570469,0.0,0.0
2021-08-24 02:01:13.339749,3570532,0.0,5.6
2021-08-24 02:01:13.497093,3570469,0.0,0.0
2021-08-24 02:01:13.497093,3570532,0.0,5.6
2021-08-24 02:01:13.654322,3570469,0.0,0.0
2021-08-24 02:01:13.654322,3570532,0.0,5.6
2021-08-24 02:01:13.811573,3570469,0.0,0.0
2021-08-24 02:01:13.811573,3570532,0.0,5.6
2021-08-24 02:01:13.968816,3570469,0.0,0.0
2021-08-24 02:01:13.968816,3570532,0.0,5.6
2021-08-24 02:01:14.126216,3570469,0.0,0.0
2021-08-24 02:01:14.126216,3570532,0.0,5.6
2021-08-24 02:01:14.283593,3570469,0.0,0.0
2021-08-24 02:01:14.283593,3570532,0.0,5.6
2021-08-24 02:01:14.440742,3570469,0.0,0.0
2021-08-24 02:01:14.440742,3570532,0.0,5.6
2021-08-24 02:01:14.597943,3570469,0.0,0.0
2021-08-24 02:01:14.597943,3570532,0.0,5.6
2021-08-24 02:01:14.755228,3570469,0.0,0.0
2021-08-24 02:01:14.755228,3570532,0.0,5.6
2021-08-24 02:01:14.912245,3570469,0.0,0.0
2021-08-24 02:01:14.912245,3570532,0.0,5.6
2021-08-24 02:01:15.068500,3570469,0.0,0.0
2021-08-24 02:01:15.068500,3570532,0.0,5.6
2021-08-24 02:01:15.225917,3570469,0.0,0.0
2021-08-24 02:01:15.225917,3570532,0.0,5.6
2021-08-24 02:01:15.383159,3570469,0.0,0.0
2021-08-24 02:01:15.383159,3570532,0.0,5.6
2021-08-24 02:01:15.540517,3570469,0.0,0.0
2021-08-24 02:01:15.540517,3570532,0.0,5.6
2021-08-24 02:01:15.697970,3570469,0.0,0.0
2021-08-24 02:01:15.697970,3570532,0.0,5.6
2021-08-24 02:01:15.855167,3570469,0.0,0.0
2021-08-24 02:01:15.855167,3570532,0.0,5.6
2021-08-24 02:01:16.012210,3570469,0.0,0.0
2021-08-24 02:01:16.012210,3570532,0.0,5.6
2021-08-24 02:01:16.169541,3570469,0.0,0.0
2021-08-24 02:01:16.169541,3570532,0.0,5.6
2021-08-24 02:01:16.326743,3570469,0.0,0.0
2021-08-24 02:01:16.326743,3570532,0.0,5.6
2021-08-24 02:01:16.483907,3570469,0.0,0.0
2021-08-24 02:01:16.483907,3570532,0.0,5.6
2021-08-24 02:01:16.641175,3570469,0.0,0.0
2021-08-24 02:01:16.641175,3570532,0.0,5.6
2021-08-24 02:01:16.798431,3570469,0.0,0.0
2021-08-24 02:01:16.798431,3570532,0.0,5.6
2021-08-24 02:01:16.955619,3570469,0.0,0.0
2021-08-24 02:01:16.955619,3570532,0.0,5.6
2021-08-24 02:01:17.112846,3570469,0.0,0.0
2021-08-24 02:01:17.112846,3570532,0.0,5.6
2021-08-24 02:01:17.270022,3570469,0.0,0.0
2021-08-24 02:01:17.270022,3570532,0.0,5.6
2021-08-24 02:01:17.427316,3570469,0.0,0.0
2021-08-24 02:01:17.427316,3570532,0.0,5.6
2021-08-24 02:01:17.584818,3570469,0.0,0.0
2021-08-24 02:01:17.584818,3570532,0.0,5.6
2021-08-24 02:01:17.742262,3570469,0.0,0.0
2021-08-24 02:01:17.742262,3570532,0.0,5.6
2021-08-24 02:01:17.899764,3570469,0.0,0.0
2021-08-24 02:01:17.899764,3570532,0.0,5.6
2021-08-24 02:01:18.057074,3570469,0.0,0.0
2021-08-24 02:01:18.057074,3570532,0.0,5.6
2021-08-24 02:01:18.214507,3570469,0.0,0.0
2021-08-24 02:01:18.214507,3570532,0.0,5.6
2021-08-24 02:01:18.371942,3570469,0.0,0.0
2021-08-24 02:01:18.371942,3570532,0.0,5.6
2021-08-24 02:01:18.529161,3570469,0.0,0.0
2021-08-24 02:01:18.529161,3570532,0.0,5.6
2021-08-24 02:01:18.686360,3570469,0.0,0.0
2021-08-24 02:01:18.686360,3570532,0.0,5.6
2021-08-24 02:01:18.843567,3570469,0.0,0.0
2021-08-24 02:01:18.843567,3570532,0.0,5.6
2021-08-24 02:01:19.000703,3570469,0.0,0.0
2021-08-24 02:01:19.000703,3570532,0.0,5.6
2021-08-24 02:01:19.157718,3570469,0.0,0.0
2021-08-24 02:01:19.157718,3570532,0.0,5.6
2021-08-24 02:01:19.314557,3570532,6.7,5.6
2021-08-24 02:01:19.314557,3570469,0.0,0.0
2021-08-24 02:01:19.471888,3570469,0.0,0.0
2021-08-24 02:01:19.471888,3570532,0.0,5.6
2021-08-24 02:01:19.629129,3570469,0.0,0.0
2021-08-24 02:01:19.629129,3570532,0.0,5.6
2021-08-24 02:01:19.786353,3570469,0.0,0.0
2021-08-24 02:01:19.786353,3570532,0.0,5.6
2021-08-24 02:01:19.943617,3570469,0.0,0.0
2021-08-24 02:01:19.943617,3570532,0.0,5.6
2021-08-24 02:01:20.100932,3570469,0.0,0.0
2021-08-24 02:01:20.100932,3570532,0.0,5.6
2021-08-24 02:01:20.257758,3570469,0.0,0.0
2021-08-24 02:01:20.257758,3570532,0.0,5.6
2021-08-24 02:01:20.414878,3570469,0.0,0.0
2021-08-24 02:01:20.414878,3570532,0.0,5.6
2021-08-24 02:01:20.572229,3570469,0.0,0.0
2021-08-24 02:01:20.572229,3570532,0.0,5.6
2021-08-24 02:01:20.729543,3570469,0.0,0.0
2021-08-24 02:01:20.729543,3570532,0.0,5.6
2021-08-24 02:01:20.886717,3570469,0.0,0.0
2021-08-24 02:01:20.886717,3570532,0.0,5.6
2021-08-24 02:01:21.043903,3570469,0.0,0.0
2021-08-24 02:01:21.043903,3570532,0.0,5.6
2021-08-24 02:01:21.201125,3570469,0.0,0.0
2021-08-24 02:01:21.201125,3570532,0.0,5.6
2021-08-24 02:01:21.358509,3570469,0.0,0.0
2021-08-24 02:01:21.358509,3570532,0.0,5.6
2021-08-24 02:01:21.515536,3570469,0.0,0.0
2021-08-24 02:01:21.515536,3570532,0.0,5.6
2021-08-24 02:01:21.672693,3570469,0.0,0.0
2021-08-24 02:01:21.672693,3570532,0.0,5.6
2021-08-24 02:01:21.830609,3570469,0.0,0.0
2021-08-24 02:01:21.830609,3570532,0.0,5.6
2021-08-24 02:01:21.986869,3570469,0.0,0.0
2021-08-24 02:01:21.986869,3570532,0.0,5.6
2021-08-24 02:01:22.143986,3570469,0.0,0.0
2021-08-24 02:01:22.143986,3570532,0.0,5.6
2021-08-24 02:01:22.301335,3570469,0.0,0.0
2021-08-24 02:01:22.301335,3570532,0.0,5.6
2021-08-24 02:01:22.458561,3570469,0.0,0.0
2021-08-24 02:01:22.458561,3570532,0.0,5.6
2021-08-24 02:01:22.615803,3570469,0.0,0.0
2021-08-24 02:01:22.615803,3570532,0.0,5.6
2021-08-24 02:01:22.773101,3570469,0.0,0.0
2021-08-24 02:01:22.773101,3570532,0.0,5.6
2021-08-24 02:01:22.930574,3570469,0.0,0.0
2021-08-24 02:01:22.930574,3570532,0.0,5.6
2021-08-24 02:01:23.088042,3570469,0.0,0.0
2021-08-24 02:01:23.088042,3570532,0.0,5.6
2021-08-24 02:01:23.245237,3570469,0.0,0.0
2021-08-24 02:01:23.245237,3570532,0.0,5.6
2021-08-24 02:01:23.402407,3570469,0.0,0.0
2021-08-24 02:01:23.402407,3570532,0.0,5.6
2021-08-24 02:01:23.559590,3570469,0.0,0.0
2021-08-24 02:01:23.559590,3570532,0.0,5.6
2021-08-24 02:01:23.716850,3570469,0.0,0.0
2021-08-24 02:01:23.716850,3570532,0.0,5.6
2021-08-24 02:01:23.874258,3570469,0.0,0.0
2021-08-24 02:01:23.874258,3570532,0.0,5.6
2021-08-24 02:01:24.031751,3570469,0.0,0.0
2021-08-24 02:01:24.031751,3570532,0.0,5.6
2021-08-24 02:01:24.189041,3570469,0.0,0.0
2021-08-24 02:01:24.189041,3570532,0.0,5.6
2021-08-24 02:01:24.346703,3570469,0.0,0.0
2021-08-24 02:01:24.346703,3570532,0.0,5.6
2021-08-24 02:01:24.503953,3570469,0.0,0.0
2021-08-24 02:01:24.503953,3570532,0.0,5.6
2021-08-24 02:01:24.661423,3570469,0.0,0.0
2021-08-24 02:01:24.661423,3570532,0.0,5.6
2021-08-24 02:01:24.818777,3570469,0.0,0.0
2021-08-24 02:01:24.818777,3570532,0.0,5.6
2021-08-24 02:01:24.976447,3570469,0.0,0.0
2021-08-24 02:01:24.976447,3570532,0.0,5.6
2021-08-24 02:01:25.133672,3570469,0.0,0.0
2021-08-24 02:01:25.133672,3570532,0.0,5.6
2021-08-24 02:01:25.290998,3570469,0.0,0.0
2021-08-24 02:01:25.290998,3570532,0.0,5.6
2021-08-24 02:01:25.447939,3570469,0.0,0.0
2021-08-24 02:01:25.447939,3570532,0.0,5.6
2021-08-24 02:01:25.605534,3570469,0.0,0.0
2021-08-24 02:01:25.605534,3570532,0.0,5.6
2021-08-24 02:01:25.762995,3570469,0.0,0.0
2021-08-24 02:01:25.762995,3570532,0.0,5.6
2021-08-24 02:01:25.920512,3570469,0.0,0.0
2021-08-24 02:01:25.920512,3570532,0.0,5.6
2021-08-24 02:01:26.077977,3570469,0.0,0.0
2021-08-24 02:01:26.077977,3570532,0.0,5.6
2021-08-24 02:01:26.235405,3570469,0.0,0.0
2021-08-24 02:01:26.235405,3570532,0.0,5.6
2021-08-24 02:01:26.392701,3570469,0.0,0.0
2021-08-24 02:01:26.392701,3570532,0.0,5.6
2021-08-24 02:01:26.549876,3570469,0.0,0.0
2021-08-24 02:01:26.549876,3570532,0.0,5.6
2021-08-24 02:01:26.707140,3570469,0.0,0.0
2021-08-24 02:01:26.707140,3570532,0.0,5.6
2021-08-24 02:01:26.864284,3570469,0.0,0.0
2021-08-24 02:01:26.864284,3570532,0.0,5.6
2021-08-24 02:01:27.021656,3570469,0.0,0.0
2021-08-24 02:01:27.021656,3570532,0.0,5.6
2021-08-24 02:01:27.178927,3570469,0.0,0.0
2021-08-24 02:01:27.178927,3570532,0.0,5.6
2021-08-24 02:01:27.336108,3570469,0.0,0.0
2021-08-24 02:01:27.336108,3570532,0.0,5.6
2021-08-24 02:01:27.493167,3570469,0.0,0.0
2021-08-24 02:01:27.493167,3570532,0.0,5.6
2021-08-24 02:01:27.650284,3570469,0.0,0.0
2021-08-24 02:01:27.650284,3570532,0.0,5.6
2021-08-24 02:01:27.807492,3570469,0.0,0.0
2021-08-24 02:01:27.807492,3570532,0.0,5.6
2021-08-24 02:01:27.965160,3570469,0.0,0.0
2021-08-24 02:01:27.965160,3570532,0.0,5.6
2021-08-24 02:01:28.122631,3570469,0.0,0.0
2021-08-24 02:01:28.122631,3570532,0.0,5.6
2021-08-24 02:01:28.279754,3570469,0.0,0.0
2021-08-24 02:01:28.279754,3570532,0.0,5.6
2021-08-24 02:01:28.436945,3570469,0.0,0.0
2021-08-24 02:01:28.436945,3570532,0.0,5.6
2021-08-24 02:01:28.594123,3570469,0.0,0.0
2021-08-24 02:01:28.594123,3570532,0.0,5.6
2021-08-24 02:01:28.751528,3570469,0.0,0.0
2021-08-24 02:01:28.751528,3570532,0.0,5.6
2021-08-24 02:01:28.908566,3570469,0.0,0.0
2021-08-24 02:01:28.908566,3570532,0.0,5.6
2021-08-24 02:01:29.065814,3570469,0.0,0.0
2021-08-24 02:01:29.065814,3570532,0.0,5.6
2021-08-24 02:01:29.223008,3570469,0.0,0.0
2021-08-24 02:01:29.223008,3570532,0.0,5.6
2021-08-24 02:01:29.379740,3570469,0.0,0.0
2021-08-24 02:01:29.379740,3570532,0.0,5.6
2021-08-24 02:01:29.536965,3570469,0.0,0.0
2021-08-24 02:01:29.536965,3570532,0.0,5.6
2021-08-24 02:01:29.694312,3570469,0.0,0.0
2021-08-24 02:01:29.694312,3570532,0.0,5.6
2021-08-24 02:01:29.851225,3570469,0.0,0.0
2021-08-24 02:01:29.851225,3570532,0.0,5.6
2021-08-24 02:01:30.008491,3570469,0.0,0.0
2021-08-24 02:01:30.008491,3570532,0.0,5.6
2021-08-24 02:01:30.165641,3570469,0.0,0.0
2021-08-24 02:01:30.165641,3570532,0.0,5.6
2021-08-24 02:01:30.322861,3570469,0.0,0.0
2021-08-24 02:01:30.322861,3570532,0.0,5.6
2021-08-24 02:01:30.479508,3570469,0.0,0.0
2021-08-24 02:01:30.479508,3570532,0.0,5.6
2021-08-24 02:01:30.636548,3570469,0.0,0.0
2021-08-24 02:01:30.636548,3570532,0.0,5.6
2021-08-24 02:01:30.793796,3570469,0.0,0.0
2021-08-24 02:01:30.793796,3570532,0.0,5.6
2021-08-24 02:01:30.950917,3570469,0.0,0.0
2021-08-24 02:01:30.950917,3570532,0.0,5.6
2021-08-24 02:01:31.108462,3570469,0.0,0.0
2021-08-24 02:01:31.108462,3570532,0.0,5.6
2021-08-24 02:01:31.265649,3570469,0.0,0.0
2021-08-24 02:01:31.265649,3570532,0.0,5.6
2021-08-24 02:01:31.422736,3570469,0.0,0.0
2021-08-24 02:01:31.422736,3570532,0.0,5.6
2021-08-24 02:01:31.580116,3570469,0.0,0.0
2021-08-24 02:01:31.580116,3570532,0.0,5.6
2021-08-24 02:01:31.737330,3570469,0.0,0.0
2021-08-24 02:01:31.737330,3570532,0.0,5.6
2021-08-24 02:01:31.894648,3570469,0.0,0.0
2021-08-24 02:01:31.894648,3570532,0.0,5.6
2021-08-24 02:01:32.052117,3570469,0.0,0.0
2021-08-24 02:01:32.052117,3570532,0.0,5.6
2021-08-24 02:01:32.209312,3570469,0.0,0.0
2021-08-24 02:01:32.209312,3570532,0.0,5.6
2021-08-24 02:01:32.366452,3570469,0.0,0.0
2021-08-24 02:01:32.366452,3570532,0.0,5.6
2021-08-24 02:01:32.523860,3570469,0.0,0.0
2021-08-24 02:01:32.523860,3570532,0.0,5.6
2021-08-24 02:01:32.681317,3570469,0.0,0.0
2021-08-24 02:01:32.681317,3570532,0.0,5.6
2021-08-24 02:01:32.838603,3570469,0.0,0.0
2021-08-24 02:01:32.838603,3570532,0.0,5.6
2021-08-24 02:01:32.995837,3570469,0.0,0.0
2021-08-24 02:01:32.995837,3570532,0.0,5.6
2021-08-24 02:01:33.153015,3570469,0.0,0.0
2021-08-24 02:01:33.153015,3570532,0.0,5.6
2021-08-24 02:01:33.310143,3570469,0.0,0.0
2021-08-24 02:01:33.310143,3570532,0.0,5.6
2021-08-24 02:01:33.467401,3570469,0.0,0.0
2021-08-24 02:01:33.467401,3570532,0.0,5.6
2021-08-24 02:01:33.624617,3570469,0.0,0.0
2021-08-24 02:01:33.624617,3570532,0.0,5.6
2021-08-24 02:01:33.781817,3570469,0.0,0.0
2021-08-24 02:01:33.781817,3570532,0.0,5.6
2021-08-24 02:01:33.938998,3570469,0.0,0.0
2021-08-24 02:01:33.938998,3570532,0.0,5.6
2021-08-24 02:01:34.096178,3570469,0.0,0.0
2021-08-24 02:01:34.096178,3570532,0.0,5.6
2021-08-24 02:01:34.253224,3570469,0.0,0.0
2021-08-24 02:01:34.253224,3570532,0.0,5.6
2021-08-24 02:01:34.410477,3570469,0.0,0.0
2021-08-24 02:01:34.410477,3570532,0.0,5.6
2021-08-24 02:01:34.567668,3570469,0.0,0.0
2021-08-24 02:01:34.567668,3570532,0.0,5.6
2021-08-24 02:01:34.724932,3570469,0.0,0.0
2021-08-24 02:01:34.724932,3570532,0.0,5.6
2021-08-24 02:01:34.882239,3570469,0.0,0.0
2021-08-24 02:01:34.882239,3570532,0.0,5.6
2021-08-24 02:01:35.039657,3570469,0.0,0.0
2021-08-24 02:01:35.039657,3570532,0.0,5.6
2021-08-24 02:01:35.196713,3570469,0.0,0.0
2021-08-24 02:01:35.196713,3570532,0.0,5.6
2021-08-24 02:01:35.353874,3570469,0.0,0.0
2021-08-24 02:01:35.353874,3570532,0.0,5.6
2021-08-24 02:01:35.510962,3570469,0.0,0.0
2021-08-24 02:01:35.510962,3570532,0.0,5.6
2021-08-24 02:01:35.668094,3570469,0.0,0.0
2021-08-24 02:01:35.668094,3570532,0.0,5.6
2021-08-24 02:01:35.825320,3570469,0.0,0.0
2021-08-24 02:01:35.825320,3570532,0.0,5.6
2021-08-24 02:01:35.982527,3570469,0.0,0.0
2021-08-24 02:01:35.982527,3570532,0.0,5.6
2021-08-24 02:01:36.139823,3570469,0.0,0.0
2021-08-24 02:01:36.139823,3570532,0.0,5.6
2021-08-24 02:01:36.296830,3570469,0.0,0.0
2021-08-24 02:01:36.296830,3570532,0.0,5.6
2021-08-24 02:01:36.454002,3570469,0.0,0.0
2021-08-24 02:01:36.454002,3570532,0.0,5.6
2021-08-24 02:01:36.611166,3570469,0.0,0.0
2021-08-24 02:01:36.611166,3570532,0.0,5.6
2021-08-24 02:01:36.768412,3570469,0.0,0.0
2021-08-24 02:01:36.768412,3570532,0.0,5.6
2021-08-24 02:01:36.925562,3570469,0.0,0.0
2021-08-24 02:01:36.925562,3570532,0.0,5.6
2021-08-24 02:01:37.082803,3570469,0.0,0.0
2021-08-24 02:01:37.082803,3570532,0.0,5.6
2021-08-24 02:01:37.240013,3570469,0.0,0.0
2021-08-24 02:01:37.240013,3570532,0.0,5.6
2021-08-24 02:01:37.397210,3570469,0.0,0.0
2021-08-24 02:01:37.397210,3570532,0.0,5.6
2021-08-24 02:01:37.554400,3570469,0.0,0.0
2021-08-24 02:01:37.554400,3570532,0.0,5.6
2021-08-24 02:01:37.711629,3570469,0.0,0.0
2021-08-24 02:01:37.711629,3570532,0.0,5.6
2021-08-24 02:01:37.868922,3570469,0.0,0.0
2021-08-24 02:01:37.868922,3570532,0.0,5.6
2021-08-24 02:01:38.026378,3570469,0.0,0.0
2021-08-24 02:01:38.026378,3570532,0.0,5.6
2021-08-24 02:01:38.184054,3570469,0.0,0.0
2021-08-24 02:01:38.184054,3570532,0.0,5.6
2021-08-24 02:01:38.341231,3570469,0.0,0.0
2021-08-24 02:01:38.341231,3570532,0.0,5.6
2021-08-24 02:01:38.498323,3570469,0.0,0.0
2021-08-24 02:01:38.498323,3570532,0.0,5.6
2021-08-24 02:01:38.655401,3570469,0.0,0.0
2021-08-24 02:01:38.655401,3570532,0.0,5.6
2021-08-24 02:01:38.812683,3570469,0.0,0.0
2021-08-24 02:01:38.812683,3570532,0.0,5.6
2021-08-24 02:01:38.969832,3570469,0.0,0.0
2021-08-24 02:01:38.969832,3570532,0.0,5.6
2021-08-24 02:01:39.126980,3570469,0.0,0.0
2021-08-24 02:01:39.126980,3570532,0.0,5.6
2021-08-24 02:01:39.284135,3570469,0.0,0.0
2021-08-24 02:01:39.284135,3570532,0.0,5.6
2021-08-24 02:01:39.441123,3570469,0.0,0.0
2021-08-24 02:01:39.441123,3570532,0.0,5.6
2021-08-24 02:01:39.598298,3570469,0.0,0.0
2021-08-24 02:01:39.598298,3570532,0.0,5.6
2021-08-24 02:01:39.755537,3570469,0.0,0.0
2021-08-24 02:01:39.755537,3570532,0.0,5.6
2021-08-24 02:01:39.912774,3570469,0.0,0.0
2021-08-24 02:01:39.912774,3570532,0.0,5.6
2021-08-24 02:01:40.070190,3570469,0.0,0.0
2021-08-24 02:01:40.070190,3570532,0.0,5.6
2021-08-24 02:01:40.227486,3570469,0.0,0.0
2021-08-24 02:01:40.227486,3570532,0.0,5.6
2021-08-24 02:01:40.384495,3570469,0.0,0.0
2021-08-24 02:01:40.384495,3570532,0.0,5.6
2021-08-24 02:01:40.541783,3570469,0.0,0.0
2021-08-24 02:01:40.541783,3570532,0.0,5.6
2021-08-24 02:01:40.698990,3570532,6.7,5.6
2021-08-24 02:01:40.698990,3570469,0.0,0.0
2021-08-24 02:01:40.856074,3570469,0.0,0.0
2021-08-24 02:01:40.856074,3570532,0.0,5.6
2021-08-24 02:01:41.013254,3570469,0.0,0.0
2021-08-24 02:01:41.013254,3570532,0.0,5.6
2021-08-24 02:01:41.170412,3570469,0.0,0.0
2021-08-24 02:01:41.170412,3570532,0.0,5.6
2021-08-24 02:01:41.327642,3570469,0.0,0.0
2021-08-24 02:01:41.327642,3570532,0.0,5.6
2021-08-24 02:01:41.484896,3570469,0.0,0.0
2021-08-24 02:01:41.484896,3570532,0.0,5.6
2021-08-24 02:01:41.642195,3570469,0.0,0.0
2021-08-24 02:01:41.642195,3570532,0.0,5.6
2021-08-24 02:01:41.799456,3570469,0.0,0.0
2021-08-24 02:01:41.799456,3570532,0.0,5.6
2021-08-24 02:01:41.956356,3570469,0.0,0.0
2021-08-24 02:01:41.956356,3570532,0.0,5.6
2021-08-24 02:01:42.113588,3570469,0.0,0.0
2021-08-24 02:01:42.113588,3570532,0.0,5.6
2021-08-24 02:01:42.270822,3570469,0.0,0.0
2021-08-24 02:01:42.270822,3570532,0.0,5.6
2021-08-24 02:01:42.428029,3570469,0.0,0.0
2021-08-24 02:01:42.428029,3570532,0.0,5.6
2021-08-24 02:01:42.585211,3570469,0.0,0.0
2021-08-24 02:01:42.585211,3570532,0.0,5.6
2021-08-24 02:01:42.742413,3570469,0.0,0.0
2021-08-24 02:01:42.742413,3570532,0.0,5.6
2021-08-24 02:01:42.899716,3570469,0.0,0.0
2021-08-24 02:01:42.899716,3570532,0.0,5.6
2021-08-24 02:01:43.057074,3570469,0.0,0.0
2021-08-24 02:01:43.057074,3570532,0.0,5.6
2021-08-24 02:01:43.213945,3570469,0.0,0.0
2021-08-24 02:01:43.213945,3570532,0.0,5.6
2021-08-24 02:01:43.371347,3570469,0.0,0.0
2021-08-24 02:01:43.371347,3570532,0.0,5.6
2021-08-24 02:01:43.528634,3570469,0.0,0.0
2021-08-24 02:01:43.528634,3570532,0.0,5.6
2021-08-24 02:01:43.685949,3570469,0.0,0.0
2021-08-24 02:01:43.685949,3570532,0.0,5.6
2021-08-24 02:01:43.843294,3570469,0.0,0.0
2021-08-24 02:01:43.843294,3570532,0.0,5.6
2021-08-24 02:01:44.000801,3570469,0.0,0.0
2021-08-24 02:01:44.000801,3570532,0.0,5.6
2021-08-24 02:01:44.157837,3570469,0.0,0.0
2021-08-24 02:01:44.157837,3570532,0.0,5.6
2021-08-24 02:01:44.315047,3570469,0.0,0.0
2021-08-24 02:01:44.315047,3570532,0.0,5.6
2021-08-24 02:01:44.472280,3570469,0.0,0.0
2021-08-24 02:01:44.472280,3570532,0.0,5.6
2021-08-24 02:01:44.629605,3570469,0.0,0.0
2021-08-24 02:01:44.629605,3570532,0.0,5.6
2021-08-24 02:01:44.786981,3570469,0.0,0.0
2021-08-24 02:01:44.786981,3570532,0.0,5.6
2021-08-24 02:01:44.944410,3570469,0.0,0.0
2021-08-24 02:01:44.944410,3570532,0.0,5.6
2021-08-24 02:01:45.101851,3570469,0.0,0.0
2021-08-24 02:01:45.101851,3570532,0.0,5.6
2021-08-24 02:01:45.259299,3570469,0.0,0.0
2021-08-24 02:01:45.259299,3570532,0.0,5.6
2021-08-24 02:01:45.416628,3570469,0.0,0.0
2021-08-24 02:01:45.416628,3570532,0.0,5.6
2021-08-24 02:01:45.573918,3570469,0.0,0.0
2021-08-24 02:01:45.573918,3570532,0.0,5.6
2021-08-24 02:01:45.731209,3570469,0.0,0.0
2021-08-24 02:01:45.731209,3570532,0.0,5.6
2021-08-24 02:01:45.888462,3570469,0.0,0.0
2021-08-24 02:01:45.888462,3570532,0.0,5.6
2021-08-24 02:01:46.045897,3570469,0.0,0.0
2021-08-24 02:01:46.045897,3570532,0.0,5.6
2021-08-24 02:01:46.203353,3570469,0.0,0.0
2021-08-24 02:01:46.203353,3570532,0.0,5.6
2021-08-24 02:01:46.360601,3570469,0.0,0.0
2021-08-24 02:01:46.360601,3570532,0.0,5.6
2021-08-24 02:01:46.517966,3570469,0.0,0.0
2021-08-24 02:01:46.517966,3570532,0.0,5.6
2021-08-24 02:01:46.675370,3570469,0.0,0.0
2021-08-24 02:01:46.675370,3570532,0.0,5.6
2021-08-24 02:01:46.832679,3570469,0.0,0.0
2021-08-24 02:01:46.832679,3570532,0.0,5.6
2021-08-24 02:01:46.990025,3570469,0.0,0.0
2021-08-24 02:01:46.990025,3570532,0.0,5.6
2021-08-24 02:01:47.147407,3570469,0.0,0.0
2021-08-24 02:01:47.147407,3570532,0.0,5.6
2021-08-24 02:01:47.304699,3570469,0.0,0.0
2021-08-24 02:01:47.304699,3570532,0.0,5.6
2021-08-24 02:01:47.461972,3570469,0.0,0.0
2021-08-24 02:01:47.461972,3570532,0.0,5.6
2021-08-24 02:01:47.619147,3570469,0.0,0.0
2021-08-24 02:01:47.619147,3570532,0.0,5.6
2021-08-24 02:01:47.775986,3570469,0.0,0.0
2021-08-24 02:01:47.775986,3570532,0.0,5.6
2021-08-24 02:01:47.933249,3570469,0.0,0.0
2021-08-24 02:01:47.933249,3570532,0.0,5.6
2021-08-24 02:01:48.090732,3570469,0.0,0.0
2021-08-24 02:01:48.090732,3570532,0.0,5.6
2021-08-24 02:01:48.248134,3570469,0.0,0.0
2021-08-24 02:01:48.248134,3570532,0.0,5.6
2021-08-24 02:01:48.405550,3570469,0.0,0.0
2021-08-24 02:01:48.405550,3570532,0.0,5.6
2021-08-24 02:01:48.562780,3570469,0.0,0.0
2021-08-24 02:01:48.562780,3570532,0.0,5.6
2021-08-24 02:01:48.720009,3570469,0.0,0.0
2021-08-24 02:01:48.720009,3570532,0.0,5.6
2021-08-24 02:01:48.877062,3570469,0.0,0.0
2021-08-24 02:01:48.877062,3570532,0.0,5.6
2021-08-24 02:01:49.034162,3570469,0.0,0.0
2021-08-24 02:01:49.034162,3570532,0.0,5.6
2021-08-24 02:01:49.191343,3570469,0.0,0.0
2021-08-24 02:01:49.191343,3570532,0.0,5.6
2021-08-24 02:01:49.348275,3570469,0.0,0.0
2021-08-24 02:01:49.348275,3570532,0.0,5.6
2021-08-24 02:01:49.505714,3570469,0.0,0.0
2021-08-24 02:01:49.505714,3570532,0.0,5.6
2021-08-24 02:01:49.662955,3570469,0.0,0.0
2021-08-24 02:01:49.662955,3570532,0.0,5.6
2021-08-24 02:01:49.820278,3570469,0.0,0.0
2021-08-24 02:01:49.820278,3570532,0.0,5.6
2021-08-24 02:01:49.977433,3570469,0.0,0.0
2021-08-24 02:01:49.977433,3570532,0.0,5.6
2021-08-24 02:01:50.134655,3570469,0.0,0.0
2021-08-24 02:01:50.134655,3570532,0.0,5.6
2021-08-24 02:01:50.291903,3570469,0.0,0.0
2021-08-24 02:01:50.291903,3570532,0.0,5.6
2021-08-24 02:01:50.448772,3570469,0.0,0.0
2021-08-24 02:01:50.448772,3570532,0.0,5.6
2021-08-24 02:01:50.606224,3570469,0.0,0.0
2021-08-24 02:01:50.606224,3570532,0.0,5.6
2021-08-24 02:01:50.763145,3570469,0.0,0.0
2021-08-24 02:01:50.763145,3570532,0.0,5.6
2021-08-24 02:01:50.920298,3570469,0.0,0.0
2021-08-24 02:01:50.920298,3570532,0.0,5.6
2021-08-24 02:01:51.077488,3570469,0.0,0.0
2021-08-24 02:01:51.077488,3570532,0.0,5.6
2021-08-24 02:01:51.234855,3570469,0.0,0.0
2021-08-24 02:01:51.234855,3570532,0.0,5.6
2021-08-24 02:01:51.392124,3570469,0.0,0.0
2021-08-24 02:01:51.392124,3570532,0.0,5.6
2021-08-24 02:01:51.549354,3570469,0.0,0.0
2021-08-24 02:01:51.549354,3570532,0.0,5.6
2021-08-24 02:01:51.706625,3570469,0.0,0.0
2021-08-24 02:01:51.706625,3570532,0.0,5.6
2021-08-24 02:01:51.864062,3570469,0.0,0.0
2021-08-24 02:01:51.864062,3570532,0.0,5.6
2021-08-24 02:01:52.021491,3570469,0.0,0.0
2021-08-24 02:01:52.021491,3570532,0.0,5.6
2021-08-24 02:01:52.178751,3570469,0.0,0.0
2021-08-24 02:01:52.178751,3570532,0.0,5.6
2021-08-24 02:01:52.335949,3570469,0.0,0.0
2021-08-24 02:01:52.335949,3570532,0.0,5.6
2021-08-24 02:01:52.493135,3570469,0.0,0.0
2021-08-24 02:01:52.493135,3570532,0.0,5.6
2021-08-24 02:01:52.650833,3570469,0.0,0.0
2021-08-24 02:01:52.650833,3570532,0.0,5.6
2021-08-24 02:01:52.808076,3570469,0.0,0.0
2021-08-24 02:01:52.808076,3570532,0.0,5.6
2021-08-24 02:01:52.965297,3570469,0.0,0.0
2021-08-24 02:01:52.965297,3570532,0.0,5.6
2021-08-24 02:01:53.122512,3570469,0.0,0.0
2021-08-24 02:01:53.122512,3570532,0.0,5.6
2021-08-24 02:01:53.279822,3570469,0.0,0.0
2021-08-24 02:01:53.279822,3570532,0.0,5.6
2021-08-24 02:01:53.436974,3570469,0.0,0.0
2021-08-24 02:01:53.436974,3570532,0.0,5.6
2021-08-24 02:01:53.594356,3570469,0.0,0.0
2021-08-24 02:01:53.594356,3570532,0.0,5.6
2021-08-24 02:01:53.751636,3570469,0.0,0.0
2021-08-24 02:01:53.751636,3570532,0.0,5.6
2021-08-24 02:01:53.909049,3570469,0.0,0.0
2021-08-24 02:01:53.909049,3570532,0.0,5.6
2021-08-24 02:01:54.066522,3570469,0.0,0.0
2021-08-24 02:01:54.066522,3570532,0.0,5.6
2021-08-24 02:01:54.223469,3570469,0.0,0.0
2021-08-24 02:01:54.223469,3570532,0.0,5.6
2021-08-24 02:01:54.380767,3570469,0.0,0.0
2021-08-24 02:01:54.380767,3570532,0.0,5.6
2021-08-24 02:01:54.537957,3570469,0.0,0.0
2021-08-24 02:01:54.537957,3570532,0.0,5.6
2021-08-24 02:01:54.695371,3570469,0.0,0.0
2021-08-24 02:01:54.695371,3570532,0.0,5.6
2021-08-24 02:01:54.852850,3570469,0.0,0.0
2021-08-24 02:01:54.852850,3570532,0.0,5.6
2021-08-24 02:01:55.010150,3570469,0.0,0.0
2021-08-24 02:01:55.010150,3570532,0.0,5.6
2021-08-24 02:01:55.167328,3570469,0.0,0.0
2021-08-24 02:01:55.167328,3570532,0.0,5.6
2021-08-24 02:01:55.324562,3570469,0.0,0.0
2021-08-24 02:01:55.324562,3570532,0.0,5.6
2021-08-24 02:01:55.481739,3570469,0.0,0.0
2021-08-24 02:01:55.481739,3570532,0.0,5.6
2021-08-24 02:01:55.638920,3570469,0.0,0.0
2021-08-24 02:01:55.638920,3570532,0.0,5.6
2021-08-24 02:01:55.796179,3570469,0.0,0.0
2021-08-24 02:01:55.796179,3570532,0.0,5.6
2021-08-24 02:01:55.953665,3570469,0.0,0.0
2021-08-24 02:01:55.953665,3570532,0.0,5.6
2021-08-24 02:01:56.111173,3570469,0.0,0.0
2021-08-24 02:01:56.111173,3570532,0.0,5.6
2021-08-24 02:01:56.268456,3570469,0.0,0.0
2021-08-24 02:01:56.268456,3570532,0.0,5.6
2021-08-24 02:01:56.425900,3570469,0.0,0.0
2021-08-24 02:01:56.425900,3570532,0.0,5.6
2021-08-24 02:01:56.583205,3570469,0.0,0.0
2021-08-24 02:01:56.583205,3570532,0.0,5.6
2021-08-24 02:01:56.740517,3570469,0.0,0.0
2021-08-24 02:01:56.740517,3570532,0.0,5.6
2021-08-24 02:01:56.897984,3570469,0.0,0.0
2021-08-24 02:01:56.897984,3570532,0.0,5.6
2021-08-24 02:01:57.055120,3570469,0.0,0.0
2021-08-24 02:01:57.055120,3570532,0.0,5.6
2021-08-24 02:01:57.212148,3570469,0.0,0.0
2021-08-24 02:01:57.212148,3570532,0.0,5.6
2021-08-24 02:01:57.369061,3570469,0.0,0.0
2021-08-24 02:01:57.369061,3570532,0.0,5.6
2021-08-24 02:01:57.526316,3570469,0.0,0.0
2021-08-24 02:01:57.526316,3570532,0.0,5.6
2021-08-24 02:01:57.683510,3570469,0.0,0.0
2021-08-24 02:01:57.683510,3570532,0.0,5.6
2021-08-24 02:01:57.840875,3570469,0.0,0.0
2021-08-24 02:01:57.840875,3570532,0.0,5.6
2021-08-24 02:01:57.998259,3570469,0.0,0.0
2021-08-24 02:01:57.998259,3570532,0.0,5.6
2021-08-24 02:01:58.155724,3570469,0.0,0.0
2021-08-24 02:01:58.155724,3570532,0.0,5.6
2021-08-24 02:01:58.312898,3570469,0.0,0.0
2021-08-24 02:01:58.312898,3570532,0.0,5.6
2021-08-24 02:01:58.470217,3570469,0.0,0.0
2021-08-24 02:01:58.470217,3570532,0.0,5.6
2021-08-24 02:01:58.627575,3570469,0.0,0.0
2021-08-24 02:01:58.627575,3570532,0.0,5.6
2021-08-24 02:01:58.784855,3570469,0.0,0.0
2021-08-24 02:01:58.784855,3570532,0.0,5.6
2021-08-24 02:01:58.942219,3570469,0.0,0.0
2021-08-24 02:01:58.942219,3570532,0.0,5.6
2021-08-24 02:01:59.099582,3570469,0.0,0.0
2021-08-24 02:01:59.099582,3570532,0.0,5.6
2021-08-24 02:01:59.256793,3570469,0.0,0.0
2021-08-24 02:01:59.256793,3570532,0.0,5.6
2021-08-24 02:01:59.414002,3570469,0.0,0.0
2021-08-24 02:01:59.414002,3570532,0.0,5.6
2021-08-24 02:01:59.571185,3570469,0.0,0.0
2021-08-24 02:01:59.571185,3570532,0.0,5.6
2021-08-24 02:01:59.728243,3570469,0.0,0.0
2021-08-24 02:01:59.728243,3570532,0.0,5.6
2021-08-24 02:01:59.885045,3570469,0.0,0.0
2021-08-24 02:01:59.885045,3570532,0.0,5.6
2021-08-24 02:02:00.042236,3570469,0.0,0.0
2021-08-24 02:02:00.042236,3570532,0.0,5.6
2021-08-24 02:02:00.199462,3570469,0.0,0.0
2021-08-24 02:02:00.199462,3570532,0.0,5.6
2021-08-24 02:02:00.356569,3570469,0.0,0.0
2021-08-24 02:02:00.356569,3570532,0.0,5.6
2021-08-24 02:02:00.513889,3570469,0.0,0.0
2021-08-24 02:02:00.513889,3570532,0.0,5.6
2021-08-24 02:02:00.671125,3570469,0.0,0.0
2021-08-24 02:02:00.671125,3570532,0.0,5.6
2021-08-24 02:02:00.828388,3570469,0.0,0.0
2021-08-24 02:02:00.828388,3570532,0.0,5.6
2021-08-24 02:02:00.985713,3570469,0.0,0.0
2021-08-24 02:02:00.985713,3570532,0.0,5.6
2021-08-24 02:02:01.143353,3570469,0.0,0.0
2021-08-24 02:02:01.143353,3570532,0.0,5.6
2021-08-24 02:02:01.300531,3570469,0.0,0.0
2021-08-24 02:02:01.300531,3570532,0.0,5.6
2021-08-24 02:02:01.457699,3570469,0.0,0.0
2021-08-24 02:02:01.457699,3570532,0.0,5.6
2021-08-24 02:02:01.615158,3570469,0.0,0.0
2021-08-24 02:02:01.615158,3570532,0.0,5.6
2021-08-24 02:02:01.772633,3570469,0.0,0.0
2021-08-24 02:02:01.772633,3570532,0.0,5.6
2021-08-24 02:02:01.930220,3570469,0.0,0.0
2021-08-24 02:02:01.930220,3570532,0.0,5.6
2021-08-24 02:02:02.087606,3570469,0.0,0.0
2021-08-24 02:02:02.087606,3570532,0.0,5.6
2021-08-24 02:02:02.244841,3570469,0.0,0.0
2021-08-24 02:02:02.244841,3570532,0.0,5.6
2021-08-24 02:02:02.402002,3570469,0.0,0.0
2021-08-24 02:02:02.402002,3570532,0.0,5.6
2021-08-24 02:02:02.559192,3570469,0.0,0.0
2021-08-24 02:02:02.559192,3570532,0.0,5.6
2021-08-24 02:02:02.716283,3570469,0.0,0.0
2021-08-24 02:02:02.716283,3570532,0.0,5.6
2021-08-24 02:02:02.873681,3570469,0.0,0.0
2021-08-24 02:02:02.873681,3570532,0.0,5.6
2021-08-24 02:02:03.030969,3570469,0.0,0.0
2021-08-24 02:02:03.030969,3570532,0.0,5.6
2021-08-24 02:02:03.188253,3570469,0.0,0.0
2021-08-24 02:02:03.188253,3570532,0.0,5.6
2021-08-24 02:02:03.345448,3570469,0.0,0.0
2021-08-24 02:02:03.345448,3570532,0.0,5.6
2021-08-24 02:02:03.502631,3570469,0.0,0.0
2021-08-24 02:02:03.502631,3570532,0.0,5.6
2021-08-24 02:02:03.659770,3570469,0.0,0.0
2021-08-24 02:02:03.659770,3570532,0.0,5.6
2021-08-24 02:02:03.817044,3570469,0.0,0.0
2021-08-24 02:02:03.817044,3570532,0.0,5.6
2021-08-24 02:02:03.974453,3570469,0.0,0.0
2021-08-24 02:02:03.974453,3570532,0.0,5.6
2021-08-24 02:02:04.131900,3570469,0.0,0.0
2021-08-24 02:02:04.131900,3570532,0.0,5.6
2021-08-24 02:02:04.289174,3570469,0.0,0.0
2021-08-24 02:02:04.289174,3570532,0.0,5.6
2021-08-24 02:02:04.446417,3570469,0.0,0.0
2021-08-24 02:02:04.446417,3570532,0.0,5.6
2021-08-24 02:02:04.603618,3570469,0.0,0.0
2021-08-24 02:02:04.603618,3570532,0.0,5.6
2021-08-24 02:02:04.760926,3570469,0.0,0.0
2021-08-24 02:02:04.760926,3570532,0.0,5.6
2021-08-24 02:02:04.918316,3570469,0.0,0.0
2021-08-24 02:02:04.918316,3570532,0.0,5.6
2021-08-24 02:02:05.075345,3570469,0.0,0.0
2021-08-24 02:02:05.075345,3570532,0.0,5.6
2021-08-24 02:02:05.232338,3570469,0.0,0.0
2021-08-24 02:02:05.232338,3570532,0.0,5.6
2021-08-24 02:02:05.389345,3570469,0.0,0.0
2021-08-24 02:02:05.389345,3570532,0.0,5.6
2021-08-24 02:02:05.546851,3570469,0.0,0.0
2021-08-24 02:02:05.546851,3570532,0.0,5.6
2021-08-24 02:02:05.704230,3570469,0.0,0.0
2021-08-24 02:02:05.704230,3570532,0.0,5.6
2021-08-24 02:02:05.861530,3570469,0.0,0.0
2021-08-24 02:02:05.861530,3570532,0.0,5.6
2021-08-24 02:02:06.018812,3570469,0.0,0.0
2021-08-24 02:02:06.018812,3570532,0.0,5.6
2021-08-24 02:02:06.176103,3570469,0.0,0.0
2021-08-24 02:02:06.176103,3570532,0.0,5.6
2021-08-24 02:02:06.333281,3570469,0.0,0.0
2021-08-24 02:02:06.333281,3570532,0.0,5.6
2021-08-24 02:02:06.490495,3570469,0.0,0.0
2021-08-24 02:02:06.490495,3570532,0.0,5.6
2021-08-24 02:02:06.647422,3570469,0.0,0.0
2021-08-24 02:02:06.647422,3570532,0.0,5.6
2021-08-24 02:02:06.804411,3570469,0.0,0.0
2021-08-24 02:02:06.804411,3570532,0.0,5.6
2021-08-24 02:02:06.961322,3570469,0.0,0.0
2021-08-24 02:02:06.961322,3570532,0.0,5.6
2021-08-24 02:02:07.118593,3570469,0.0,0.0
2021-08-24 02:02:07.118593,3570532,0.0,5.6
2021-08-24 02:02:07.276072,3570469,0.0,0.0
2021-08-24 02:02:07.276072,3570532,0.0,5.6
2021-08-24 02:02:07.433519,3570469,0.0,0.0
2021-08-24 02:02:07.433519,3570532,0.0,5.6
2021-08-24 02:02:07.590797,3570469,0.0,0.0
2021-08-24 02:02:07.590797,3570532,0.0,5.6
2021-08-24 02:02:07.748044,3570469,0.0,0.0
2021-08-24 02:02:07.748044,3570532,0.0,5.6
2021-08-24 02:02:07.905255,3570469,0.0,0.0
2021-08-24 02:02:07.905255,3570532,0.0,5.6
2021-08-24 02:02:08.062505,3570469,0.0,0.0
2021-08-24 02:02:08.062505,3570532,0.0,5.6
2021-08-24 02:02:08.219988,3570469,0.0,0.0
2021-08-24 02:02:08.219988,3570532,0.0,5.6
2021-08-24 02:02:08.377188,3570469,0.0,0.0
2021-08-24 02:02:08.377188,3570532,0.0,5.6
2021-08-24 02:02:08.534456,3570469,0.0,0.0
2021-08-24 02:02:08.534456,3570532,0.0,5.6
2021-08-24 02:02:08.691717,3570469,0.0,0.0
2021-08-24 02:02:08.691717,3570532,0.0,5.6
2021-08-24 02:02:08.848822,3570469,0.0,0.0
2021-08-24 02:02:08.848822,3570532,0.0,5.6
2021-08-24 02:02:09.006102,3570469,0.0,0.0
2021-08-24 02:02:09.006102,3570532,0.0,5.6
2021-08-24 02:02:09.163280,3570469,0.0,0.0
2021-08-24 02:02:09.163280,3570532,0.0,5.6
2021-08-24 02:02:09.320522,3570469,0.0,0.0
2021-08-24 02:02:09.320522,3570532,0.0,5.6
2021-08-24 02:02:09.477814,3570469,0.0,0.0
2021-08-24 02:02:09.477814,3570532,0.0,5.6
2021-08-24 02:02:09.635314,3570469,0.0,0.0
2021-08-24 02:02:09.635314,3570532,0.0,5.6
2021-08-24 02:02:09.792825,3570469,0.0,0.0
2021-08-24 02:02:09.792825,3570532,0.0,5.6
2021-08-24 02:02:09.950285,3570469,0.0,0.0
2021-08-24 02:02:09.950285,3570532,0.0,5.6
2021-08-24 02:02:10.107783,3570469,0.0,0.0
2021-08-24 02:02:10.107783,3570532,0.0,5.6
2021-08-24 02:02:10.265952,3570469,0.0,0.0
2021-08-24 02:02:10.265952,3570532,0.0,5.6
2021-08-24 02:02:10.423411,3570469,0.0,0.0
2021-08-24 02:02:10.423411,3570532,0.0,5.6
2021-08-24 02:02:10.580798,3570469,0.0,0.0
2021-08-24 02:02:10.580798,3570532,0.0,5.6
2021-08-24 02:02:10.738141,3570469,0.0,0.0
2021-08-24 02:02:10.738141,3570532,0.0,5.6
2021-08-24 02:02:10.895371,3570469,0.0,0.0
2021-08-24 02:02:10.895371,3570532,0.0,5.6
2021-08-24 02:02:11.052673,3570469,0.0,0.0
2021-08-24 02:02:11.052673,3570532,0.0,5.6
2021-08-24 02:02:11.210087,3570469,0.0,0.0
2021-08-24 02:02:11.210087,3570532,0.0,5.6
2021-08-24 02:02:11.367320,3570469,0.0,0.0
2021-08-24 02:02:11.367320,3570532,0.0,5.6
2021-08-24 02:02:11.524433,3570469,0.0,0.0
2021-08-24 02:02:11.524433,3570532,0.0,5.6
2021-08-24 02:02:11.681514,3570469,0.0,0.0
2021-08-24 02:02:11.681514,3570532,0.0,5.6
2021-08-24 02:02:11.838950,3570469,0.0,0.0
2021-08-24 02:02:11.838950,3570532,0.0,5.6
2021-08-24 02:02:11.996294,3570469,0.0,0.0
2021-08-24 02:02:11.996294,3570532,0.0,5.6
2021-08-24 02:02:12.152519,3570469,0.0,0.0
2021-08-24 02:02:12.152519,3570532,0.0,5.6
2021-08-24 02:02:12.309812,3570469,0.0,0.0
2021-08-24 02:02:12.309812,3570532,0.0,5.6
2021-08-24 02:02:12.467197,3570469,0.0,0.0
2021-08-24 02:02:12.467197,3570532,0.0,5.6
2021-08-24 02:02:12.624413,3570469,0.0,0.0
2021-08-24 02:02:12.624413,3570532,0.0,5.6
2021-08-24 02:02:12.781788,3570469,0.0,0.0
2021-08-24 02:02:12.781788,3570532,0.0,5.6
2021-08-24 02:02:12.938987,3570469,0.0,0.0
2021-08-24 02:02:12.938987,3570532,0.0,5.6
2021-08-24 02:02:13.096149,3570469,0.0,0.0
2021-08-24 02:02:13.096149,3570532,0.0,5.6
2021-08-24 02:02:13.253271,3570469,0.0,0.0
2021-08-24 02:02:13.253271,3570532,0.0,5.6
2021-08-24 02:02:13.410637,3570469,0.0,0.0
2021-08-24 02:02:13.410637,3570532,0.0,5.6
2021-08-24 02:02:13.568001,3570469,0.0,0.0
2021-08-24 02:02:13.568001,3570532,0.0,5.6
2021-08-24 02:02:13.724369,3570469,0.0,0.0
2021-08-24 02:02:13.724369,3570532,0.0,5.6
2021-08-24 02:02:13.881771,3570469,0.0,0.0
2021-08-24 02:02:13.881771,3570532,0.0,5.6
2021-08-24 02:02:14.039174,3570532,6.7,5.6
2021-08-24 02:02:14.039174,3570469,0.0,0.0
2021-08-24 02:02:14.196351,3570469,0.0,0.0
2021-08-24 02:02:14.196351,3570532,0.0,5.6
2021-08-24 02:02:14.353518,3570469,0.0,0.0
2021-08-24 02:02:14.353518,3570532,0.0,5.6
2021-08-24 02:02:14.510638,3570469,0.0,0.0
2021-08-24 02:02:14.510638,3570532,0.0,5.6
2021-08-24 02:02:14.667833,3570469,0.0,0.0
2021-08-24 02:02:14.667833,3570532,0.0,5.6
2021-08-24 02:02:14.825105,3570469,0.0,0.0
2021-08-24 02:02:14.825105,3570532,0.0,5.6
2021-08-24 02:02:14.982496,3570469,0.0,0.0
2021-08-24 02:02:14.982496,3570532,0.0,5.6
2021-08-24 02:02:15.139712,3570469,0.0,0.0
2021-08-24 02:02:15.139712,3570532,0.0,5.6
2021-08-24 02:02:15.296752,3570469,0.0,0.0
2021-08-24 02:02:15.296752,3570532,0.0,5.6
2021-08-24 02:02:15.454116,3570469,0.0,0.0
2021-08-24 02:02:15.454116,3570532,0.0,5.6
2021-08-24 02:02:15.611596,3570469,0.0,0.0
2021-08-24 02:02:15.611596,3570532,0.0,5.6
2021-08-24 02:02:15.768964,3570469,0.0,0.0
2021-08-24 02:02:15.768964,3570532,0.0,5.6
2021-08-24 02:02:15.926228,3570469,0.0,0.0
2021-08-24 02:02:15.926228,3570532,0.0,5.6
2021-08-24 02:02:16.083379,3570469,0.0,0.0
2021-08-24 02:02:16.083379,3570532,0.0,5.6
2021-08-24 02:02:16.240674,3570469,0.0,0.0
2021-08-24 02:02:16.240674,3570532,0.0,5.6
2021-08-24 02:02:16.398054,3570469,0.0,0.0
2021-08-24 02:02:16.398054,3570532,0.0,5.6
2021-08-24 02:02:16.555253,3570469,0.0,0.0
2021-08-24 02:02:16.555253,3570532,0.0,5.6
2021-08-24 02:02:16.712511,3570469,0.0,0.0
2021-08-24 02:02:16.712511,3570532,0.0,5.6
2021-08-24 02:02:16.869923,3570469,0.0,0.0
2021-08-24 02:02:16.869923,3570532,0.0,5.6
2021-08-24 02:02:17.027187,3570469,0.0,0.0
2021-08-24 02:02:17.027187,3570532,0.0,5.6
2021-08-24 02:02:17.184367,3570469,0.0,0.0
2021-08-24 02:02:17.184367,3570532,0.0,5.6
2021-08-24 02:02:17.341664,3570469,0.0,0.0
2021-08-24 02:02:17.341664,3570532,0.0,5.6
2021-08-24 02:02:17.499033,3570469,0.0,0.0
2021-08-24 02:02:17.499033,3570532,0.0,5.6
2021-08-24 02:02:17.656234,3570469,0.0,0.0
2021-08-24 02:02:17.656234,3570532,0.0,5.6
2021-08-24 02:02:17.813587,3570469,0.0,0.0
2021-08-24 02:02:17.813587,3570532,0.0,5.6
2021-08-24 02:02:17.970831,3570469,0.0,0.0
2021-08-24 02:02:17.970831,3570532,0.0,5.6
2021-08-24 02:02:18.128229,3570469,0.0,0.0
2021-08-24 02:02:18.128229,3570532,0.0,5.6
2021-08-24 02:02:18.285520,3570469,0.0,0.0
2021-08-24 02:02:18.285520,3570532,0.0,5.6
2021-08-24 02:02:18.442833,3570469,0.0,0.0
2021-08-24 02:02:18.442833,3570532,0.0,5.6
2021-08-24 02:02:18.600419,3570469,0.0,0.0
2021-08-24 02:02:18.600419,3570532,0.0,5.6
2021-08-24 02:02:18.757446,3570469,0.0,0.0
2021-08-24 02:02:18.757446,3570532,0.0,5.6
2021-08-24 02:02:18.914618,3570469,0.0,0.0
2021-08-24 02:02:18.914618,3570532,0.0,5.6
2021-08-24 02:02:19.071781,3570469,0.0,0.0
2021-08-24 02:02:19.071781,3570532,0.0,5.6
2021-08-24 02:02:19.229121,3570469,0.0,0.0
2021-08-24 02:02:19.229121,3570532,0.0,5.6
2021-08-24 02:02:19.386434,3570469,0.0,0.0
2021-08-24 02:02:19.386434,3570532,0.0,5.6
2021-08-24 02:02:19.543789,3570469,0.0,0.0
2021-08-24 02:02:19.543789,3570532,0.0,5.6
2021-08-24 02:02:19.701143,3570469,0.0,0.0
2021-08-24 02:02:19.701143,3570532,0.0,5.6
2021-08-24 02:02:19.858640,3570469,0.0,0.0
2021-08-24 02:02:19.858640,3570532,0.0,5.6
2021-08-24 02:02:20.015889,3570469,0.0,0.0
2021-08-24 02:02:20.015889,3570532,0.0,5.6
2021-08-24 02:02:20.173048,3570469,0.0,0.0
2021-08-24 02:02:20.173048,3570532,0.0,5.6
2021-08-24 02:02:20.330323,3570469,0.0,0.0
2021-08-24 02:02:20.330323,3570532,0.0,5.6
2021-08-24 02:02:20.487651,3570469,0.0,0.0
2021-08-24 02:02:20.487651,3570532,0.0,5.6
2021-08-24 02:02:20.644928,3570469,0.0,0.0
2021-08-24 02:02:20.644928,3570532,0.0,5.6
2021-08-24 02:02:20.802366,3570469,0.0,0.0
2021-08-24 02:02:20.802366,3570532,0.0,5.6
2021-08-24 02:02:20.959639,3570469,0.0,0.0
2021-08-24 02:02:20.959639,3570532,0.0,5.6
2021-08-24 02:02:21.116932,3570469,0.0,0.0
2021-08-24 02:02:21.116932,3570532,0.0,5.6
2021-08-24 02:02:21.274131,3570469,0.0,0.0
2021-08-24 02:02:21.274131,3570532,0.0,5.6
2021-08-24 02:02:21.431303,3570469,0.0,0.0
2021-08-24 02:02:21.431303,3570532,0.0,5.6
2021-08-24 02:02:21.588531,3570469,0.0,0.0
2021-08-24 02:02:21.588531,3570532,0.0,5.6
2021-08-24 02:02:21.745776,3570469,0.0,0.0
2021-08-24 02:02:21.745776,3570532,0.0,5.6
2021-08-24 02:02:21.903378,3570469,0.0,0.0
2021-08-24 02:02:21.903378,3570532,0.0,5.6
2021-08-24 02:02:22.060773,3570469,0.0,0.0
2021-08-24 02:02:22.060773,3570532,0.0,5.6
2021-08-24 02:02:22.218165,3570469,0.0,0.0
2021-08-24 02:02:22.218165,3570532,0.0,5.6
2021-08-24 02:02:22.375405,3570469,0.0,0.0
2021-08-24 02:02:22.375405,3570532,0.0,5.6
2021-08-24 02:02:22.532652,3570469,0.0,0.0
2021-08-24 02:02:22.532652,3570532,0.0,5.6
2021-08-24 02:02:22.689955,3570469,0.0,0.0
2021-08-24 02:02:22.689955,3570532,0.0,5.6
2021-08-24 02:02:22.847241,3570469,0.0,0.0
2021-08-24 02:02:22.847241,3570532,0.0,5.6
2021-08-24 02:02:23.004534,3570469,0.0,0.0
2021-08-24 02:02:23.004534,3570532,0.0,5.6
2021-08-24 02:02:23.161778,3570469,0.0,0.0
2021-08-24 02:02:23.161778,3570532,0.0,5.6
2021-08-24 02:02:23.318895,3570469,0.0,0.0
2021-08-24 02:02:23.318895,3570532,0.0,5.6
2021-08-24 02:02:23.476235,3570469,0.0,0.0
2021-08-24 02:02:23.476235,3570532,0.0,5.6
2021-08-24 02:02:23.633588,3570469,0.0,0.0
2021-08-24 02:02:23.633588,3570532,0.0,5.6
2021-08-24 02:02:23.790846,3570469,0.0,0.0
2021-08-24 02:02:23.790846,3570532,0.0,5.6
2021-08-24 02:02:23.948008,3570469,0.0,0.0
2021-08-24 02:02:23.948008,3570532,0.0,5.6
2021-08-24 02:02:24.105301,3570469,0.0,0.0
2021-08-24 02:02:24.105301,3570532,0.0,5.6
2021-08-24 02:02:24.262489,3570469,0.0,0.0
2021-08-24 02:02:24.262489,3570532,0.0,5.6
2021-08-24 02:02:24.419663,3570469,0.0,0.0
2021-08-24 02:02:24.419663,3570532,0.0,5.6
2021-08-24 02:02:24.576897,3570469,0.0,0.0
2021-08-24 02:02:24.576897,3570532,0.0,5.6
2021-08-24 02:02:24.734113,3570469,0.0,0.0
2021-08-24 02:02:24.734113,3570532,0.0,5.6
2021-08-24 02:02:24.891383,3570469,0.0,0.0
2021-08-24 02:02:24.891383,3570532,0.0,5.6
2021-08-24 02:02:25.048634,3570469,0.0,0.0
2021-08-24 02:02:25.048634,3570532,0.0,5.6
2021-08-24 02:02:25.204885,3570469,0.0,0.0
2021-08-24 02:02:25.204885,3570532,0.0,5.6
2021-08-24 02:02:25.362302,3570469,0.0,0.0
2021-08-24 02:02:25.362302,3570532,0.0,5.6
2021-08-24 02:02:25.519822,3570469,0.0,0.0
2021-08-24 02:02:25.519822,3570532,0.0,5.6
2021-08-24 02:02:25.677054,3570469,0.0,0.0
2021-08-24 02:02:25.677054,3570532,0.0,5.6
2021-08-24 02:02:25.834251,3570469,0.0,0.0
2021-08-24 02:02:25.834251,3570532,0.0,5.6
2021-08-24 02:02:25.991511,3570469,0.0,0.0
2021-08-24 02:02:25.991511,3570532,0.0,5.6
2021-08-24 02:02:26.149015,3570469,0.0,0.0
2021-08-24 02:02:26.149015,3570532,0.0,5.6
2021-08-24 02:02:26.306242,3570469,0.0,0.0
2021-08-24 02:02:26.306242,3570532,0.0,5.6
