timestamp,PID,CPU,RAM
2021-07-29 10:50:31.545818,1930499,0.0,0.0
2021-07-29 10:50:31.545818,1930561,0.0,5.0
2021-07-29 10:50:31.702587,1930499,0.0,0.0
2021-07-29 10:50:31.702587,1930561,0.0,5.0
2021-07-29 10:50:31.859318,1930499,0.0,0.0
2021-07-29 10:50:31.859318,1930561,0.0,5.0
2021-07-29 10:50:32.016076,1930499,0.0,0.0
2021-07-29 10:50:32.016076,1930561,0.0,5.0
2021-07-29 10:50:32.172756,1930499,0.0,0.0
2021-07-29 10:50:32.172756,1930561,0.0,5.0
2021-07-29 10:50:32.329379,1930499,0.0,0.0
2021-07-29 10:50:32.329379,1930561,0.0,5.0
2021-07-29 10:50:32.486047,1930499,0.0,0.0
2021-07-29 10:50:32.486047,1930561,0.0,5.0
2021-07-29 10:50:32.642604,1930499,0.0,0.0
2021-07-29 10:50:32.642604,1930561,0.0,5.0
2021-07-29 10:50:32.799287,1930499,0.0,0.0
2021-07-29 10:50:32.799287,1930561,0.0,5.0
2021-07-29 10:50:32.955786,1930499,0.0,0.0
2021-07-29 10:50:32.955786,1930561,0.0,5.0
2021-07-29 10:50:33.112361,1930499,0.0,0.0
2021-07-29 10:50:33.112361,1930561,0.0,5.0
2021-07-29 10:50:33.269091,1930499,0.0,0.0
2021-07-29 10:50:33.269091,1930561,0.0,5.0
2021-07-29 10:50:33.425323,1930499,0.0,0.0
2021-07-29 10:50:33.425323,1930561,0.0,5.0
2021-07-29 10:50:33.581886,1930499,0.0,0.0
2021-07-29 10:50:33.581886,1930561,0.0,5.0
2021-07-29 10:50:33.738615,1930499,0.0,0.0
2021-07-29 10:50:33.738615,1930561,0.0,5.0
2021-07-29 10:50:33.895237,1930499,0.0,0.0
2021-07-29 10:50:33.895237,1930561,0.0,5.0
2021-07-29 10:50:34.051983,1930561,46.7,5.0
2021-07-29 10:50:34.051983,1930499,0.0,0.0
2021-07-29 10:50:34.207823,1930499,0.0,0.0
2021-07-29 10:50:34.207823,1930561,0.0,5.0
2021-07-29 10:50:34.363917,1930499,0.0,0.0
2021-07-29 10:50:34.363917,1930561,0.0,5.0
2021-07-29 10:50:34.521824,1930499,0.0,0.0
2021-07-29 10:50:34.521824,1930561,0.0,5.0
2021-07-29 10:50:34.677785,1930499,0.0,0.0
2021-07-29 10:50:34.677785,1930561,0.0,5.0
2021-07-29 10:50:34.834710,1930499,0.0,0.0
2021-07-29 10:50:34.834710,1930561,0.0,5.0
2021-07-29 10:50:34.991489,1930499,0.0,0.0
2021-07-29 10:50:34.991489,1930561,0.0,5.0
2021-07-29 10:50:35.147703,1930499,0.0,0.0
2021-07-29 10:50:35.147703,1930561,0.0,5.0
2021-07-29 10:50:35.303503,1930499,0.0,0.0
2021-07-29 10:50:35.303503,1930561,0.0,5.0
2021-07-29 10:50:35.459198,1930499,0.0,0.0
2021-07-29 10:50:35.459198,1930561,0.0,5.0
2021-07-29 10:50:35.615093,1930499,0.0,0.0
2021-07-29 10:50:35.615093,1930561,0.0,5.0
2021-07-29 10:50:35.770261,1930499,0.0,0.0
2021-07-29 10:50:35.770261,1930561,0.0,5.0
2021-07-29 10:50:35.926386,1930499,0.0,0.0
2021-07-29 10:50:35.926386,1930561,0.0,5.0
2021-07-29 10:50:36.082816,1930499,0.0,0.0
2021-07-29 10:50:36.082816,1930561,0.0,5.0
2021-07-29 10:50:36.240137,1930499,0.0,0.0
2021-07-29 10:50:36.240137,1930561,0.0,5.0
2021-07-29 10:50:36.395494,1930499,0.0,0.0
2021-07-29 10:50:36.395494,1930561,0.0,5.0
2021-07-29 10:50:36.552079,1930499,0.0,0.0
2021-07-29 10:50:36.552079,1930561,0.0,5.0
2021-07-29 10:50:36.708330,1930499,0.0,0.0
2021-07-29 10:50:36.708330,1930561,0.0,5.0
2021-07-29 10:50:36.864749,1930499,0.0,0.0
2021-07-29 10:50:36.864749,1930561,0.0,5.0
2021-07-29 10:50:37.022010,1930499,0.0,0.0
2021-07-29 10:50:37.022010,1930561,0.0,5.0
2021-07-29 10:50:37.178414,1930499,0.0,0.0
2021-07-29 10:50:37.178414,1930561,0.0,5.0
2021-07-29 10:50:37.334610,1930499,0.0,0.0
2021-07-29 10:50:37.334610,1930561,0.0,5.0
2021-07-29 10:50:37.491137,1930499,0.0,0.0
2021-07-29 10:50:37.491137,1930561,0.0,5.0
2021-07-29 10:50:37.647353,1930499,0.0,0.0
2021-07-29 10:50:37.647353,1930561,0.0,5.0
2021-07-29 10:50:37.804032,1930499,0.0,0.0
2021-07-29 10:50:37.804032,1930561,0.0,5.0
2021-07-29 10:50:37.960486,1930499,0.0,0.0
2021-07-29 10:50:37.960486,1930561,0.0,5.0
2021-07-29 10:50:38.117123,1930499,0.0,0.0
2021-07-29 10:50:38.117123,1930561,0.0,5.0
2021-07-29 10:50:38.273628,1930499,0.0,0.0
2021-07-29 10:50:38.273628,1930561,0.0,5.0
2021-07-29 10:50:38.430212,1930499,0.0,0.0
2021-07-29 10:50:38.430212,1930561,0.0,5.0
2021-07-29 10:50:38.586851,1930499,0.0,0.0
2021-07-29 10:50:38.586851,1930561,0.0,5.0
2021-07-29 10:50:38.743399,1930499,0.0,0.0
2021-07-29 10:50:38.743399,1930561,0.0,5.0
2021-07-29 10:50:38.900162,1930499,0.0,0.0
2021-07-29 10:50:38.900162,1930561,0.0,5.0
2021-07-29 10:50:39.056669,1930499,0.0,0.0
2021-07-29 10:50:39.056669,1930561,0.0,5.0
2021-07-29 10:50:39.212973,1930499,0.0,0.0
2021-07-29 10:50:39.212973,1930561,0.0,5.0
2021-07-29 10:50:39.370079,1930499,0.0,0.0
2021-07-29 10:50:39.370079,1930561,0.0,5.0
2021-07-29 10:50:39.526886,1930499,0.0,0.0
2021-07-29 10:50:39.526886,1930561,0.0,5.0
2021-07-29 10:50:39.683618,1930499,0.0,0.0
2021-07-29 10:50:39.683618,1930561,0.0,5.0
2021-07-29 10:50:39.840372,1930499,0.0,0.0
2021-07-29 10:50:39.840372,1930561,0.0,5.0
2021-07-29 10:50:39.997068,1930499,0.0,0.0
2021-07-29 10:50:39.997068,1930561,0.0,5.0
2021-07-29 10:50:40.153504,1930499,0.0,0.0
2021-07-29 10:50:40.153504,1930561,0.0,5.0
2021-07-29 10:50:40.310010,1930499,0.0,0.0
2021-07-29 10:50:40.310010,1930561,0.0,5.0
2021-07-29 10:50:40.466391,1930499,0.0,0.0
2021-07-29 10:50:40.466391,1930561,0.0,5.0
2021-07-29 10:50:40.622829,1930499,0.0,0.0
2021-07-29 10:50:40.622829,1930561,0.0,5.0
2021-07-29 10:50:40.779511,1930499,0.0,0.0
2021-07-29 10:50:40.779511,1930561,0.0,5.0
2021-07-29 10:50:40.936310,1930499,0.0,0.0
2021-07-29 10:50:40.936310,1930561,0.0,5.0
2021-07-29 10:50:41.093034,1930499,0.0,0.0
2021-07-29 10:50:41.093034,1930561,0.0,5.0
2021-07-29 10:50:41.249257,1930499,0.0,0.0
2021-07-29 10:50:41.249257,1930561,0.0,5.0
2021-07-29 10:50:41.405635,1930561,6.7,5.0
2021-07-29 10:50:41.405635,1930499,0.0,0.0
2021-07-29 10:50:41.562167,1930499,0.0,0.0
2021-07-29 10:50:41.562167,1930561,0.0,5.0
2021-07-29 10:50:41.718663,1930499,0.0,0.0
2021-07-29 10:50:41.718663,1930561,0.0,5.0
2021-07-29 10:50:41.875144,1930499,0.0,0.0
2021-07-29 10:50:41.875144,1930561,0.0,5.0
2021-07-29 10:50:42.031614,1930499,0.0,0.0
2021-07-29 10:50:42.031614,1930561,0.0,5.0
2021-07-29 10:50:42.188116,1930499,0.0,0.0
2021-07-29 10:50:42.188116,1930561,0.0,5.0
2021-07-29 10:50:42.344917,1930499,0.0,0.0
2021-07-29 10:50:42.344917,1930561,0.0,5.0
2021-07-29 10:50:42.501665,1930499,0.0,0.0
2021-07-29 10:50:42.501665,1930561,0.0,5.0
2021-07-29 10:50:42.658444,1930499,0.0,0.0
2021-07-29 10:50:42.658444,1930561,0.0,5.0
2021-07-29 10:50:42.815150,1930499,0.0,0.0
2021-07-29 10:50:42.815150,1930561,0.0,5.0
2021-07-29 10:50:42.971925,1930499,0.0,0.0
2021-07-29 10:50:42.971925,1930561,0.0,5.0
2021-07-29 10:50:43.128566,1930499,0.0,0.0
2021-07-29 10:50:43.128566,1930561,0.0,5.0
2021-07-29 10:50:43.285358,1930499,0.0,0.0
2021-07-29 10:50:43.285358,1930561,0.0,5.0
2021-07-29 10:50:43.442108,1930499,0.0,0.0
2021-07-29 10:50:43.442108,1930561,0.0,5.0
2021-07-29 10:50:43.598838,1930499,0.0,0.0
2021-07-29 10:50:43.598838,1930561,0.0,5.0
2021-07-29 10:50:43.755481,1930499,0.0,0.0
2021-07-29 10:50:43.755481,1930561,0.0,5.0
2021-07-29 10:50:43.912096,1930499,0.0,0.0
2021-07-29 10:50:43.912096,1930561,0.0,5.0
2021-07-29 10:50:44.068847,1930499,0.0,0.0
2021-07-29 10:50:44.068847,1930561,0.0,5.0
2021-07-29 10:50:44.225460,1930499,0.0,0.0
2021-07-29 10:50:44.225460,1930561,0.0,5.0
2021-07-29 10:50:44.381682,1930499,0.0,0.0
2021-07-29 10:50:44.381682,1930561,0.0,5.0
2021-07-29 10:50:44.538126,1930499,0.0,0.0
2021-07-29 10:50:44.538126,1930561,0.0,5.0
2021-07-29 10:50:44.694717,1930499,0.0,0.0
2021-07-29 10:50:44.694717,1930561,0.0,5.0
2021-07-29 10:50:44.851435,1930499,0.0,0.0
2021-07-29 10:50:44.851435,1930561,0.0,5.0
2021-07-29 10:50:45.008127,1930499,0.0,0.0
2021-07-29 10:50:45.008127,1930561,0.0,5.0
2021-07-29 10:50:45.164915,1930499,0.0,0.0
2021-07-29 10:50:45.164915,1930561,0.0,5.0
2021-07-29 10:50:45.321556,1930499,0.0,0.0
2021-07-29 10:50:45.321556,1930561,0.0,5.0
2021-07-29 10:50:45.478028,1930499,0.0,0.0
2021-07-29 10:50:45.478028,1930561,0.0,5.0
2021-07-29 10:50:45.634605,1930499,0.0,0.0
2021-07-29 10:50:45.634605,1930561,0.0,5.0
2021-07-29 10:50:45.791081,1930499,0.0,0.0
2021-07-29 10:50:45.791081,1930561,0.0,5.0
2021-07-29 10:50:45.947153,1930499,0.0,0.0
2021-07-29 10:50:45.947153,1930561,0.0,5.0
2021-07-29 10:50:46.103575,1930499,0.0,0.0
2021-07-29 10:50:46.103575,1930561,0.0,5.0
2021-07-29 10:50:46.260174,1930499,0.0,0.0
2021-07-29 10:50:46.260174,1930561,0.0,5.0
2021-07-29 10:50:46.416834,1930499,0.0,0.0
2021-07-29 10:50:46.416834,1930561,0.0,5.0
2021-07-29 10:50:46.573005,1930499,0.0,0.0
2021-07-29 10:50:46.573005,1930561,0.0,5.0
2021-07-29 10:50:46.729408,1930499,0.0,0.0
2021-07-29 10:50:46.729408,1930561,0.0,5.0
2021-07-29 10:50:46.885742,1930499,0.0,0.0
2021-07-29 10:50:46.885742,1930561,0.0,5.0
2021-07-29 10:50:47.042286,1930499,0.0,0.0
2021-07-29 10:50:47.042286,1930561,0.0,5.0
2021-07-29 10:50:47.198875,1930499,0.0,0.0
2021-07-29 10:50:47.198875,1930561,0.0,5.0
2021-07-29 10:50:47.355453,1930499,0.0,0.0
2021-07-29 10:50:47.355453,1930561,0.0,5.0
2021-07-29 10:50:47.512210,1930499,0.0,0.0
2021-07-29 10:50:47.512210,1930561,0.0,5.0
2021-07-29 10:50:47.668628,1930499,0.0,0.0
2021-07-29 10:50:47.668628,1930561,0.0,5.0
2021-07-29 10:50:47.824856,1930499,0.0,0.0
2021-07-29 10:50:47.824856,1930561,0.0,5.0
2021-07-29 10:50:47.981200,1930499,0.0,0.0
2021-07-29 10:50:47.981200,1930561,0.0,5.0
2021-07-29 10:50:48.137366,1930499,0.0,0.0
2021-07-29 10:50:48.137366,1930561,0.0,5.0
2021-07-29 10:50:48.293804,1930499,0.0,0.0
2021-07-29 10:50:48.293804,1930561,0.0,5.0
2021-07-29 10:50:48.450396,1930499,0.0,0.0
2021-07-29 10:50:48.450396,1930561,0.0,5.0
2021-07-29 10:50:48.606838,1930499,0.0,0.0
2021-07-29 10:50:48.606838,1930561,0.0,5.0
2021-07-29 10:50:48.762952,1930499,0.0,0.0
2021-07-29 10:50:48.762952,1930561,0.0,5.0
2021-07-29 10:50:48.919465,1930499,0.0,0.0
2021-07-29 10:50:48.919465,1930561,0.0,5.0
2021-07-29 10:50:49.076212,1930499,0.0,0.0
2021-07-29 10:50:49.076212,1930561,0.0,5.0
2021-07-29 10:50:49.232869,1930499,0.0,0.0
2021-07-29 10:50:49.232869,1930561,0.0,5.0
2021-07-29 10:50:49.389438,1930499,0.0,0.0
2021-07-29 10:50:49.389438,1930561,0.0,5.0
2021-07-29 10:50:49.546114,1930499,0.0,0.0
2021-07-29 10:50:49.546114,1930561,0.0,5.0
2021-07-29 10:50:49.702849,1930499,0.0,0.0
2021-07-29 10:50:49.702849,1930561,0.0,5.0
2021-07-29 10:50:49.859573,1930499,0.0,0.0
2021-07-29 10:50:49.859573,1930561,0.0,5.0
2021-07-29 10:50:50.016332,1930499,0.0,0.0
2021-07-29 10:50:50.016332,1930561,0.0,5.0
2021-07-29 10:50:50.173063,1930499,0.0,0.0
2021-07-29 10:50:50.173063,1930561,0.0,5.0
2021-07-29 10:50:50.329315,1930499,0.0,0.0
2021-07-29 10:50:50.329315,1930561,0.0,5.0
2021-07-29 10:50:50.485813,1930499,0.0,0.0
2021-07-29 10:50:50.485813,1930561,0.0,5.0
2021-07-29 10:50:50.642366,1930499,0.0,0.0
2021-07-29 10:50:50.642366,1930561,0.0,5.0
2021-07-29 10:50:50.798986,1930499,0.0,0.0
2021-07-29 10:50:50.798986,1930561,0.0,5.0
2021-07-29 10:50:50.955521,1930499,0.0,0.0
2021-07-29 10:50:50.955521,1930561,0.0,5.0
2021-07-29 10:50:51.112262,1930499,0.0,0.0
2021-07-29 10:50:51.112262,1930561,0.0,5.0
2021-07-29 10:50:51.268985,1930499,0.0,0.0
2021-07-29 10:50:51.268985,1930561,0.0,5.0
2021-07-29 10:50:51.425427,1930499,0.0,0.0
2021-07-29 10:50:51.425427,1930561,0.0,5.0
2021-07-29 10:50:51.581760,1930499,0.0,0.0
2021-07-29 10:50:51.581760,1930561,0.0,5.0
2021-07-29 10:50:51.738345,1930499,0.0,0.0
2021-07-29 10:50:51.738345,1930561,0.0,5.0
2021-07-29 10:50:51.894966,1930499,0.0,0.0
2021-07-29 10:50:51.894966,1930561,0.0,5.0
2021-07-29 10:50:52.051467,1930499,0.0,0.0
2021-07-29 10:50:52.051467,1930561,0.0,5.0
2021-07-29 10:50:52.207662,1930499,0.0,0.0
2021-07-29 10:50:52.207662,1930561,0.0,5.0
2021-07-29 10:50:52.364147,1930499,0.0,0.0
2021-07-29 10:50:52.364147,1930561,0.0,5.0
2021-07-29 10:50:52.520546,1930499,0.0,0.0
2021-07-29 10:50:52.520546,1930561,0.0,5.0
2021-07-29 10:50:52.677018,1930499,0.0,0.0
2021-07-29 10:50:52.677018,1930561,0.0,5.0
2021-07-29 10:50:52.833491,1930499,0.0,0.0
2021-07-29 10:50:52.833491,1930561,0.0,5.0
2021-07-29 10:50:52.989984,1930499,0.0,0.0
2021-07-29 10:50:52.989984,1930561,0.0,5.0
2021-07-29 10:50:53.146510,1930499,0.0,0.0
2021-07-29 10:50:53.146510,1930561,0.0,5.0
2021-07-29 10:50:53.302982,1930499,0.0,0.0
2021-07-29 10:50:53.302982,1930561,0.0,5.0
2021-07-29 10:50:53.459580,1930499,0.0,0.0
2021-07-29 10:50:53.459580,1930561,0.0,5.0
2021-07-29 10:50:53.616221,1930499,0.0,0.0
2021-07-29 10:50:53.616221,1930561,0.0,5.0
2021-07-29 10:50:53.772746,1930499,0.0,0.0
2021-07-29 10:50:53.772746,1930561,0.0,5.0
2021-07-29 10:50:53.929335,1930499,0.0,0.0
2021-07-29 10:50:53.929335,1930561,0.0,5.0
2021-07-29 10:50:54.086076,1930499,0.0,0.0
2021-07-29 10:50:54.086076,1930561,0.0,5.0
2021-07-29 10:50:54.242717,1930499,0.0,0.0
2021-07-29 10:50:54.242717,1930561,0.0,5.0
2021-07-29 10:50:54.399216,1930499,0.0,0.0
2021-07-29 10:50:54.399216,1930561,0.0,5.0
2021-07-29 10:50:54.555447,1930499,0.0,0.0
2021-07-29 10:50:54.555447,1930561,0.0,5.0
2021-07-29 10:50:54.711970,1930499,0.0,0.0
2021-07-29 10:50:54.711970,1930561,0.0,5.0
2021-07-29 10:50:54.868526,1930499,0.0,0.0
2021-07-29 10:50:54.868526,1930561,0.0,5.0
2021-07-29 10:50:55.025186,1930499,0.0,0.0
2021-07-29 10:50:55.025186,1930561,0.0,5.0
2021-07-29 10:50:55.181752,1930499,0.0,0.0
2021-07-29 10:50:55.181752,1930561,0.0,5.0
2021-07-29 10:50:55.338519,1930499,0.0,0.0
2021-07-29 10:50:55.338519,1930561,0.0,5.0
2021-07-29 10:50:55.494988,1930499,0.0,0.0
2021-07-29 10:50:55.494988,1930561,0.0,5.0
2021-07-29 10:50:55.651505,1930499,0.0,0.0
2021-07-29 10:50:55.651505,1930561,0.0,5.0
2021-07-29 10:50:55.808006,1930499,0.0,0.0
2021-07-29 10:50:55.808006,1930561,0.0,5.0
2021-07-29 10:50:55.964556,1930499,0.0,0.0
2021-07-29 10:50:55.964556,1930561,0.0,5.0
2021-07-29 10:50:56.121317,1930499,0.0,0.0
2021-07-29 10:50:56.121317,1930561,0.0,5.0
2021-07-29 10:50:56.278049,1930499,0.0,0.0
2021-07-29 10:50:56.278049,1930561,0.0,5.0
2021-07-29 10:50:56.434596,1930499,0.0,0.0
2021-07-29 10:50:56.434596,1930561,0.0,5.0
2021-07-29 10:50:56.591098,1930499,0.0,0.0
2021-07-29 10:50:56.591098,1930561,0.0,5.0
2021-07-29 10:50:56.747837,1930499,0.0,0.0
2021-07-29 10:50:56.747837,1930561,0.0,5.0
2021-07-29 10:50:56.904368,1930499,0.0,0.0
2021-07-29 10:50:56.904368,1930561,0.0,5.0
2021-07-29 10:50:57.061071,1930499,0.0,0.0
2021-07-29 10:50:57.061071,1930561,0.0,5.0
2021-07-29 10:50:57.217323,1930499,0.0,0.0
2021-07-29 10:50:57.217323,1930561,0.0,5.0
2021-07-29 10:50:57.373951,1930499,0.0,0.0
2021-07-29 10:50:57.373951,1930561,0.0,5.0
2021-07-29 10:50:57.530579,1930499,0.0,0.0
2021-07-29 10:50:57.530579,1930561,0.0,5.0
2021-07-29 10:50:57.687139,1930499,0.0,0.0
2021-07-29 10:50:57.687139,1930561,0.0,5.0
2021-07-29 10:50:57.843930,1930499,0.0,0.0
2021-07-29 10:50:57.843930,1930561,0.0,5.0
2021-07-29 10:50:58.000508,1930499,0.0,0.0
2021-07-29 10:50:58.000508,1930561,0.0,5.0
2021-07-29 10:50:58.156704,1930499,0.0,0.0
2021-07-29 10:50:58.156704,1930561,0.0,5.0
2021-07-29 10:50:58.313211,1930499,0.0,0.0
2021-07-29 10:50:58.313211,1930561,0.0,5.0
2021-07-29 10:50:58.469767,1930499,0.0,0.0
2021-07-29 10:50:58.469767,1930561,0.0,5.0
2021-07-29 10:50:58.626485,1930499,0.0,0.0
2021-07-29 10:50:58.626485,1930561,0.0,5.0
2021-07-29 10:50:58.783169,1930499,0.0,0.0
2021-07-29 10:50:58.783169,1930561,0.0,5.0
2021-07-29 10:50:58.939747,1930499,0.0,0.0
2021-07-29 10:50:58.939747,1930561,0.0,5.0
2021-07-29 10:50:59.096678,1930499,0.0,0.0
2021-07-29 10:50:59.096678,1930561,0.0,5.0
2021-07-29 10:50:59.253433,1930499,0.0,0.0
2021-07-29 10:50:59.253433,1930561,0.0,5.0
2021-07-29 10:50:59.409640,1930499,0.0,0.0
2021-07-29 10:50:59.409640,1930561,0.0,5.0
2021-07-29 10:50:59.566062,1930499,0.0,0.0
2021-07-29 10:50:59.566062,1930561,0.0,5.0
2021-07-29 10:50:59.722235,1930499,0.0,0.0
2021-07-29 10:50:59.722235,1930561,0.0,5.0
2021-07-29 10:50:59.878765,1930499,0.0,0.0
2021-07-29 10:50:59.878765,1930561,0.0,5.0
2021-07-29 10:51:00.035283,1930499,0.0,0.0
2021-07-29 10:51:00.035283,1930561,0.0,5.0
2021-07-29 10:51:00.191996,1930499,0.0,0.0
2021-07-29 10:51:00.191996,1930561,0.0,5.0
2021-07-29 10:51:00.348674,1930499,0.0,0.0
2021-07-29 10:51:00.348674,1930561,0.0,5.0
2021-07-29 10:51:00.505280,1930499,0.0,0.0
2021-07-29 10:51:00.505280,1930561,0.0,5.0
2021-07-29 10:51:00.661888,1930499,0.0,0.0
2021-07-29 10:51:00.661888,1930561,0.0,5.0
2021-07-29 10:51:00.818444,1930499,0.0,0.0
2021-07-29 10:51:00.818444,1930561,0.0,5.0
2021-07-29 10:51:00.975117,1930499,0.0,0.0
2021-07-29 10:51:00.975117,1930561,0.0,5.0
2021-07-29 10:51:01.131692,1930499,0.0,0.0
2021-07-29 10:51:01.131692,1930561,0.0,5.0
2021-07-29 10:51:01.288429,1930499,0.0,0.0
2021-07-29 10:51:01.288429,1930561,0.0,5.0
2021-07-29 10:51:01.445230,1930499,0.0,0.0
2021-07-29 10:51:01.445230,1930561,0.0,5.0
2021-07-29 10:51:01.601725,1930499,0.0,0.0
2021-07-29 10:51:01.601725,1930561,0.0,5.0
2021-07-29 10:51:01.758265,1930499,0.0,0.0
2021-07-29 10:51:01.758265,1930561,0.0,5.0
2021-07-29 10:51:01.915005,1930499,0.0,0.0
2021-07-29 10:51:01.915005,1930561,0.0,5.0
2021-07-29 10:51:02.071685,1930499,0.0,0.0
2021-07-29 10:51:02.071685,1930561,0.0,5.0
2021-07-29 10:51:02.228265,1930499,0.0,0.0
2021-07-29 10:51:02.228265,1930561,0.0,5.0
2021-07-29 10:51:02.384823,1930499,0.0,0.0
2021-07-29 10:51:02.384823,1930561,0.0,5.0
2021-07-29 10:51:02.541229,1930499,0.0,0.0
2021-07-29 10:51:02.541229,1930561,0.0,5.0
2021-07-29 10:51:02.697618,1930499,0.0,0.0
2021-07-29 10:51:02.697618,1930561,0.0,5.0
2021-07-29 10:51:02.854328,1930499,0.0,0.0
2021-07-29 10:51:02.854328,1930561,0.0,5.0
2021-07-29 10:51:03.010922,1930499,0.0,0.0
2021-07-29 10:51:03.010922,1930561,0.0,5.0
2021-07-29 10:51:03.167252,1930499,0.0,0.0
2021-07-29 10:51:03.167252,1930561,0.0,5.0
2021-07-29 10:51:03.323772,1930499,0.0,0.0
2021-07-29 10:51:03.323772,1930561,0.0,5.0
2021-07-29 10:51:03.480380,1930499,0.0,0.0
2021-07-29 10:51:03.480380,1930561,0.0,5.0
2021-07-29 10:51:03.636964,1930499,0.0,0.0
2021-07-29 10:51:03.636964,1930561,0.0,5.0
2021-07-29 10:51:03.793468,1930499,0.0,0.0
2021-07-29 10:51:03.793468,1930561,0.0,5.0
2021-07-29 10:51:03.949583,1930499,0.0,0.0
2021-07-29 10:51:03.949583,1930561,0.0,5.0
2021-07-29 10:51:04.106156,1930499,0.0,0.0
2021-07-29 10:51:04.106156,1930561,0.0,5.0
2021-07-29 10:51:04.262847,1930499,0.0,0.0
2021-07-29 10:51:04.262847,1930561,0.0,5.0
2021-07-29 10:51:04.419371,1930499,0.0,0.0
2021-07-29 10:51:04.419371,1930561,0.0,5.0
2021-07-29 10:51:04.575876,1930499,0.0,0.0
2021-07-29 10:51:04.575876,1930561,0.0,5.0
2021-07-29 10:51:04.732099,1930499,0.0,0.0
2021-07-29 10:51:04.732099,1930561,0.0,5.0
2021-07-29 10:51:04.888647,1930499,0.0,0.0
2021-07-29 10:51:04.888647,1930561,0.0,5.0
2021-07-29 10:51:05.045451,1930499,0.0,0.0
2021-07-29 10:51:05.045451,1930561,0.0,5.0
2021-07-29 10:51:05.202143,1930499,0.0,0.0
2021-07-29 10:51:05.202143,1930561,0.0,5.0
2021-07-29 10:51:05.358925,1930499,0.0,0.0
2021-07-29 10:51:05.358925,1930561,0.0,5.0
2021-07-29 10:51:05.515614,1930499,0.0,0.0
2021-07-29 10:51:05.515614,1930561,0.0,5.0
2021-07-29 10:51:05.672162,1930499,0.0,0.0
2021-07-29 10:51:05.672162,1930561,0.0,5.0
2021-07-29 10:51:05.828902,1930499,0.0,0.0
2021-07-29 10:51:05.828902,1930561,0.0,5.0
2021-07-29 10:51:05.985392,1930499,0.0,0.0
2021-07-29 10:51:05.985392,1930561,0.0,5.0
2021-07-29 10:51:06.141464,1930499,0.0,0.0
2021-07-29 10:51:06.141464,1930561,0.0,5.0
2021-07-29 10:51:06.297751,1930499,0.0,0.0
2021-07-29 10:51:06.297751,1930561,0.0,5.0
2021-07-29 10:51:06.454097,1930499,0.0,0.0
2021-07-29 10:51:06.454097,1930561,0.0,5.0
2021-07-29 10:51:06.610598,1930499,0.0,0.0
2021-07-29 10:51:06.610598,1930561,0.0,5.0
2021-07-29 10:51:06.767190,1930499,0.0,0.0
2021-07-29 10:51:06.767190,1930561,0.0,5.0
2021-07-29 10:51:06.923949,1930499,0.0,0.0
2021-07-29 10:51:06.923949,1930561,0.0,5.0
2021-07-29 10:51:07.080529,1930499,0.0,0.0
2021-07-29 10:51:07.080529,1930561,0.0,5.0
2021-07-29 10:51:07.237240,1930499,0.0,0.0
2021-07-29 10:51:07.237240,1930561,0.0,5.0
2021-07-29 10:51:07.394089,1930499,0.0,0.0
2021-07-29 10:51:07.394089,1930561,0.0,5.0
2021-07-29 10:51:07.550875,1930499,0.0,0.0
2021-07-29 10:51:07.550875,1930561,0.0,5.0
2021-07-29 10:51:07.707400,1930499,0.0,0.0
2021-07-29 10:51:07.707400,1930561,0.0,5.0
2021-07-29 10:51:07.863554,1930499,0.0,0.0
2021-07-29 10:51:07.863554,1930561,0.0,5.0
2021-07-29 10:51:08.020076,1930499,0.0,0.0
2021-07-29 10:51:08.020076,1930561,0.0,5.0
2021-07-29 10:51:08.176379,1930499,0.0,0.0
2021-07-29 10:51:08.176379,1930561,0.0,5.0
2021-07-29 10:51:08.332873,1930499,0.0,0.0
2021-07-29 10:51:08.332873,1930561,0.0,5.0
2021-07-29 10:51:08.489291,1930499,0.0,0.0
2021-07-29 10:51:08.489291,1930561,0.0,5.0
2021-07-29 10:51:08.645402,1930499,0.0,0.0
2021-07-29 10:51:08.645402,1930561,0.0,5.0
2021-07-29 10:51:08.802265,1930499,0.0,0.0
2021-07-29 10:51:08.802265,1930561,0.0,5.0
2021-07-29 10:51:08.959189,1930499,0.0,0.0
2021-07-29 10:51:08.959189,1930561,0.0,5.0
2021-07-29 10:51:09.115912,1930499,0.0,0.0
2021-07-29 10:51:09.115912,1930561,0.0,5.0
2021-07-29 10:51:09.272469,1930499,0.0,0.0
2021-07-29 10:51:09.272469,1930561,0.0,5.0
2021-07-29 10:51:09.428752,1930499,0.0,0.0
2021-07-29 10:51:09.428752,1930561,0.0,5.0
2021-07-29 10:51:09.585332,1930499,0.0,0.0
2021-07-29 10:51:09.585332,1930561,0.0,5.0
2021-07-29 10:51:09.741831,1930499,0.0,0.0
2021-07-29 10:51:09.741831,1930561,0.0,5.0
2021-07-29 10:51:09.898617,1930499,0.0,0.0
2021-07-29 10:51:09.898617,1930561,0.0,5.0
2021-07-29 10:51:10.055357,1930499,0.0,0.0
2021-07-29 10:51:10.055357,1930561,0.0,5.0
2021-07-29 10:51:10.212160,1930499,0.0,0.0
2021-07-29 10:51:10.212160,1930561,0.0,5.0
2021-07-29 10:51:10.368915,1930499,0.0,0.0
2021-07-29 10:51:10.368915,1930561,0.0,5.0
2021-07-29 10:51:10.525210,1930499,0.0,0.0
2021-07-29 10:51:10.525210,1930561,0.0,5.0
2021-07-29 10:51:10.681904,1930499,0.0,0.0
2021-07-29 10:51:10.681904,1930561,0.0,5.0
2021-07-29 10:51:10.838703,1930499,0.0,0.0
2021-07-29 10:51:10.838703,1930561,0.0,5.0
2021-07-29 10:51:10.995458,1930499,0.0,0.0
2021-07-29 10:51:10.995458,1930561,0.0,5.0
2021-07-29 10:51:11.152263,1930499,0.0,0.0
2021-07-29 10:51:11.152263,1930561,0.0,5.0
2021-07-29 10:51:11.308993,1930499,0.0,0.0
2021-07-29 10:51:11.308993,1930561,0.0,5.0
2021-07-29 10:51:11.465445,1930499,0.0,0.0
2021-07-29 10:51:11.465445,1930561,0.0,5.0
2021-07-29 10:51:11.621712,1930499,0.0,0.0
2021-07-29 10:51:11.621712,1930561,0.0,5.0
2021-07-29 10:51:11.778238,1930499,0.0,0.0
2021-07-29 10:51:11.778238,1930561,0.0,5.0
2021-07-29 10:51:11.934959,1930499,0.0,0.0
2021-07-29 10:51:11.934959,1930561,0.0,5.0
2021-07-29 10:51:12.091698,1930499,0.0,0.0
2021-07-29 10:51:12.091698,1930561,0.0,5.0
2021-07-29 10:51:12.248399,1930499,0.0,0.0
2021-07-29 10:51:12.248399,1930561,0.0,5.0
2021-07-29 10:51:12.404665,1930499,0.0,0.0
2021-07-29 10:51:12.404665,1930561,0.0,5.0
2021-07-29 10:51:12.561343,1930499,0.0,0.0
2021-07-29 10:51:12.561343,1930561,0.0,5.0
2021-07-29 10:51:12.718086,1930499,0.0,0.0
2021-07-29 10:51:12.718086,1930561,0.0,5.0
2021-07-29 10:51:12.874820,1930499,0.0,0.0
2021-07-29 10:51:12.874820,1930561,0.0,5.0
2021-07-29 10:51:13.031476,1930499,0.0,0.0
2021-07-29 10:51:13.031476,1930561,0.0,5.0
2021-07-29 10:51:13.188110,1930499,0.0,0.0
2021-07-29 10:51:13.188110,1930561,0.0,5.0
2021-07-29 10:51:13.344695,1930499,0.0,0.0
2021-07-29 10:51:13.344695,1930561,0.0,5.0
2021-07-29 10:51:13.501118,1930499,0.0,0.0
2021-07-29 10:51:13.501118,1930561,0.0,5.0
2021-07-29 10:51:13.657601,1930499,0.0,0.0
2021-07-29 10:51:13.657601,1930561,0.0,5.0
2021-07-29 10:51:13.813989,1930499,0.0,0.0
2021-07-29 10:51:13.813989,1930561,0.0,5.0
2021-07-29 10:51:13.970588,1930499,0.0,0.0
2021-07-29 10:51:13.970588,1930561,0.0,5.0
2021-07-29 10:51:14.127279,1930499,0.0,0.0
2021-07-29 10:51:14.127279,1930561,0.0,5.0
2021-07-29 10:51:14.283834,1930499,0.0,0.0
2021-07-29 10:51:14.283834,1930561,0.0,5.0
2021-07-29 10:51:14.440389,1930499,0.0,0.0
2021-07-29 10:51:14.440389,1930561,0.0,5.0
2021-07-29 10:51:14.596820,1930499,0.0,0.0
2021-07-29 10:51:14.596820,1930561,0.0,5.0
2021-07-29 10:51:14.753349,1930499,0.0,0.0
2021-07-29 10:51:14.753349,1930561,0.0,5.0
2021-07-29 10:51:14.909589,1930499,0.0,0.0
2021-07-29 10:51:14.909589,1930561,0.0,5.0
2021-07-29 10:51:15.066233,1930499,0.0,0.0
2021-07-29 10:51:15.066233,1930561,0.0,5.0
2021-07-29 10:51:15.222315,1930499,0.0,0.0
2021-07-29 10:51:15.222315,1930561,0.0,5.0
2021-07-29 10:51:15.379001,1930499,0.0,0.0
2021-07-29 10:51:15.379001,1930561,0.0,5.0
2021-07-29 10:51:15.535469,1930499,0.0,0.0
2021-07-29 10:51:15.535469,1930561,0.0,5.0
2021-07-29 10:51:15.692066,1930499,0.0,0.0
2021-07-29 10:51:15.692066,1930561,0.0,5.0
2021-07-29 10:51:15.848784,1930561,6.7,5.0
2021-07-29 10:51:15.848784,1930499,0.0,0.0
2021-07-29 10:51:16.005189,1930499,0.0,0.0
2021-07-29 10:51:16.005189,1930561,0.0,5.0
2021-07-29 10:51:16.161484,1930499,0.0,0.0
2021-07-29 10:51:16.161484,1930561,0.0,5.0
2021-07-29 10:51:16.318053,1930499,0.0,0.0
2021-07-29 10:51:16.318053,1930561,0.0,5.0
2021-07-29 10:51:16.474775,1930499,0.0,0.0
2021-07-29 10:51:16.474775,1930561,0.0,5.0
2021-07-29 10:51:16.631303,1930499,0.0,0.0
2021-07-29 10:51:16.631303,1930561,0.0,5.0
2021-07-29 10:51:16.788028,1930499,0.0,0.0
2021-07-29 10:51:16.788028,1930561,0.0,5.0
2021-07-29 10:51:16.944733,1930499,0.0,0.0
2021-07-29 10:51:16.944733,1930561,0.0,5.0
2021-07-29 10:51:17.101189,1930499,0.0,0.0
2021-07-29 10:51:17.101189,1930561,0.0,5.0
2021-07-29 10:51:17.257799,1930499,0.0,0.0
2021-07-29 10:51:17.257799,1930561,0.0,5.0
2021-07-29 10:51:17.414318,1930499,0.0,0.0
2021-07-29 10:51:17.414318,1930561,0.0,5.0
2021-07-29 10:51:17.571030,1930499,0.0,0.0
2021-07-29 10:51:17.571030,1930561,0.0,5.0
2021-07-29 10:51:17.727478,1930499,0.0,0.0
2021-07-29 10:51:17.727478,1930561,0.0,5.0
2021-07-29 10:51:17.884064,1930499,0.0,0.0
2021-07-29 10:51:17.884064,1930561,0.0,5.0
2021-07-29 10:51:18.040861,1930499,0.0,0.0
2021-07-29 10:51:18.040861,1930561,0.0,5.0
2021-07-29 10:51:18.197630,1930499,0.0,0.0
2021-07-29 10:51:18.197630,1930561,0.0,5.0
2021-07-29 10:51:18.354294,1930499,0.0,0.0
2021-07-29 10:51:18.354294,1930561,0.0,5.0
2021-07-29 10:51:18.510786,1930499,0.0,0.0
2021-07-29 10:51:18.510786,1930561,0.0,5.0
2021-07-29 10:51:18.667315,1930499,0.0,0.0
2021-07-29 10:51:18.667315,1930561,0.0,5.0
2021-07-29 10:51:18.824062,1930499,0.0,0.0
2021-07-29 10:51:18.824062,1930561,0.0,5.0
2021-07-29 10:51:18.980849,1930499,0.0,0.0
2021-07-29 10:51:18.980849,1930561,0.0,5.0
2021-07-29 10:51:19.137582,1930499,0.0,0.0
2021-07-29 10:51:19.137582,1930561,0.0,5.0
2021-07-29 10:51:19.294089,1930499,0.0,0.0
2021-07-29 10:51:19.294089,1930561,0.0,5.0
2021-07-29 10:51:19.450626,1930499,0.0,0.0
2021-07-29 10:51:19.450626,1930561,0.0,5.0
2021-07-29 10:51:19.607173,1930499,0.0,0.0
2021-07-29 10:51:19.607173,1930561,0.0,5.0
2021-07-29 10:51:19.763663,1930499,0.0,0.0
2021-07-29 10:51:19.763663,1930561,0.0,5.0
2021-07-29 10:51:19.919791,1930499,0.0,0.0
2021-07-29 10:51:19.919791,1930561,0.0,5.0
2021-07-29 10:51:20.076286,1930499,0.0,0.0
2021-07-29 10:51:20.076286,1930561,0.0,5.0
2021-07-29 10:51:20.232752,1930499,0.0,0.0
2021-07-29 10:51:20.232752,1930561,0.0,5.0
2021-07-29 10:51:20.389089,1930499,0.0,0.0
2021-07-29 10:51:20.389089,1930561,0.0,5.0
2021-07-29 10:51:20.545162,1930499,0.0,0.0
2021-07-29 10:51:20.545162,1930561,0.0,5.0
2021-07-29 10:51:20.701460,1930499,0.0,0.0
2021-07-29 10:51:20.701460,1930561,0.0,5.0
2021-07-29 10:51:20.857862,1930499,0.0,0.0
2021-07-29 10:51:20.857862,1930561,0.0,5.0
2021-07-29 10:51:21.014339,1930499,0.0,0.0
2021-07-29 10:51:21.014339,1930561,0.0,5.0
2021-07-29 10:51:21.170858,1930499,0.0,0.0
2021-07-29 10:51:21.170858,1930561,0.0,5.0
2021-07-29 10:51:21.327559,1930499,0.0,0.0
2021-07-29 10:51:21.327559,1930561,0.0,5.0
2021-07-29 10:51:21.484315,1930499,0.0,0.0
2021-07-29 10:51:21.484315,1930561,0.0,5.0
2021-07-29 10:51:21.640894,1930499,0.0,0.0
2021-07-29 10:51:21.640894,1930561,0.0,5.0
2021-07-29 10:51:21.797356,1930499,0.0,0.0
2021-07-29 10:51:21.797356,1930561,0.0,5.0
2021-07-29 10:51:21.954121,1930499,0.0,0.0
2021-07-29 10:51:21.954121,1930561,0.0,5.0
2021-07-29 10:51:22.110797,1930499,0.0,0.0
2021-07-29 10:51:22.110797,1930561,0.0,5.0
2021-07-29 10:51:22.267268,1930499,0.0,0.0
2021-07-29 10:51:22.267268,1930561,0.0,5.0
2021-07-29 10:51:22.423700,1930499,0.0,0.0
2021-07-29 10:51:22.423700,1930561,0.0,5.0
2021-07-29 10:51:22.580253,1930499,0.0,0.0
2021-07-29 10:51:22.580253,1930561,0.0,5.0
2021-07-29 10:51:22.736760,1930499,0.0,0.0
2021-07-29 10:51:22.736760,1930561,0.0,5.0
2021-07-29 10:51:22.893220,1930499,0.0,0.0
2021-07-29 10:51:22.893220,1930561,0.0,5.0
2021-07-29 10:51:23.049729,1930499,0.0,0.0
2021-07-29 10:51:23.049729,1930561,0.0,5.0
2021-07-29 10:51:23.206453,1930499,0.0,0.0
2021-07-29 10:51:23.206453,1930561,0.0,5.0
2021-07-29 10:51:23.363089,1930499,0.0,0.0
2021-07-29 10:51:23.363089,1930561,0.0,5.0
2021-07-29 10:51:23.519500,1930499,0.0,0.0
2021-07-29 10:51:23.519500,1930561,0.0,5.0
2021-07-29 10:51:23.676069,1930499,0.0,0.0
2021-07-29 10:51:23.676069,1930561,0.0,5.0
2021-07-29 10:51:23.832776,1930499,0.0,0.0
2021-07-29 10:51:23.832776,1930561,0.0,5.0
2021-07-29 10:51:23.989216,1930499,0.0,0.0
2021-07-29 10:51:23.989216,1930561,0.0,5.0
2021-07-29 10:51:24.145604,1930499,0.0,0.0
2021-07-29 10:51:24.145604,1930561,0.0,5.0
2021-07-29 10:51:24.302159,1930499,0.0,0.0
2021-07-29 10:51:24.302159,1930561,0.0,5.0
2021-07-29 10:51:24.458636,1930499,0.0,0.0
2021-07-29 10:51:24.458636,1930561,0.0,5.0
2021-07-29 10:51:24.615202,1930499,0.0,0.0
2021-07-29 10:51:24.615202,1930561,0.0,5.0
2021-07-29 10:51:24.771893,1930499,0.0,0.0
2021-07-29 10:51:24.771893,1930561,0.0,5.0
2021-07-29 10:51:24.928400,1930499,0.0,0.0
2021-07-29 10:51:24.928400,1930561,0.0,5.0
2021-07-29 10:51:25.084952,1930499,0.0,0.0
2021-07-29 10:51:25.084952,1930561,0.0,5.0
2021-07-29 10:51:25.241157,1930499,0.0,0.0
2021-07-29 10:51:25.241157,1930561,0.0,5.0
2021-07-29 10:51:25.397575,1930499,0.0,0.0
2021-07-29 10:51:25.397575,1930561,0.0,5.0
2021-07-29 10:51:25.554147,1930499,0.0,0.0
2021-07-29 10:51:25.554147,1930561,0.0,5.0
2021-07-29 10:51:25.710759,1930499,0.0,0.0
2021-07-29 10:51:25.710759,1930561,0.0,5.0
2021-07-29 10:51:25.867395,1930499,0.0,0.0
2021-07-29 10:51:25.867395,1930561,0.0,5.0
2021-07-29 10:51:26.023881,1930499,0.0,0.0
2021-07-29 10:51:26.023881,1930561,0.0,5.0
2021-07-29 10:51:26.180355,1930499,0.0,0.0
2021-07-29 10:51:26.180355,1930561,0.0,5.0
2021-07-29 10:51:26.336878,1930499,0.0,0.0
2021-07-29 10:51:26.336878,1930561,0.0,5.0
2021-07-29 10:51:26.493371,1930499,0.0,0.0
2021-07-29 10:51:26.493371,1930561,0.0,5.0
2021-07-29 10:51:26.649911,1930499,0.0,0.0
2021-07-29 10:51:26.649911,1930561,0.0,5.0
2021-07-29 10:51:26.806510,1930499,0.0,0.0
2021-07-29 10:51:26.806510,1930561,0.0,5.0
2021-07-29 10:51:26.962975,1930499,0.0,0.0
2021-07-29 10:51:26.962975,1930561,0.0,5.0
2021-07-29 10:51:27.119513,1930499,0.0,0.0
2021-07-29 10:51:27.119513,1930561,0.0,5.0
2021-07-29 10:51:27.275652,1930499,0.0,0.0
2021-07-29 10:51:27.275652,1930561,0.0,5.0
2021-07-29 10:51:27.432126,1930499,0.0,0.0
2021-07-29 10:51:27.432126,1930561,0.0,5.0
2021-07-29 10:51:27.588722,1930499,0.0,0.0
2021-07-29 10:51:27.588722,1930561,0.0,5.0
2021-07-29 10:51:27.745460,1930499,0.0,0.0
2021-07-29 10:51:27.745460,1930561,0.0,5.0
2021-07-29 10:51:27.902161,1930499,0.0,0.0
2021-07-29 10:51:27.902161,1930561,0.0,5.0
2021-07-29 10:51:28.058841,1930499,0.0,0.0
2021-07-29 10:51:28.058841,1930561,0.0,5.0
2021-07-29 10:51:28.215350,1930499,0.0,0.0
2021-07-29 10:51:28.215350,1930561,0.0,5.0
2021-07-29 10:51:28.372043,1930499,0.0,0.0
2021-07-29 10:51:28.372043,1930561,0.0,5.0
2021-07-29 10:51:28.528253,1930499,0.0,0.0
2021-07-29 10:51:28.528253,1930561,0.0,5.0
2021-07-29 10:51:28.684792,1930499,0.0,0.0
2021-07-29 10:51:28.684792,1930561,0.0,5.0
2021-07-29 10:51:28.841340,1930499,0.0,0.0
2021-07-29 10:51:28.841340,1930561,0.0,5.0
2021-07-29 10:51:28.998178,1930499,0.0,0.0
2021-07-29 10:51:28.998178,1930561,0.0,5.0
2021-07-29 10:51:29.154653,1930499,0.0,0.0
2021-07-29 10:51:29.154653,1930561,0.0,5.0
2021-07-29 10:51:29.311188,1930499,0.0,0.0
2021-07-29 10:51:29.311188,1930561,0.0,5.0
2021-07-29 10:51:29.467728,1930499,0.0,0.0
2021-07-29 10:51:29.467728,1930561,0.0,5.0
2021-07-29 10:51:29.624185,1930499,0.0,0.0
2021-07-29 10:51:29.624185,1930561,0.0,5.0
2021-07-29 10:51:29.780601,1930499,0.0,0.0
2021-07-29 10:51:29.780601,1930561,0.0,5.0
2021-07-29 10:51:29.937143,1930499,0.0,0.0
2021-07-29 10:51:29.937143,1930561,0.0,5.0
2021-07-29 10:51:30.093464,1930499,0.0,0.0
2021-07-29 10:51:30.093464,1930561,0.0,5.0
2021-07-29 10:51:30.249663,1930499,0.0,0.0
2021-07-29 10:51:30.249663,1930561,0.0,5.0
2021-07-29 10:51:30.406189,1930499,0.0,0.0
2021-07-29 10:51:30.406189,1930561,0.0,5.0
2021-07-29 10:51:30.562804,1930499,0.0,0.0
2021-07-29 10:51:30.562804,1930561,0.0,5.0
2021-07-29 10:51:30.719382,1930499,0.0,0.0
2021-07-29 10:51:30.719382,1930561,0.0,5.0
2021-07-29 10:51:30.875835,1930499,0.0,0.0
2021-07-29 10:51:30.875835,1930561,0.0,5.0
2021-07-29 10:51:31.032407,1930499,0.0,0.0
2021-07-29 10:51:31.032407,1930561,0.0,5.0
2021-07-29 10:51:31.189101,1930499,0.0,0.0
2021-07-29 10:51:31.189101,1930561,0.0,5.0
2021-07-29 10:51:31.345474,1930499,0.0,0.0
2021-07-29 10:51:31.345474,1930561,0.0,5.0
2021-07-29 10:51:31.502117,1930499,0.0,0.0
2021-07-29 10:51:31.502117,1930561,0.0,5.0
2021-07-29 10:51:31.658839,1930499,0.0,0.0
2021-07-29 10:51:31.658839,1930561,0.0,5.0
2021-07-29 10:51:31.815536,1930499,0.0,0.0
2021-07-29 10:51:31.815536,1930561,0.0,5.0
2021-07-29 10:51:31.972116,1930499,0.0,0.0
2021-07-29 10:51:31.972116,1930561,0.0,5.0
2021-07-29 10:51:32.128522,1930499,0.0,0.0
2021-07-29 10:51:32.128522,1930561,0.0,5.0
2021-07-29 10:51:32.284905,1930499,0.0,0.0
2021-07-29 10:51:32.284905,1930561,0.0,5.0
2021-07-29 10:51:32.441341,1930499,0.0,0.0
2021-07-29 10:51:32.441341,1930561,0.0,5.0
2021-07-29 10:51:32.597895,1930499,0.0,0.0
2021-07-29 10:51:32.597895,1930561,0.0,5.0
2021-07-29 10:51:32.754432,1930499,0.0,0.0
2021-07-29 10:51:32.754432,1930561,0.0,5.0
2021-07-29 10:51:32.911157,1930499,0.0,0.0
2021-07-29 10:51:32.911157,1930561,0.0,5.0
2021-07-29 10:51:33.067915,1930499,0.0,0.0
2021-07-29 10:51:33.067915,1930561,0.0,5.0
2021-07-29 10:51:33.224513,1930499,0.0,0.0
2021-07-29 10:51:33.224513,1930561,0.0,5.0
2021-07-29 10:51:33.381037,1930499,0.0,0.0
2021-07-29 10:51:33.381037,1930561,0.0,5.0
2021-07-29 10:51:33.537332,1930499,0.0,0.0
2021-07-29 10:51:33.537332,1930561,0.0,5.0
2021-07-29 10:51:33.693909,1930499,0.0,0.0
2021-07-29 10:51:33.693909,1930561,0.0,5.0
2021-07-29 10:51:33.850700,1930499,0.0,0.0
2021-07-29 10:51:33.850700,1930561,0.0,5.0
2021-07-29 10:51:34.007361,1930499,0.0,0.0
2021-07-29 10:51:34.007361,1930561,0.0,5.0
2021-07-29 10:51:34.163850,1930499,0.0,0.0
2021-07-29 10:51:34.163850,1930561,0.0,5.0
2021-07-29 10:51:34.320331,1930499,0.0,0.0
2021-07-29 10:51:34.320331,1930561,0.0,5.0
2021-07-29 10:51:34.476881,1930499,0.0,0.0
2021-07-29 10:51:34.476881,1930561,0.0,5.0
2021-07-29 10:51:34.633242,1930499,0.0,0.0
2021-07-29 10:51:34.633242,1930561,0.0,5.0
2021-07-29 10:51:34.789604,1930499,0.0,0.0
2021-07-29 10:51:34.789604,1930561,0.0,5.0
2021-07-29 10:51:34.946339,1930499,0.0,0.0
2021-07-29 10:51:34.946339,1930561,0.0,5.0
2021-07-29 10:51:35.103139,1930499,0.0,0.0
2021-07-29 10:51:35.103139,1930561,0.0,5.0
2021-07-29 10:51:35.267239,1930499,0.0,0.0
2021-07-29 10:51:35.267239,1930561,0.0,5.0
2021-07-29 10:51:35.423218,1930499,0.0,0.0
2021-07-29 10:51:35.423218,1930561,0.0,5.0
2021-07-29 10:51:35.579446,1930499,0.0,0.0
2021-07-29 10:51:35.579446,1930561,0.0,5.0
2021-07-29 10:51:35.735957,1930499,0.0,0.0
2021-07-29 10:51:35.735957,1930561,0.0,5.0
2021-07-29 10:51:35.892350,1930499,0.0,0.0
2021-07-29 10:51:35.892350,1930561,0.0,5.0
2021-07-29 10:51:36.048911,1930499,0.0,0.0
2021-07-29 10:51:36.048911,1930561,0.0,5.0
2021-07-29 10:51:36.205415,1930499,0.0,0.0
2021-07-29 10:51:36.205415,1930561,0.0,5.0
2021-07-29 10:51:36.362050,1930499,0.0,0.0
2021-07-29 10:51:36.362050,1930561,0.0,5.0
2021-07-29 10:51:36.518784,1930499,0.0,0.0
2021-07-29 10:51:36.518784,1930561,0.0,5.0
2021-07-29 10:51:36.675471,1930499,0.0,0.0
2021-07-29 10:51:36.675471,1930561,0.0,5.0
2021-07-29 10:51:36.831909,1930499,0.0,0.0
2021-07-29 10:51:36.831909,1930561,0.0,5.0
2021-07-29 10:51:36.988547,1930499,0.0,0.0
2021-07-29 10:51:36.988547,1930561,0.0,5.0
2021-07-29 10:51:37.145218,1930499,0.0,0.0
2021-07-29 10:51:37.145218,1930561,0.0,5.0
2021-07-29 10:51:37.301690,1930499,0.0,0.0
2021-07-29 10:51:37.301690,1930561,0.0,5.0
2021-07-29 10:51:37.458200,1930499,0.0,0.0
2021-07-29 10:51:37.458200,1930561,0.0,5.0
2021-07-29 10:51:37.614661,1930499,0.0,0.0
2021-07-29 10:51:37.614661,1930561,0.0,5.0
2021-07-29 10:51:37.771125,1930499,0.0,0.0
2021-07-29 10:51:37.771125,1930561,0.0,5.0
2021-07-29 10:51:37.927591,1930499,0.0,0.0
2021-07-29 10:51:37.927591,1930561,0.0,5.0
2021-07-29 10:51:38.084162,1930499,0.0,0.0
2021-07-29 10:51:38.084162,1930561,0.0,5.0
2021-07-29 10:51:38.240407,1930499,0.0,0.0
2021-07-29 10:51:38.240407,1930561,0.0,5.0
2021-07-29 10:51:38.396924,1930499,0.0,0.0
2021-07-29 10:51:38.396924,1930561,0.0,5.0
2021-07-29 10:51:38.553591,1930499,0.0,0.0
2021-07-29 10:51:38.553591,1930561,0.0,5.0
2021-07-29 10:51:38.710308,1930499,0.0,0.0
2021-07-29 10:51:38.710308,1930561,0.0,5.0
2021-07-29 10:51:38.866570,1930499,0.0,0.0
2021-07-29 10:51:38.866570,1930561,0.0,5.0
2021-07-29 10:51:39.022605,1930499,0.0,0.0
2021-07-29 10:51:39.022605,1930561,0.0,5.0
2021-07-29 10:51:39.179299,1930499,0.0,0.0
2021-07-29 10:51:39.179299,1930561,0.0,5.0
2021-07-29 10:51:39.335600,1930499,0.0,0.0
2021-07-29 10:51:39.335600,1930561,0.0,5.0
2021-07-29 10:51:39.492139,1930499,0.0,0.0
2021-07-29 10:51:39.492139,1930561,0.0,5.0
2021-07-29 10:51:39.648705,1930499,0.0,0.0
2021-07-29 10:51:39.648705,1930561,0.0,5.0
2021-07-29 10:51:39.805365,1930499,0.0,0.0
2021-07-29 10:51:39.805365,1930561,0.0,5.0
2021-07-29 10:51:39.962112,1930499,0.0,0.0
2021-07-29 10:51:39.962112,1930561,0.0,5.0
2021-07-29 10:51:40.118755,1930499,0.0,0.0
2021-07-29 10:51:40.118755,1930561,0.0,5.0
2021-07-29 10:51:40.275280,1930499,0.0,0.0
2021-07-29 10:51:40.275280,1930561,0.0,5.0
2021-07-29 10:51:40.431804,1930499,0.0,0.0
2021-07-29 10:51:40.431804,1930561,0.0,5.0
2021-07-29 10:51:40.588396,1930499,0.0,0.0
2021-07-29 10:51:40.588396,1930561,0.0,5.0
2021-07-29 10:51:40.745058,1930499,0.0,0.0
2021-07-29 10:51:40.745058,1930561,0.0,5.0
2021-07-29 10:51:40.901537,1930499,0.0,0.0
2021-07-29 10:51:40.901537,1930561,0.0,5.0
2021-07-29 10:51:41.057975,1930499,0.0,0.0
2021-07-29 10:51:41.057975,1930561,0.0,5.0
2021-07-29 10:51:41.214119,1930499,0.0,0.0
2021-07-29 10:51:41.214119,1930561,0.0,5.0
2021-07-29 10:51:41.370592,1930499,0.0,0.0
2021-07-29 10:51:41.370592,1930561,0.0,5.0
2021-07-29 10:51:41.527076,1930499,0.0,0.0
2021-07-29 10:51:41.527076,1930561,0.0,5.0
2021-07-29 10:51:41.683678,1930499,0.0,0.0
2021-07-29 10:51:41.683678,1930561,0.0,5.0
2021-07-29 10:51:41.840401,1930499,0.0,0.0
2021-07-29 10:51:41.840401,1930561,0.0,5.0
2021-07-29 10:51:41.997086,1930499,0.0,0.0
2021-07-29 10:51:41.997086,1930561,0.0,5.0
2021-07-29 10:51:42.153277,1930499,0.0,0.0
2021-07-29 10:51:42.153277,1930561,0.0,5.0
2021-07-29 10:51:42.309820,1930499,0.0,0.0
2021-07-29 10:51:42.309820,1930561,0.0,5.0
2021-07-29 10:51:42.466339,1930499,0.0,0.0
2021-07-29 10:51:42.466339,1930561,0.0,5.0
2021-07-29 10:51:42.622848,1930499,0.0,0.0
2021-07-29 10:51:42.622848,1930561,0.0,5.0
2021-07-29 10:51:42.779413,1930499,0.0,0.0
2021-07-29 10:51:42.779413,1930561,0.0,5.0
2021-07-29 10:51:42.936105,1930499,0.0,0.0
2021-07-29 10:51:42.936105,1930561,0.0,5.0
2021-07-29 10:51:43.092845,1930499,0.0,0.0
2021-07-29 10:51:43.092845,1930561,0.0,5.0
2021-07-29 10:51:43.249436,1930499,0.0,0.0
2021-07-29 10:51:43.249436,1930561,0.0,5.0
2021-07-29 10:51:43.405791,1930499,0.0,0.0
2021-07-29 10:51:43.405791,1930561,0.0,5.0
2021-07-29 10:51:43.562412,1930499,0.0,0.0
2021-07-29 10:51:43.562412,1930561,0.0,5.0
2021-07-29 10:51:43.719040,1930499,0.0,0.0
2021-07-29 10:51:43.719040,1930561,0.0,5.0
2021-07-29 10:51:43.875576,1930499,0.0,0.0
2021-07-29 10:51:43.875576,1930561,0.0,5.0
2021-07-29 10:51:44.032283,1930499,0.0,0.0
2021-07-29 10:51:44.032283,1930561,0.0,5.0
2021-07-29 10:51:44.189037,1930499,0.0,0.0
2021-07-29 10:51:44.189037,1930561,0.0,5.0
2021-07-29 10:51:44.345203,1930499,0.0,0.0
2021-07-29 10:51:44.345203,1930561,0.0,5.0
2021-07-29 10:51:44.501617,1930499,0.0,0.0
2021-07-29 10:51:44.501617,1930561,0.0,5.0
2021-07-29 10:51:44.658049,1930499,0.0,0.0
2021-07-29 10:51:44.658049,1930561,0.0,5.0
2021-07-29 10:51:44.814079,1930499,0.0,0.0
2021-07-29 10:51:44.814079,1930561,0.0,5.0
2021-07-29 10:51:44.970611,1930499,0.0,0.0
2021-07-29 10:51:44.970611,1930561,0.0,5.0
2021-07-29 10:51:45.127386,1930499,0.0,0.0
2021-07-29 10:51:45.127386,1930561,0.0,5.0
2021-07-29 10:51:45.284136,1930499,0.0,0.0
2021-07-29 10:51:45.284136,1930561,0.0,5.0
2021-07-29 10:51:45.440870,1930499,0.0,0.0
2021-07-29 10:51:45.440870,1930561,0.0,5.0
2021-07-29 10:51:45.597106,1930499,0.0,0.0
2021-07-29 10:51:45.597106,1930561,0.0,5.0
2021-07-29 10:51:45.753499,1930499,0.0,0.0
2021-07-29 10:51:45.753499,1930561,0.0,5.0
2021-07-29 10:51:45.909861,1930499,0.0,0.0
2021-07-29 10:51:45.909861,1930561,0.0,5.0
2021-07-29 10:51:46.066472,1930499,0.0,0.0
2021-07-29 10:51:46.066472,1930561,0.0,5.0
2021-07-29 10:51:46.223382,1930499,0.0,0.0
2021-07-29 10:51:46.223382,1930561,0.0,5.0
2021-07-29 10:51:46.380020,1930499,0.0,0.0
2021-07-29 10:51:46.380020,1930561,0.0,5.0
2021-07-29 10:51:46.536562,1930499,0.0,0.0
2021-07-29 10:51:46.536562,1930561,0.0,5.0
2021-07-29 10:51:46.693069,1930499,0.0,0.0
2021-07-29 10:51:46.693069,1930561,0.0,5.0
2021-07-29 10:51:46.849272,1930499,0.0,0.0
2021-07-29 10:51:46.849272,1930561,0.0,5.0
2021-07-29 10:51:47.005840,1930499,0.0,0.0
2021-07-29 10:51:47.005840,1930561,0.0,5.0
2021-07-29 10:51:47.162558,1930499,0.0,0.0
2021-07-29 10:51:47.162558,1930561,0.0,5.0
2021-07-29 10:51:47.319122,1930499,0.0,0.0
2021-07-29 10:51:47.319122,1930561,0.0,5.0
2021-07-29 10:51:47.475634,1930499,0.0,0.0
2021-07-29 10:51:47.475634,1930561,0.0,5.0
2021-07-29 10:51:47.632191,1930499,0.0,0.0
2021-07-29 10:51:47.632191,1930561,0.0,5.0
2021-07-29 10:51:47.788728,1930499,0.0,0.0
2021-07-29 10:51:47.788728,1930561,0.0,5.0
2021-07-29 10:51:47.945270,1930499,0.0,0.0
2021-07-29 10:51:47.945270,1930561,0.0,5.0
2021-07-29 10:51:48.101772,1930499,0.0,0.0
2021-07-29 10:51:48.101772,1930561,0.0,5.0
2021-07-29 10:51:48.258268,1930499,0.0,0.0
2021-07-29 10:51:48.258268,1930561,0.0,5.0
2021-07-29 10:51:48.414745,1930499,0.0,0.0
2021-07-29 10:51:48.414745,1930561,0.0,5.0
2021-07-29 10:51:48.571294,1930499,0.0,0.0
2021-07-29 10:51:48.571294,1930561,0.0,5.0
2021-07-29 10:51:48.728047,1930499,0.0,0.0
2021-07-29 10:51:48.728047,1930561,0.0,5.0
2021-07-29 10:51:48.884809,1930499,0.0,0.0
2021-07-29 10:51:48.884809,1930561,0.0,5.0
2021-07-29 10:51:49.041511,1930499,0.0,0.0
2021-07-29 10:51:49.041511,1930561,0.0,5.0
2021-07-29 10:51:49.198001,1930499,0.0,0.0
2021-07-29 10:51:49.198001,1930561,0.0,5.0
2021-07-29 10:51:49.354562,1930499,0.0,0.0
2021-07-29 10:51:49.354562,1930561,0.0,5.0
2021-07-29 10:51:49.511359,1930499,0.0,0.0
2021-07-29 10:51:49.511359,1930561,0.0,5.0
2021-07-29 10:51:49.667858,1930499,0.0,0.0
2021-07-29 10:51:49.667858,1930561,0.0,5.0
2021-07-29 10:51:49.824036,1930499,0.0,0.0
2021-07-29 10:51:49.824036,1930561,0.0,5.0
2021-07-29 10:51:49.980531,1930499,0.0,0.0
2021-07-29 10:51:49.980531,1930561,0.0,5.0
2021-07-29 10:51:50.137172,1930499,0.0,0.0
2021-07-29 10:51:50.137172,1930561,0.0,5.0
2021-07-29 10:51:50.293559,1930499,0.0,0.0
2021-07-29 10:51:50.293559,1930561,0.0,5.0
2021-07-29 10:51:50.450086,1930499,0.0,0.0
2021-07-29 10:51:50.450086,1930561,0.0,5.0
2021-07-29 10:51:50.606559,1930499,0.0,0.0
2021-07-29 10:51:50.606559,1930561,0.0,5.0
2021-07-29 10:51:50.762981,1930561,6.7,5.0
2021-07-29 10:51:50.762981,1930499,0.0,0.0
2021-07-29 10:51:50.919491,1930499,0.0,0.0
2021-07-29 10:51:50.919491,1930561,0.0,5.0
2021-07-29 10:51:51.075915,1930499,0.0,0.0
2021-07-29 10:51:51.075915,1930561,0.0,5.0
2021-07-29 10:51:51.232273,1930499,0.0,0.0
2021-07-29 10:51:51.232273,1930561,0.0,5.0
2021-07-29 10:51:51.388646,1930499,0.0,0.0
2021-07-29 10:51:51.388646,1930561,0.0,5.0
2021-07-29 10:51:51.545228,1930499,0.0,0.0
2021-07-29 10:51:51.545228,1930561,0.0,5.0
2021-07-29 10:51:51.701628,1930499,0.0,0.0
2021-07-29 10:51:51.701628,1930561,0.0,5.0
2021-07-29 10:51:51.858110,1930499,0.0,0.0
2021-07-29 10:51:51.858110,1930561,0.0,5.0
2021-07-29 10:51:52.014678,1930499,0.0,0.0
2021-07-29 10:51:52.014678,1930561,0.0,5.0
2021-07-29 10:51:52.171271,1930499,0.0,0.0
2021-07-29 10:51:52.171271,1930561,0.0,5.0
2021-07-29 10:51:52.327690,1930499,0.0,0.0
2021-07-29 10:51:52.327690,1930561,0.0,5.0
2021-07-29 10:51:52.484115,1930499,0.0,0.0
2021-07-29 10:51:52.484115,1930561,0.0,5.0
2021-07-29 10:51:52.640547,1930499,0.0,0.0
2021-07-29 10:51:52.640547,1930561,0.0,5.0
2021-07-29 10:51:52.796583,1930499,0.0,0.0
2021-07-29 10:51:52.796583,1930561,0.0,5.0
2021-07-29 10:51:52.953129,1930499,0.0,0.0
2021-07-29 10:51:52.953129,1930561,0.0,5.0
2021-07-29 10:51:53.109517,1930499,0.0,0.0
2021-07-29 10:51:53.109517,1930561,0.0,5.0
2021-07-29 10:51:53.265891,1930499,0.0,0.0
2021-07-29 10:51:53.265891,1930561,0.0,5.0
2021-07-29 10:51:53.422480,1930499,0.0,0.0
2021-07-29 10:51:53.422480,1930561,0.0,5.0
2021-07-29 10:51:53.579205,1930499,0.0,0.0
2021-07-29 10:51:53.579205,1930561,0.0,5.0
2021-07-29 10:51:53.735876,1930499,0.0,0.0
2021-07-29 10:51:53.735876,1930561,0.0,5.0
2021-07-29 10:51:53.892390,1930499,0.0,0.0
2021-07-29 10:51:53.892390,1930561,0.0,5.0
2021-07-29 10:51:54.048932,1930499,0.0,0.0
2021-07-29 10:51:54.048932,1930561,0.0,5.0
2021-07-29 10:51:54.205422,1930499,0.0,0.0
2021-07-29 10:51:54.205422,1930561,0.0,5.0
2021-07-29 10:51:54.361883,1930499,0.0,0.0
2021-07-29 10:51:54.361883,1930561,0.0,5.0
2021-07-29 10:51:54.518442,1930499,0.0,0.0
2021-07-29 10:51:54.518442,1930561,0.0,5.0
2021-07-29 10:51:54.674854,1930499,0.0,0.0
2021-07-29 10:51:54.674854,1930561,0.0,5.0
2021-07-29 10:51:54.831159,1930499,0.0,0.0
2021-07-29 10:51:54.831159,1930561,0.0,5.0
2021-07-29 10:51:54.987436,1930499,0.0,0.0
2021-07-29 10:51:54.987436,1930561,0.0,5.0
2021-07-29 10:51:55.143993,1930499,0.0,0.0
2021-07-29 10:51:55.143993,1930561,0.0,5.0
2021-07-29 10:51:55.300711,1930499,0.0,0.0
2021-07-29 10:51:55.300711,1930561,0.0,5.0
2021-07-29 10:51:55.457456,1930499,0.0,0.0
2021-07-29 10:51:55.457456,1930561,0.0,5.0
2021-07-29 10:51:55.614173,1930499,0.0,0.0
2021-07-29 10:51:55.614173,1930561,0.0,5.0
2021-07-29 10:51:55.770574,1930499,0.0,0.0
2021-07-29 10:51:55.770574,1930561,0.0,5.0
2021-07-29 10:51:55.927152,1930499,0.0,0.0
2021-07-29 10:51:55.927152,1930561,0.0,5.0
2021-07-29 10:51:56.083870,1930499,0.0,0.0
2021-07-29 10:51:56.083870,1930561,0.0,5.0
2021-07-29 10:51:56.240460,1930499,0.0,0.0
2021-07-29 10:51:56.240460,1930561,0.0,5.0
2021-07-29 10:51:56.396973,1930499,0.0,0.0
2021-07-29 10:51:56.396973,1930561,0.0,5.0
2021-07-29 10:51:56.553400,1930499,0.0,0.0
2021-07-29 10:51:56.553400,1930561,0.0,5.0
2021-07-29 10:51:56.709969,1930499,0.0,0.0
2021-07-29 10:51:56.709969,1930561,0.0,5.0
2021-07-29 10:51:56.866594,1930499,0.0,0.0
2021-07-29 10:51:56.866594,1930561,0.0,5.0
2021-07-29 10:51:57.023135,1930499,0.0,0.0
2021-07-29 10:51:57.023135,1930561,0.0,5.0
2021-07-29 10:51:57.179404,1930499,0.0,0.0
2021-07-29 10:51:57.179404,1930561,0.0,5.0
2021-07-29 10:51:57.335960,1930499,0.0,0.0
2021-07-29 10:51:57.335960,1930561,0.0,5.0
2021-07-29 10:51:57.492768,1930499,0.0,0.0
2021-07-29 10:51:57.492768,1930561,0.0,5.0
2021-07-29 10:51:57.649534,1930499,0.0,0.0
2021-07-29 10:51:57.649534,1930561,0.0,5.0
2021-07-29 10:51:57.806203,1930499,0.0,0.0
2021-07-29 10:51:57.806203,1930561,0.0,5.0
2021-07-29 10:51:57.962511,1930499,0.0,0.0
2021-07-29 10:51:57.962511,1930561,0.0,5.0
2021-07-29 10:51:58.118597,1930499,0.0,0.0
2021-07-29 10:51:58.118597,1930561,0.0,5.0
2021-07-29 10:51:58.274818,1930499,0.0,0.0
2021-07-29 10:51:58.274818,1930561,0.0,5.0
2021-07-29 10:51:58.430912,1930499,0.0,0.0
2021-07-29 10:51:58.430912,1930561,0.0,5.0
2021-07-29 10:51:58.587438,1930499,0.0,0.0
2021-07-29 10:51:58.587438,1930561,0.0,5.0
2021-07-29 10:51:58.744132,1930499,0.0,0.0
2021-07-29 10:51:58.744132,1930561,0.0,5.0
2021-07-29 10:51:58.900843,1930499,0.0,0.0
2021-07-29 10:51:58.900843,1930561,0.0,5.0
2021-07-29 10:51:59.057387,1930499,0.0,0.0
2021-07-29 10:51:59.057387,1930561,0.0,5.0
2021-07-29 10:51:59.214118,1930499,0.0,0.0
2021-07-29 10:51:59.214118,1930561,0.0,5.0
2021-07-29 10:51:59.370626,1930499,0.0,0.0
2021-07-29 10:51:59.370626,1930561,0.0,5.0
2021-07-29 10:51:59.527365,1930499,0.0,0.0
2021-07-29 10:51:59.527365,1930561,0.0,5.0
2021-07-29 10:51:59.684049,1930499,0.0,0.0
2021-07-29 10:51:59.684049,1930561,0.0,5.0
2021-07-29 10:51:59.840590,1930499,0.0,0.0
2021-07-29 10:51:59.840590,1930561,0.0,5.0
2021-07-29 10:51:59.997081,1930499,0.0,0.0
2021-07-29 10:51:59.997081,1930561,0.0,5.0
2021-07-29 10:52:00.153446,1930499,0.0,0.0
2021-07-29 10:52:00.153446,1930561,0.0,5.0
2021-07-29 10:52:00.309779,1930499,0.0,0.0
2021-07-29 10:52:00.309779,1930561,0.0,5.0
2021-07-29 10:52:00.466361,1930499,0.0,0.0
2021-07-29 10:52:00.466361,1930561,0.0,5.0
2021-07-29 10:52:00.622558,1930499,0.0,0.0
2021-07-29 10:52:00.622558,1930561,0.0,5.0
2021-07-29 10:52:00.779148,1930499,0.0,0.0
2021-07-29 10:52:00.779148,1930561,0.0,5.0
2021-07-29 10:52:00.936037,1930499,0.0,0.0
2021-07-29 10:52:00.936037,1930561,0.0,5.0
2021-07-29 10:52:01.092893,1930499,0.0,0.0
2021-07-29 10:52:01.092893,1930561,0.0,5.0
2021-07-29 10:52:01.249757,1930499,0.0,0.0
2021-07-29 10:52:01.249757,1930561,0.0,5.0
2021-07-29 10:52:01.406539,1930499,0.0,0.0
2021-07-29 10:52:01.406539,1930561,0.0,5.0
2021-07-29 10:52:01.563296,1930499,0.0,0.0
2021-07-29 10:52:01.563296,1930561,0.0,5.0
2021-07-29 10:52:01.719917,1930499,0.0,0.0
2021-07-29 10:52:01.719917,1930561,0.0,5.0
2021-07-29 10:52:01.876460,1930499,0.0,0.0
2021-07-29 10:52:01.876460,1930561,0.0,5.0
2021-07-29 10:52:02.033133,1930499,0.0,0.0
2021-07-29 10:52:02.033133,1930561,0.0,5.0
2021-07-29 10:52:02.189801,1930499,0.0,0.0
2021-07-29 10:52:02.189801,1930561,0.0,5.0
2021-07-29 10:52:02.346674,1930499,0.0,0.0
2021-07-29 10:52:02.346674,1930561,0.0,5.0
2021-07-29 10:52:02.503306,1930499,0.0,0.0
2021-07-29 10:52:02.503306,1930561,0.0,5.0
2021-07-29 10:52:02.660062,1930499,0.0,0.0
2021-07-29 10:52:02.660062,1930561,0.0,5.0
2021-07-29 10:52:02.816837,1930499,0.0,0.0
2021-07-29 10:52:02.816837,1930561,0.0,5.0
2021-07-29 10:52:02.973317,1930499,0.0,0.0
2021-07-29 10:52:02.973317,1930561,0.0,5.0
2021-07-29 10:52:03.129885,1930499,0.0,0.0
2021-07-29 10:52:03.129885,1930561,0.0,5.0
2021-07-29 10:52:03.286531,1930499,0.0,0.0
2021-07-29 10:52:03.286531,1930561,0.0,5.0
2021-07-29 10:52:03.443144,1930499,0.0,0.0
2021-07-29 10:52:03.443144,1930561,0.0,5.0
2021-07-29 10:52:03.599916,1930499,0.0,0.0
2021-07-29 10:52:03.599916,1930561,0.0,5.0
2021-07-29 10:52:03.756709,1930499,0.0,0.0
2021-07-29 10:52:03.756709,1930561,0.0,5.0
2021-07-29 10:52:03.913283,1930499,0.0,0.0
2021-07-29 10:52:03.913283,1930561,0.0,5.0
2021-07-29 10:52:04.069671,1930499,0.0,0.0
2021-07-29 10:52:04.069671,1930561,0.0,5.0
2021-07-29 10:52:04.226260,1930499,0.0,0.0
2021-07-29 10:52:04.226260,1930561,0.0,5.0
2021-07-29 10:52:04.382829,1930499,0.0,0.0
2021-07-29 10:52:04.382829,1930561,0.0,5.0
2021-07-29 10:52:04.539545,1930499,0.0,0.0
2021-07-29 10:52:04.539545,1930561,0.0,5.0
2021-07-29 10:52:04.695772,1930499,0.0,0.0
2021-07-29 10:52:04.695772,1930561,0.0,5.0
2021-07-29 10:52:04.852354,1930499,0.0,0.0
2021-07-29 10:52:04.852354,1930561,0.0,5.0
2021-07-29 10:52:05.009042,1930499,0.0,0.0
2021-07-29 10:52:05.009042,1930561,0.0,5.0
2021-07-29 10:52:05.165265,1930499,0.0,0.0
2021-07-29 10:52:05.165265,1930561,0.0,5.0
2021-07-29 10:52:05.321781,1930499,0.0,0.0
2021-07-29 10:52:05.321781,1930561,0.0,5.0
2021-07-29 10:52:05.478560,1930499,0.0,0.0
2021-07-29 10:52:05.478560,1930561,0.0,5.0
2021-07-29 10:52:05.635072,1930499,0.0,0.0
2021-07-29 10:52:05.635072,1930561,0.0,5.0
2021-07-29 10:52:05.791565,1930499,0.0,0.0
2021-07-29 10:52:05.791565,1930561,0.0,5.0
2021-07-29 10:52:05.948213,1930499,0.0,0.0
2021-07-29 10:52:05.948213,1930561,0.0,5.0
2021-07-29 10:52:06.104948,1930499,0.0,0.0
2021-07-29 10:52:06.104948,1930561,0.0,5.0
2021-07-29 10:52:06.261361,1930499,0.0,0.0
2021-07-29 10:52:06.261361,1930561,0.0,5.0
2021-07-29 10:52:06.417914,1930499,0.0,0.0
2021-07-29 10:52:06.417914,1930561,0.0,5.0
2021-07-29 10:52:06.573922,1930499,0.0,0.0
2021-07-29 10:52:06.573922,1930561,0.0,5.0
2021-07-29 10:52:06.730687,1930499,0.0,0.0
2021-07-29 10:52:06.730687,1930561,0.0,5.0
2021-07-29 10:52:06.887431,1930499,0.0,0.0
2021-07-29 10:52:06.887431,1930561,0.0,5.0
2021-07-29 10:52:07.044147,1930499,0.0,0.0
2021-07-29 10:52:07.044147,1930561,0.0,5.0
2021-07-29 10:52:07.200907,1930499,0.0,0.0
2021-07-29 10:52:07.200907,1930561,0.0,5.0
2021-07-29 10:52:07.357747,1930499,0.0,0.0
2021-07-29 10:52:07.357747,1930561,0.0,5.0
2021-07-29 10:52:07.514467,1930499,0.0,0.0
2021-07-29 10:52:07.514467,1930561,0.0,5.0
2021-07-29 10:52:07.670897,1930499,0.0,0.0
2021-07-29 10:52:07.670897,1930561,0.0,5.0
2021-07-29 10:52:07.827333,1930499,0.0,0.0
2021-07-29 10:52:07.827333,1930561,0.0,5.0
2021-07-29 10:52:07.984012,1930499,0.0,0.0
2021-07-29 10:52:07.984012,1930561,0.0,5.0
2021-07-29 10:52:08.140633,1930499,0.0,0.0
2021-07-29 10:52:08.140633,1930561,0.0,5.0
2021-07-29 10:52:08.297382,1930499,0.0,0.0
2021-07-29 10:52:08.297382,1930561,0.0,5.0
2021-07-29 10:52:08.454050,1930499,0.0,0.0
2021-07-29 10:52:08.454050,1930561,0.0,5.0
2021-07-29 10:52:08.610615,1930499,0.0,0.0
2021-07-29 10:52:08.610615,1930561,0.0,5.0
2021-07-29 10:52:08.767294,1930499,0.0,0.0
2021-07-29 10:52:08.767294,1930561,0.0,5.0
2021-07-29 10:52:08.924025,1930499,0.0,0.0
2021-07-29 10:52:08.924025,1930561,0.0,5.0
2021-07-29 10:52:09.080809,1930499,0.0,0.0
2021-07-29 10:52:09.080809,1930561,0.0,5.0
2021-07-29 10:52:09.237355,1930499,0.0,0.0
2021-07-29 10:52:09.237355,1930561,0.0,5.0
2021-07-29 10:52:09.393638,1930499,0.0,0.0
2021-07-29 10:52:09.393638,1930561,0.0,5.0
2021-07-29 10:52:09.550367,1930499,0.0,0.0
2021-07-29 10:52:09.550367,1930561,0.0,5.0
2021-07-29 10:52:09.706921,1930499,0.0,0.0
2021-07-29 10:52:09.706921,1930561,0.0,5.0
2021-07-29 10:52:09.863589,1930499,0.0,0.0
2021-07-29 10:52:09.863589,1930561,0.0,5.0
2021-07-29 10:52:10.020062,1930499,0.0,0.0
2021-07-29 10:52:10.020062,1930561,0.0,5.0
2021-07-29 10:52:10.176605,1930499,0.0,0.0
2021-07-29 10:52:10.176605,1930561,0.0,5.0
2021-07-29 10:52:10.333366,1930499,0.0,0.0
2021-07-29 10:52:10.333366,1930561,0.0,5.0
2021-07-29 10:52:10.490131,1930499,0.0,0.0
2021-07-29 10:52:10.490131,1930561,0.0,5.0
2021-07-29 10:52:10.646890,1930499,0.0,0.0
2021-07-29 10:52:10.646890,1930561,0.0,5.0
2021-07-29 10:52:10.803577,1930499,0.0,0.0
2021-07-29 10:52:10.803577,1930561,0.0,5.0
2021-07-29 10:52:10.960182,1930499,0.0,0.0
2021-07-29 10:52:10.960182,1930561,0.0,5.0
2021-07-29 10:52:11.116943,1930499,0.0,0.0
2021-07-29 10:52:11.116943,1930561,0.0,5.0
2021-07-29 10:52:11.273700,1930499,0.0,0.0
2021-07-29 10:52:11.273700,1930561,0.0,5.0
2021-07-29 10:52:11.430399,1930499,0.0,0.0
2021-07-29 10:52:11.430399,1930561,0.0,5.0
2021-07-29 10:52:11.586783,1930499,0.0,0.0
2021-07-29 10:52:11.586783,1930561,0.0,5.0
2021-07-29 10:52:11.743349,1930499,0.0,0.0
2021-07-29 10:52:11.743349,1930561,0.0,5.0
2021-07-29 10:52:11.900103,1930499,0.0,0.0
2021-07-29 10:52:11.900103,1930561,0.0,5.0
2021-07-29 10:52:12.056883,1930499,0.0,0.0
2021-07-29 10:52:12.056883,1930561,0.0,5.0
2021-07-29 10:52:12.213399,1930499,0.0,0.0
2021-07-29 10:52:12.213399,1930561,0.0,5.0
2021-07-29 10:52:12.369510,1930499,0.0,0.0
2021-07-29 10:52:12.369510,1930561,0.0,5.0
2021-07-29 10:52:12.526045,1930499,0.0,0.0
2021-07-29 10:52:12.526045,1930561,0.0,5.0
2021-07-29 10:52:12.682474,1930499,0.0,0.0
2021-07-29 10:52:12.682474,1930561,0.0,5.0
2021-07-29 10:52:12.839046,1930499,0.0,0.0
2021-07-29 10:52:12.839046,1930561,0.0,5.0
2021-07-29 10:52:12.995794,1930499,0.0,0.0
2021-07-29 10:52:12.995794,1930561,0.0,5.0
2021-07-29 10:52:13.152567,1930499,0.0,0.0
2021-07-29 10:52:13.152567,1930561,0.0,5.0
2021-07-29 10:52:13.309336,1930499,0.0,0.0
2021-07-29 10:52:13.309336,1930561,0.0,5.0
2021-07-29 10:52:13.466077,1930499,0.0,0.0
2021-07-29 10:52:13.466077,1930561,0.0,5.0
2021-07-29 10:52:13.622792,1930499,0.0,0.0
2021-07-29 10:52:13.622792,1930561,0.0,5.0
2021-07-29 10:52:13.779435,1930499,0.0,0.0
2021-07-29 10:52:13.779435,1930561,0.0,5.0
2021-07-29 10:52:13.935896,1930499,0.0,0.0
2021-07-29 10:52:13.935896,1930561,0.0,5.0
2021-07-29 10:52:14.092453,1930499,0.0,0.0
2021-07-29 10:52:14.092453,1930561,0.0,5.0
2021-07-29 10:52:14.248636,1930499,0.0,0.0
2021-07-29 10:52:14.248636,1930561,0.0,5.0
2021-07-29 10:52:14.405158,1930499,0.0,0.0
2021-07-29 10:52:14.405158,1930561,0.0,5.0
2021-07-29 10:52:14.561599,1930499,0.0,0.0
2021-07-29 10:52:14.561599,1930561,0.0,5.0
2021-07-29 10:52:14.718003,1930499,0.0,0.0
2021-07-29 10:52:14.718003,1930561,0.0,5.0
2021-07-29 10:52:14.874527,1930499,0.0,0.0
2021-07-29 10:52:14.874527,1930561,0.0,5.0
2021-07-29 10:52:15.031002,1930499,0.0,0.0
2021-07-29 10:52:15.031002,1930561,0.0,5.0
2021-07-29 10:52:15.187586,1930499,0.0,0.0
2021-07-29 10:52:15.187586,1930561,0.0,5.0
2021-07-29 10:52:15.344412,1930499,0.0,0.0
2021-07-29 10:52:15.344412,1930561,0.0,5.0
2021-07-29 10:52:15.501278,1930499,0.0,0.0
2021-07-29 10:52:15.501278,1930561,0.0,5.0
2021-07-29 10:52:15.657870,1930499,0.0,0.0
2021-07-29 10:52:15.657870,1930561,0.0,5.0
2021-07-29 10:52:15.814082,1930499,0.0,0.0
2021-07-29 10:52:15.814082,1930561,0.0,5.0
2021-07-29 10:52:15.970667,1930499,0.0,0.0
2021-07-29 10:52:15.970667,1930561,0.0,5.0
2021-07-29 10:52:16.127303,1930499,0.0,0.0
2021-07-29 10:52:16.127303,1930561,0.0,5.0
2021-07-29 10:52:16.284003,1930499,0.0,0.0
2021-07-29 10:52:16.284003,1930561,0.0,5.0
2021-07-29 10:52:16.440769,1930499,0.0,0.0
2021-07-29 10:52:16.440769,1930561,0.0,5.0
2021-07-29 10:52:16.597505,1930499,0.0,0.0
2021-07-29 10:52:16.597505,1930561,0.0,5.0
2021-07-29 10:52:16.754142,1930499,0.0,0.0
2021-07-29 10:52:16.754142,1930561,0.0,5.0
2021-07-29 10:52:16.910650,1930499,0.0,0.0
2021-07-29 10:52:16.910650,1930561,0.0,5.0
2021-07-29 10:52:17.067192,1930499,0.0,0.0
2021-07-29 10:52:17.067192,1930561,0.0,5.0
2021-07-29 10:52:17.223954,1930499,0.0,0.0
2021-07-29 10:52:17.223954,1930561,0.0,5.0
2021-07-29 10:52:17.380237,1930499,0.0,0.0
2021-07-29 10:52:17.380237,1930561,0.0,5.0
2021-07-29 10:52:17.536786,1930499,0.0,0.0
2021-07-29 10:52:17.536786,1930561,0.0,5.0
2021-07-29 10:52:17.693363,1930499,0.0,0.0
2021-07-29 10:52:17.693363,1930561,0.0,5.0
2021-07-29 10:52:17.849985,1930499,0.0,0.0
2021-07-29 10:52:17.849985,1930561,0.0,5.0
2021-07-29 10:52:18.006454,1930499,0.0,0.0
2021-07-29 10:52:18.006454,1930561,0.0,5.0
2021-07-29 10:52:18.162926,1930499,0.0,0.0
2021-07-29 10:52:18.162926,1930561,0.0,5.0
2021-07-29 10:52:18.319436,1930499,0.0,0.0
2021-07-29 10:52:18.319436,1930561,0.0,5.0
2021-07-29 10:52:18.475820,1930499,0.0,0.0
2021-07-29 10:52:18.475820,1930561,0.0,5.0
2021-07-29 10:52:18.632127,1930499,0.0,0.0
2021-07-29 10:52:18.632127,1930561,0.0,5.0
2021-07-29 10:52:18.788726,1930499,0.0,0.0
2021-07-29 10:52:18.788726,1930561,0.0,5.0
2021-07-29 10:52:18.945555,1930499,0.0,0.0
2021-07-29 10:52:18.945555,1930561,0.0,5.0
2021-07-29 10:52:19.102220,1930499,0.0,0.0
2021-07-29 10:52:19.102220,1930561,0.0,5.0
2021-07-29 10:52:19.258789,1930499,0.0,0.0
2021-07-29 10:52:19.258789,1930561,0.0,5.0
2021-07-29 10:52:19.415319,1930499,0.0,0.0
2021-07-29 10:52:19.415319,1930561,0.0,5.0
2021-07-29 10:52:19.571431,1930499,0.0,0.0
2021-07-29 10:52:19.571431,1930561,0.0,5.0
2021-07-29 10:52:19.727973,1930499,0.0,0.0
2021-07-29 10:52:19.727973,1930561,0.0,5.0
2021-07-29 10:52:19.884186,1930499,0.0,0.0
2021-07-29 10:52:19.884186,1930561,0.0,5.0
2021-07-29 10:52:20.040718,1930499,0.0,0.0
2021-07-29 10:52:20.040718,1930561,0.0,5.0
2021-07-29 10:52:20.197222,1930499,0.0,0.0
2021-07-29 10:52:20.197222,1930561,0.0,5.0
2021-07-29 10:52:20.353693,1930499,0.0,0.0
2021-07-29 10:52:20.353693,1930561,0.0,5.0
2021-07-29 10:52:20.510255,1930499,0.0,0.0
2021-07-29 10:52:20.510255,1930561,0.0,5.0
2021-07-29 10:52:20.666932,1930499,0.0,0.0
2021-07-29 10:52:20.666932,1930561,0.0,5.0
2021-07-29 10:52:20.823463,1930499,0.0,0.0
2021-07-29 10:52:20.823463,1930561,0.0,5.0
2021-07-29 10:52:20.979989,1930499,0.0,0.0
2021-07-29 10:52:20.979989,1930561,0.0,5.0
2021-07-29 10:52:21.136547,1930499,0.0,0.0
2021-07-29 10:52:21.136547,1930561,0.0,5.0
2021-07-29 10:52:21.293317,1930499,0.0,0.0
2021-07-29 10:52:21.293317,1930561,0.0,5.0
2021-07-29 10:52:21.450108,1930499,0.0,0.0
2021-07-29 10:52:21.450108,1930561,0.0,5.0
2021-07-29 10:52:21.605481,1930499,0.0,0.0
2021-07-29 10:52:21.605481,1930561,0.0,5.0
2021-07-29 10:52:21.761921,1930499,0.0,0.0
2021-07-29 10:52:21.761921,1930561,0.0,5.0
2021-07-29 10:52:21.918460,1930499,0.0,0.0
2021-07-29 10:52:21.918460,1930561,0.0,5.0
2021-07-29 10:52:22.075182,1930499,0.0,0.0
2021-07-29 10:52:22.075182,1930561,0.0,5.0
2021-07-29 10:52:22.231632,1930499,0.0,0.0
2021-07-29 10:52:22.231632,1930561,0.0,5.0
2021-07-29 10:52:22.387733,1930499,0.0,0.0
2021-07-29 10:52:22.387733,1930561,0.0,5.0
2021-07-29 10:52:22.544282,1930499,0.0,0.0
2021-07-29 10:52:22.544282,1930561,0.0,5.0
2021-07-29 10:52:22.700835,1930499,0.0,0.0
2021-07-29 10:52:22.700835,1930561,0.0,5.0
2021-07-29 10:52:22.857319,1930499,0.0,0.0
2021-07-29 10:52:22.857319,1930561,0.0,5.0
2021-07-29 10:52:23.013470,1930499,0.0,0.0
2021-07-29 10:52:23.013470,1930561,0.0,5.0
2021-07-29 10:52:23.169920,1930499,0.0,0.0
2021-07-29 10:52:23.169920,1930561,0.0,5.0
2021-07-29 10:52:23.326428,1930499,0.0,0.0
2021-07-29 10:52:23.326428,1930561,0.0,5.0
2021-07-29 10:52:23.482892,1930499,0.0,0.0
2021-07-29 10:52:23.482892,1930561,0.0,5.0
2021-07-29 10:52:23.639409,1930499,0.0,0.0
2021-07-29 10:52:23.639409,1930561,0.0,5.0
2021-07-29 10:52:23.795957,1930499,0.0,0.0
2021-07-29 10:52:23.795957,1930561,0.0,5.0
2021-07-29 10:52:23.952652,1930499,0.0,0.0
2021-07-29 10:52:23.952652,1930561,0.0,5.0
2021-07-29 10:52:24.109117,1930499,0.0,0.0
2021-07-29 10:52:24.109117,1930561,0.0,5.0
2021-07-29 10:52:24.265246,1930499,0.0,0.0
2021-07-29 10:52:24.265246,1930561,0.0,5.0
2021-07-29 10:52:24.421704,1930499,0.0,0.0
2021-07-29 10:52:24.421704,1930561,0.0,5.0
2021-07-29 10:52:24.578435,1930499,0.0,0.0
2021-07-29 10:52:24.578435,1930561,0.0,5.0
2021-07-29 10:52:24.734035,1930499,0.0,0.0
2021-07-29 10:52:24.734035,1930561,0.0,5.0
2021-07-29 10:52:24.890657,1930499,0.0,0.0
2021-07-29 10:52:24.890657,1930561,0.0,5.0
2021-07-29 10:52:25.047211,1930499,0.0,0.0
2021-07-29 10:52:25.047211,1930561,0.0,5.0
2021-07-29 10:52:25.203740,1930499,0.0,0.0
2021-07-29 10:52:25.203740,1930561,0.0,5.0
2021-07-29 10:52:25.360252,1930499,0.0,0.0
2021-07-29 10:52:25.360252,1930561,0.0,5.0
2021-07-29 10:52:25.516818,1930499,0.0,0.0
2021-07-29 10:52:25.516818,1930561,0.0,5.0
2021-07-29 10:52:25.673331,1930499,0.0,0.0
2021-07-29 10:52:25.673331,1930561,0.0,5.0
2021-07-29 10:52:25.829712,1930499,0.0,0.0
2021-07-29 10:52:25.829712,1930561,0.0,5.0
2021-07-29 10:52:25.986124,1930499,0.0,0.0
2021-07-29 10:52:25.986124,1930561,0.0,5.0
2021-07-29 10:52:26.142831,1930499,0.0,0.0
2021-07-29 10:52:26.142831,1930561,0.0,5.0
2021-07-29 10:52:26.299582,1930499,0.0,0.0
2021-07-29 10:52:26.299582,1930561,0.0,5.0
2021-07-29 10:52:26.456255,1930499,0.0,0.0
2021-07-29 10:52:26.456255,1930561,0.0,5.0
2021-07-29 10:52:26.612838,1930499,0.0,0.0
2021-07-29 10:52:26.612838,1930561,0.0,5.0
2021-07-29 10:52:26.769550,1930499,0.0,0.0
2021-07-29 10:52:26.769550,1930561,0.0,5.0
2021-07-29 10:52:26.926277,1930499,0.0,0.0
2021-07-29 10:52:26.926277,1930561,0.0,5.0
2021-07-29 10:52:27.082990,1930499,0.0,0.0
2021-07-29 10:52:27.082990,1930561,0.0,5.0
2021-07-29 10:52:27.239621,1930499,0.0,0.0
2021-07-29 10:52:27.239621,1930561,0.0,5.0
2021-07-29 10:52:27.396377,1930499,0.0,0.0
2021-07-29 10:52:27.396377,1930561,0.0,5.0
2021-07-29 10:52:27.552740,1930499,0.0,0.0
2021-07-29 10:52:27.552740,1930561,0.0,5.0
2021-07-29 10:52:27.708885,1930499,0.0,0.0
2021-07-29 10:52:27.708885,1930561,0.0,5.0
2021-07-29 10:52:27.865288,1930499,0.0,0.0
2021-07-29 10:52:27.865288,1930561,0.0,5.0
2021-07-29 10:52:28.021378,1930499,0.0,0.0
2021-07-29 10:52:28.021378,1930561,0.0,5.0
2021-07-29 10:52:28.177684,1930499,0.0,0.0
2021-07-29 10:52:28.177684,1930561,0.0,5.0
2021-07-29 10:52:28.334262,1930499,0.0,0.0
2021-07-29 10:52:28.334262,1930561,0.0,5.0
2021-07-29 10:52:28.491161,1930499,0.0,0.0
2021-07-29 10:52:28.491161,1930561,0.0,5.0
2021-07-29 10:52:28.647445,1930499,0.0,0.0
2021-07-29 10:52:28.647445,1930561,0.0,5.0
2021-07-29 10:52:28.804030,1930499,0.0,0.0
2021-07-29 10:52:28.804030,1930561,0.0,5.0
2021-07-29 10:52:28.960643,1930499,0.0,0.0
2021-07-29 10:52:28.960643,1930561,0.0,5.0
2021-07-29 10:52:29.117227,1930499,0.0,0.0
2021-07-29 10:52:29.117227,1930561,0.0,5.0
2021-07-29 10:52:29.273608,1930499,0.0,0.0
2021-07-29 10:52:29.273608,1930561,0.0,5.0
2021-07-29 10:52:29.430163,1930499,0.0,0.0
2021-07-29 10:52:29.430163,1930561,0.0,5.0
2021-07-29 10:52:29.586621,1930499,0.0,0.0
2021-07-29 10:52:29.586621,1930561,0.0,5.0
2021-07-29 10:52:29.743215,1930499,0.0,0.0
2021-07-29 10:52:29.743215,1930561,0.0,5.0
2021-07-29 10:52:29.899736,1930499,0.0,0.0
2021-07-29 10:52:29.899736,1930561,0.0,5.0
2021-07-29 10:52:30.055867,1930499,0.0,0.0
2021-07-29 10:52:30.055867,1930561,0.0,5.0
2021-07-29 10:52:30.212266,1930561,6.7,5.0
2021-07-29 10:52:30.212266,1930499,0.0,0.0
2021-07-29 10:52:30.368924,1930499,0.0,0.0
2021-07-29 10:52:30.368924,1930561,0.0,5.0
2021-07-29 10:52:30.525674,1930499,0.0,0.0
2021-07-29 10:52:30.525674,1930561,0.0,5.0
2021-07-29 10:52:30.682376,1930499,0.0,0.0
2021-07-29 10:52:30.682376,1930561,0.0,5.0
2021-07-29 10:52:30.839085,1930499,0.0,0.0
2021-07-29 10:52:30.839085,1930561,0.0,5.0
2021-07-29 10:52:30.995740,1930499,0.0,0.0
2021-07-29 10:52:30.995740,1930561,0.0,5.0
2021-07-29 10:52:31.152354,1930499,0.0,0.0
2021-07-29 10:52:31.152354,1930561,0.0,5.0
2021-07-29 10:52:31.308916,1930499,0.0,0.0
2021-07-29 10:52:31.308916,1930561,0.0,5.0
2021-07-29 10:52:31.465439,1930499,0.0,0.0
2021-07-29 10:52:31.465439,1930561,0.0,5.0
2021-07-29 10:52:31.621554,1930499,0.0,0.0
2021-07-29 10:52:31.621554,1930561,0.0,5.0
2021-07-29 10:52:31.778053,1930499,0.0,0.0
2021-07-29 10:52:31.778053,1930561,0.0,5.0
2021-07-29 10:52:31.934600,1930499,0.0,0.0
2021-07-29 10:52:31.934600,1930561,0.0,5.0
2021-07-29 10:52:32.091245,1930499,0.0,0.0
2021-07-29 10:52:32.091245,1930561,0.0,5.0
2021-07-29 10:52:32.247796,1930499,0.0,0.0
2021-07-29 10:52:32.247796,1930561,0.0,5.0
2021-07-29 10:52:32.404357,1930499,0.0,0.0
2021-07-29 10:52:32.404357,1930561,0.0,5.0
2021-07-29 10:52:32.561032,1930499,0.0,0.0
2021-07-29 10:52:32.561032,1930561,0.0,5.0
2021-07-29 10:52:32.717212,1930499,0.0,0.0
2021-07-29 10:52:32.717212,1930561,0.0,5.0
2021-07-29 10:52:32.873507,1930499,0.0,0.0
2021-07-29 10:52:32.873507,1930561,0.0,5.0
2021-07-29 10:52:33.029914,1930499,0.0,0.0
2021-07-29 10:52:33.029914,1930561,0.0,5.0
2021-07-29 10:52:33.186457,1930499,0.0,0.0
2021-07-29 10:52:33.186457,1930561,0.0,5.0
2021-07-29 10:52:33.342663,1930499,0.0,0.0
2021-07-29 10:52:33.342663,1930561,0.0,5.0
2021-07-29 10:52:33.499164,1930499,0.0,0.0
2021-07-29 10:52:33.499164,1930561,0.0,5.0
2021-07-29 10:52:33.655640,1930499,0.0,0.0
2021-07-29 10:52:33.655640,1930561,0.0,5.0
2021-07-29 10:52:33.812072,1930499,0.0,0.0
2021-07-29 10:52:33.812072,1930561,0.0,5.0
2021-07-29 10:52:33.968464,1930499,0.0,0.0
2021-07-29 10:52:33.968464,1930561,0.0,5.0
2021-07-29 10:52:34.125001,1930499,0.0,0.0
2021-07-29 10:52:34.125001,1930561,0.0,5.0
2021-07-29 10:52:34.281460,1930499,0.0,0.0
2021-07-29 10:52:34.281460,1930561,0.0,5.0
2021-07-29 10:52:34.437843,1930499,0.0,0.0
2021-07-29 10:52:34.437843,1930561,0.0,5.0
2021-07-29 10:52:34.594365,1930499,0.0,0.0
2021-07-29 10:52:34.594365,1930561,0.0,5.0
2021-07-29 10:52:34.750903,1930499,0.0,0.0
2021-07-29 10:52:34.750903,1930561,0.0,5.0
2021-07-29 10:52:34.907488,1930499,0.0,0.0
2021-07-29 10:52:34.907488,1930561,0.0,5.0
2021-07-29 10:52:35.063846,1930499,0.0,0.0
2021-07-29 10:52:35.063846,1930561,0.0,5.0
2021-07-29 10:52:35.220501,1930499,0.0,0.0
2021-07-29 10:52:35.220501,1930561,0.0,5.0
2021-07-29 10:52:35.377367,1930499,0.0,0.0
2021-07-29 10:52:35.377367,1930561,0.0,5.0
2021-07-29 10:52:35.534021,1930499,0.0,0.0
2021-07-29 10:52:35.534021,1930561,0.0,5.0
2021-07-29 10:52:35.690610,1930499,0.0,0.0
2021-07-29 10:52:35.690610,1930561,0.0,5.0
2021-07-29 10:52:35.847343,1930499,0.0,0.0
2021-07-29 10:52:35.847343,1930561,0.0,5.0
2021-07-29 10:52:36.004092,1930499,0.0,0.0
2021-07-29 10:52:36.004092,1930561,0.0,5.0
2021-07-29 10:52:36.160755,1930499,0.0,0.0
2021-07-29 10:52:36.160755,1930561,0.0,5.0
2021-07-29 10:52:36.316973,1930499,0.0,0.0
2021-07-29 10:52:36.316973,1930561,0.0,5.0
2021-07-29 10:52:36.473439,1930499,0.0,0.0
2021-07-29 10:52:36.473439,1930561,0.0,5.0
2021-07-29 10:52:36.630007,1930499,0.0,0.0
2021-07-29 10:52:36.630007,1930561,0.0,5.0
2021-07-29 10:52:36.786736,1930499,0.0,0.0
2021-07-29 10:52:36.786736,1930561,0.0,5.0
2021-07-29 10:52:36.943497,1930499,0.0,0.0
2021-07-29 10:52:36.943497,1930561,0.0,5.0
2021-07-29 10:52:37.100367,1930499,0.0,0.0
2021-07-29 10:52:37.100367,1930561,0.0,5.0
2021-07-29 10:52:37.257087,1930499,0.0,0.0
2021-07-29 10:52:37.257087,1930561,0.0,5.0
2021-07-29 10:52:37.413639,1930499,0.0,0.0
2021-07-29 10:52:37.413639,1930561,0.0,5.0
2021-07-29 10:52:37.570202,1930499,0.0,0.0
2021-07-29 10:52:37.570202,1930561,0.0,5.0
2021-07-29 10:52:37.726788,1930499,0.0,0.0
2021-07-29 10:52:37.726788,1930561,0.0,5.0
2021-07-29 10:52:37.883520,1930499,0.0,0.0
2021-07-29 10:52:37.883520,1930561,0.0,5.0
2021-07-29 10:52:38.040273,1930499,0.0,0.0
2021-07-29 10:52:38.040273,1930561,0.0,5.0
2021-07-29 10:52:38.196999,1930499,0.0,0.0
2021-07-29 10:52:38.196999,1930561,0.0,5.0
2021-07-29 10:52:38.353291,1930499,0.0,0.0
2021-07-29 10:52:38.353291,1930561,0.0,5.0
2021-07-29 10:52:38.509868,1930499,0.0,0.0
2021-07-29 10:52:38.509868,1930561,0.0,5.0
2021-07-29 10:52:38.666429,1930499,0.0,0.0
2021-07-29 10:52:38.666429,1930561,0.0,5.0
2021-07-29 10:52:38.823044,1930499,0.0,0.0
2021-07-29 10:52:38.823044,1930561,0.0,5.0
2021-07-29 10:52:38.979758,1930499,0.0,0.0
2021-07-29 10:52:38.979758,1930561,0.0,5.0
2021-07-29 10:52:39.136533,1930499,0.0,0.0
2021-07-29 10:52:39.136533,1930561,0.0,5.0
2021-07-29 10:52:39.292929,1930499,0.0,0.0
2021-07-29 10:52:39.292929,1930561,0.0,5.0
2021-07-29 10:52:39.449344,1930561,6.7,5.0
2021-07-29 10:52:39.449344,1930499,0.0,0.0
2021-07-29 10:52:39.605793,1930499,0.0,0.0
2021-07-29 10:52:39.605793,1930561,0.0,5.0
2021-07-29 10:52:39.762250,1930499,0.0,0.0
2021-07-29 10:52:39.762250,1930561,0.0,5.0
2021-07-29 10:52:39.918761,1930499,0.0,0.0
2021-07-29 10:52:39.918761,1930561,0.0,5.0
2021-07-29 10:52:40.075255,1930499,0.0,0.0
2021-07-29 10:52:40.075255,1930561,0.0,5.0
2021-07-29 10:52:40.231879,1930499,0.0,0.0
2021-07-29 10:52:40.231879,1930561,0.0,5.0
2021-07-29 10:52:40.388611,1930499,0.0,0.0
2021-07-29 10:52:40.388611,1930561,0.0,5.0
2021-07-29 10:52:40.545126,1930499,0.0,0.0
2021-07-29 10:52:40.545126,1930561,0.0,5.0
2021-07-29 10:52:40.701411,1930499,0.0,0.0
2021-07-29 10:52:40.701411,1930561,0.0,5.0
2021-07-29 10:52:40.857941,1930499,0.0,0.0
2021-07-29 10:52:40.857941,1930561,0.0,5.0
2021-07-29 10:52:41.014382,1930499,0.0,0.0
2021-07-29 10:52:41.014382,1930561,0.0,5.0
2021-07-29 10:52:41.170870,1930499,0.0,0.0
2021-07-29 10:52:41.170870,1930561,0.0,5.0
2021-07-29 10:52:41.327479,1930499,0.0,0.0
2021-07-29 10:52:41.327479,1930561,0.0,5.0
2021-07-29 10:52:41.484216,1930499,0.0,0.0
2021-07-29 10:52:41.484216,1930561,0.0,5.0
2021-07-29 10:52:41.640786,1930499,0.0,0.0
2021-07-29 10:52:41.640786,1930561,0.0,5.0
2021-07-29 10:52:41.797480,1930499,0.0,0.0
2021-07-29 10:52:41.797480,1930561,0.0,5.0
2021-07-29 10:52:41.954016,1930499,0.0,0.0
2021-07-29 10:52:41.954016,1930561,0.0,5.0
2021-07-29 10:52:42.110724,1930499,0.0,0.0
2021-07-29 10:52:42.110724,1930561,0.0,5.0
2021-07-29 10:52:42.266940,1930499,0.0,0.0
2021-07-29 10:52:42.266940,1930561,0.0,5.0
2021-07-29 10:52:42.423564,1930499,0.0,0.0
2021-07-29 10:52:42.423564,1930561,0.0,5.0
2021-07-29 10:52:42.579750,1930499,0.0,0.0
2021-07-29 10:52:42.579750,1930561,0.0,5.0
2021-07-29 10:52:42.736281,1930499,0.0,0.0
2021-07-29 10:52:42.736281,1930561,0.0,5.0
2021-07-29 10:52:42.892581,1930499,0.0,0.0
2021-07-29 10:52:42.892581,1930561,0.0,5.0
2021-07-29 10:52:43.049159,1930499,0.0,0.0
2021-07-29 10:52:43.049159,1930561,0.0,5.0
2021-07-29 10:52:43.205621,1930499,0.0,0.0
2021-07-29 10:52:43.205621,1930561,0.0,5.0
2021-07-29 10:52:43.362161,1930499,0.0,0.0
2021-07-29 10:52:43.362161,1930561,0.0,5.0
2021-07-29 10:52:43.518684,1930499,0.0,0.0
2021-07-29 10:52:43.518684,1930561,0.0,5.0
2021-07-29 10:52:43.675193,1930499,0.0,0.0
2021-07-29 10:52:43.675193,1930561,0.0,5.0
2021-07-29 10:52:43.831470,1930499,0.0,0.0
2021-07-29 10:52:43.831470,1930561,0.0,5.0
2021-07-29 10:52:43.987917,1930499,0.0,0.0
2021-07-29 10:52:43.987917,1930561,0.0,5.0
2021-07-29 10:52:44.144315,1930499,0.0,0.0
2021-07-29 10:52:44.144315,1930561,0.0,5.0
2021-07-29 10:52:44.300882,1930499,0.0,0.0
2021-07-29 10:52:44.300882,1930561,0.0,5.0
2021-07-29 10:52:44.457473,1930499,0.0,0.0
2021-07-29 10:52:44.457473,1930561,0.0,5.0
2021-07-29 10:52:44.614184,1930499,0.0,0.0
2021-07-29 10:52:44.614184,1930561,0.0,5.0
2021-07-29 10:52:44.770815,1930499,0.0,0.0
2021-07-29 10:52:44.770815,1930561,0.0,5.0
2021-07-29 10:52:44.927321,1930499,0.0,0.0
2021-07-29 10:52:44.927321,1930561,0.0,5.0
2021-07-29 10:52:45.083805,1930499,0.0,0.0
2021-07-29 10:52:45.083805,1930561,0.0,5.0
2021-07-29 10:52:45.240265,1930499,0.0,0.0
2021-07-29 10:52:45.240265,1930561,0.0,5.0
2021-07-29 10:52:45.396554,1930499,0.0,0.0
2021-07-29 10:52:45.396554,1930561,0.0,5.0
2021-07-29 10:52:45.553132,1930499,0.0,0.0
2021-07-29 10:52:45.553132,1930561,0.0,5.0
2021-07-29 10:52:45.709530,1930499,0.0,0.0
2021-07-29 10:52:45.709530,1930561,0.0,5.0
2021-07-29 10:52:45.865938,1930499,0.0,0.0
2021-07-29 10:52:45.865938,1930561,0.0,5.0
2021-07-29 10:52:46.022606,1930499,0.0,0.0
2021-07-29 10:52:46.022606,1930561,0.0,5.0
2021-07-29 10:52:46.179171,1930499,0.0,0.0
2021-07-29 10:52:46.179171,1930561,0.0,5.0
2021-07-29 10:52:46.335936,1930499,0.0,0.0
2021-07-29 10:52:46.335936,1930561,0.0,5.0
2021-07-29 10:52:46.492444,1930499,0.0,0.0
2021-07-29 10:52:46.492444,1930561,0.0,5.0
2021-07-29 10:52:46.648834,1930499,0.0,0.0
2021-07-29 10:52:46.648834,1930561,0.0,5.0
2021-07-29 10:52:46.805423,1930499,0.0,0.0
2021-07-29 10:52:46.805423,1930561,0.0,5.0
2021-07-29 10:52:46.961909,1930499,0.0,0.0
2021-07-29 10:52:46.961909,1930561,0.0,5.0
2021-07-29 10:52:47.118465,1930499,0.0,0.0
2021-07-29 10:52:47.118465,1930561,0.0,5.0
2021-07-29 10:52:47.275062,1930499,0.0,0.0
2021-07-29 10:52:47.275062,1930561,0.0,5.0
2021-07-29 10:52:47.431862,1930499,0.0,0.0
2021-07-29 10:52:47.431862,1930561,0.0,5.0
2021-07-29 10:52:47.588524,1930499,0.0,0.0
2021-07-29 10:52:47.588524,1930561,0.0,5.0
2021-07-29 10:52:47.744880,1930499,0.0,0.0
2021-07-29 10:52:47.744880,1930561,0.0,5.0
2021-07-29 10:52:47.901251,1930499,0.0,0.0
2021-07-29 10:52:47.901251,1930561,0.0,5.0
2021-07-29 10:52:48.057855,1930499,0.0,0.0
2021-07-29 10:52:48.057855,1930561,0.0,5.0
2021-07-29 10:52:48.214354,1930499,0.0,0.0
2021-07-29 10:52:48.214354,1930561,0.0,5.0
2021-07-29 10:52:48.370916,1930499,0.0,0.0
2021-07-29 10:52:48.370916,1930561,0.0,5.0
2021-07-29 10:52:48.527593,1930499,0.0,0.0
2021-07-29 10:52:48.527593,1930561,0.0,5.0
2021-07-29 10:52:48.684105,1930499,0.0,0.0
2021-07-29 10:52:48.684105,1930561,0.0,5.0
2021-07-29 10:52:48.840677,1930499,0.0,0.0
2021-07-29 10:52:48.840677,1930561,0.0,5.0
2021-07-29 10:52:48.997349,1930499,0.0,0.0
2021-07-29 10:52:48.997349,1930561,0.0,5.0
2021-07-29 10:52:49.153783,1930499,0.0,0.0
2021-07-29 10:52:49.153783,1930561,0.0,5.0
2021-07-29 10:52:49.310388,1930499,0.0,0.0
2021-07-29 10:52:49.310388,1930561,0.0,5.0
2021-07-29 10:52:49.467134,1930499,0.0,0.0
2021-07-29 10:52:49.467134,1930561,0.0,5.0
2021-07-29 10:52:49.623901,1930499,0.0,0.0
2021-07-29 10:52:49.623901,1930561,0.0,5.0
2021-07-29 10:52:49.780699,1930499,0.0,0.0
2021-07-29 10:52:49.780699,1930561,0.0,5.0
2021-07-29 10:52:49.937500,1930499,0.0,0.0
2021-07-29 10:52:49.937500,1930561,0.0,5.0
2021-07-29 10:52:50.094189,1930499,0.0,0.0
2021-07-29 10:52:50.094189,1930561,0.0,5.0
2021-07-29 10:52:50.250721,1930499,0.0,0.0
2021-07-29 10:52:50.250721,1930561,0.0,5.0
2021-07-29 10:52:50.407288,1930499,0.0,0.0
2021-07-29 10:52:50.407288,1930561,0.0,5.0
2021-07-29 10:52:50.563993,1930499,0.0,0.0
2021-07-29 10:52:50.563993,1930561,0.0,5.0
2021-07-29 10:52:50.720488,1930499,0.0,0.0
2021-07-29 10:52:50.720488,1930561,0.0,5.0
2021-07-29 10:52:50.877057,1930499,0.0,0.0
2021-07-29 10:52:50.877057,1930561,0.0,5.0
2021-07-29 10:52:51.033739,1930499,0.0,0.0
2021-07-29 10:52:51.033739,1930561,0.0,5.0
2021-07-29 10:52:51.190415,1930499,0.0,0.0
2021-07-29 10:52:51.190415,1930561,0.0,5.0
2021-07-29 10:52:51.346949,1930499,0.0,0.0
2021-07-29 10:52:51.346949,1930561,0.0,5.0
2021-07-29 10:52:51.503490,1930499,0.0,0.0
2021-07-29 10:52:51.503490,1930561,0.0,5.0
2021-07-29 10:52:51.659776,1930499,0.0,0.0
2021-07-29 10:52:51.659776,1930561,0.0,5.0
2021-07-29 10:52:51.816479,1930499,0.0,0.0
2021-07-29 10:52:51.816479,1930561,0.0,5.0
2021-07-29 10:52:51.973113,1930499,0.0,0.0
2021-07-29 10:52:51.973113,1930561,0.0,5.0
2021-07-29 10:52:52.129252,1930499,0.0,0.0
2021-07-29 10:52:52.129252,1930561,0.0,5.0
2021-07-29 10:52:52.285621,1930499,0.0,0.0
2021-07-29 10:52:52.285621,1930561,0.0,5.0
2021-07-29 10:52:52.442167,1930499,0.0,0.0
2021-07-29 10:52:52.442167,1930561,0.0,5.0
2021-07-29 10:52:52.598627,1930499,0.0,0.0
2021-07-29 10:52:52.598627,1930561,0.0,5.0
2021-07-29 10:52:52.755161,1930499,0.0,0.0
2021-07-29 10:52:52.755161,1930561,0.0,5.0
2021-07-29 10:52:52.911834,1930499,0.0,0.0
2021-07-29 10:52:52.911834,1930561,0.0,5.0
2021-07-29 10:52:53.068393,1930499,0.0,0.0
2021-07-29 10:52:53.068393,1930561,0.0,5.0
2021-07-29 10:52:53.225087,1930499,0.0,0.0
2021-07-29 10:52:53.225087,1930561,0.0,5.0
2021-07-29 10:52:53.381261,1930499,0.0,0.0
2021-07-29 10:52:53.381261,1930561,0.0,5.0
2021-07-29 10:52:53.537870,1930499,0.0,0.0
2021-07-29 10:52:53.537870,1930561,0.0,5.0
2021-07-29 10:52:53.694332,1930499,0.0,0.0
2021-07-29 10:52:53.694332,1930561,0.0,5.0
2021-07-29 10:52:53.850447,1930499,0.0,0.0
2021-07-29 10:52:53.850447,1930561,0.0,5.0
2021-07-29 10:52:54.006992,1930499,0.0,0.0
2021-07-29 10:52:54.006992,1930561,0.0,5.0
2021-07-29 10:52:54.163652,1930499,0.0,0.0
2021-07-29 10:52:54.163652,1930561,0.0,5.0
2021-07-29 10:52:54.320255,1930499,0.0,0.0
2021-07-29 10:52:54.320255,1930561,0.0,5.0
2021-07-29 10:52:54.476809,1930499,0.0,0.0
2021-07-29 10:52:54.476809,1930561,0.0,5.0
2021-07-29 10:52:54.633196,1930499,0.0,0.0
2021-07-29 10:52:54.633196,1930561,0.0,5.0
2021-07-29 10:52:54.789616,1930499,0.0,0.0
2021-07-29 10:52:54.789616,1930561,0.0,5.0
2021-07-29 10:52:54.946359,1930499,0.0,0.0
2021-07-29 10:52:54.946359,1930561,0.0,5.0
2021-07-29 10:52:55.103151,1930499,0.0,0.0
2021-07-29 10:52:55.103151,1930561,0.0,5.0
2021-07-29 10:52:55.259886,1930499,0.0,0.0
2021-07-29 10:52:55.259886,1930561,0.0,5.0
2021-07-29 10:52:55.416525,1930499,0.0,0.0
2021-07-29 10:52:55.416525,1930561,0.0,5.0
2021-07-29 10:52:55.572967,1930499,0.0,0.0
2021-07-29 10:52:55.572967,1930561,0.0,5.0
2021-07-29 10:52:55.729210,1930499,0.0,0.0
2021-07-29 10:52:55.729210,1930561,0.0,5.0
2021-07-29 10:52:55.885533,1930499,0.0,0.0
2021-07-29 10:52:55.885533,1930561,0.0,5.0
2021-07-29 10:52:56.041886,1930499,0.0,0.0
2021-07-29 10:52:56.041886,1930561,0.0,5.0
2021-07-29 10:52:56.198423,1930499,0.0,0.0
2021-07-29 10:52:56.198423,1930561,0.0,5.0
2021-07-29 10:52:56.355078,1930499,0.0,0.0
2021-07-29 10:52:56.355078,1930561,0.0,5.0
2021-07-29 10:52:56.511834,1930499,0.0,0.0
2021-07-29 10:52:56.511834,1930561,0.0,5.0
2021-07-29 10:52:56.668407,1930499,0.0,0.0
2021-07-29 10:52:56.668407,1930561,0.0,5.0
2021-07-29 10:52:56.824970,1930499,0.0,0.0
2021-07-29 10:52:56.824970,1930561,0.0,5.0
2021-07-29 10:52:56.981616,1930499,0.0,0.0
2021-07-29 10:52:56.981616,1930561,0.0,5.0
2021-07-29 10:52:57.138125,1930499,0.0,0.0
2021-07-29 10:52:57.138125,1930561,0.0,5.0
2021-07-29 10:52:57.294814,1930499,0.0,0.0
2021-07-29 10:52:57.294814,1930561,0.0,5.0
2021-07-29 10:52:57.451024,1930499,0.0,0.0
2021-07-29 10:52:57.451024,1930561,0.0,5.0
2021-07-29 10:52:57.607823,1930499,0.0,0.0
2021-07-29 10:52:57.607823,1930561,0.0,5.0
2021-07-29 10:52:57.764417,1930499,0.0,0.0
2021-07-29 10:52:57.764417,1930561,0.0,5.0
2021-07-29 10:52:57.920982,1930499,0.0,0.0
2021-07-29 10:52:57.920982,1930561,0.0,5.0
2021-07-29 10:52:58.077491,1930499,0.0,0.0
2021-07-29 10:52:58.077491,1930561,0.0,5.0
2021-07-29 10:52:58.233933,1930499,0.0,0.0
2021-07-29 10:52:58.233933,1930561,0.0,5.0
2021-07-29 10:52:58.390488,1930499,0.0,0.0
2021-07-29 10:52:58.390488,1930561,0.0,5.0
2021-07-29 10:52:58.547189,1930499,0.0,0.0
2021-07-29 10:52:58.547189,1930561,0.0,5.0
2021-07-29 10:52:58.703613,1930499,0.0,0.0
2021-07-29 10:52:58.703613,1930561,0.0,5.0
2021-07-29 10:52:58.860198,1930499,0.0,0.0
2021-07-29 10:52:58.860198,1930561,0.0,5.0
2021-07-29 10:52:59.016866,1930499,0.0,0.0
2021-07-29 10:52:59.016866,1930561,0.0,5.0
2021-07-29 10:52:59.173680,1930499,0.0,0.0
2021-07-29 10:52:59.173680,1930561,0.0,5.0
2021-07-29 10:52:59.330321,1930499,0.0,0.0
2021-07-29 10:52:59.330321,1930561,0.0,5.0
2021-07-29 10:52:59.486848,1930499,0.0,0.0
2021-07-29 10:52:59.486848,1930561,0.0,5.0
2021-07-29 10:52:59.643289,1930499,0.0,0.0
2021-07-29 10:52:59.643289,1930561,0.0,5.0
2021-07-29 10:52:59.799532,1930499,0.0,0.0
2021-07-29 10:52:59.799532,1930561,0.0,5.0
2021-07-29 10:52:59.956073,1930499,0.0,0.0
2021-07-29 10:52:59.956073,1930561,0.0,5.0
2021-07-29 10:53:00.112644,1930499,0.0,0.0
2021-07-29 10:53:00.112644,1930561,0.0,5.0
2021-07-29 10:53:00.269430,1930499,0.0,0.0
2021-07-29 10:53:00.269430,1930561,0.0,5.0
2021-07-29 10:53:00.426213,1930499,0.0,0.0
2021-07-29 10:53:00.426213,1930561,0.0,5.0
2021-07-29 10:53:00.582900,1930499,0.0,0.0
2021-07-29 10:53:00.582900,1930561,0.0,5.0
2021-07-29 10:53:00.739117,1930499,0.0,0.0
2021-07-29 10:53:00.739117,1930561,0.0,5.0
2021-07-29 10:53:00.895650,1930499,0.0,0.0
2021-07-29 10:53:00.895650,1930561,0.0,5.0
2021-07-29 10:53:01.052008,1930499,0.0,0.0
2021-07-29 10:53:01.052008,1930561,0.0,5.0
2021-07-29 10:53:01.208601,1930499,0.0,0.0
2021-07-29 10:53:01.208601,1930561,0.0,5.0
2021-07-29 10:53:01.365294,1930499,0.0,0.0
2021-07-29 10:53:01.365294,1930561,0.0,5.0
2021-07-29 10:53:01.521909,1930499,0.0,0.0
2021-07-29 10:53:01.521909,1930561,0.0,5.0
2021-07-29 10:53:01.678563,1930499,0.0,0.0
2021-07-29 10:53:01.678563,1930561,0.0,5.0
2021-07-29 10:53:01.835050,1930499,0.0,0.0
2021-07-29 10:53:01.835050,1930561,0.0,5.0
2021-07-29 10:53:01.991626,1930499,0.0,0.0
2021-07-29 10:53:01.991626,1930561,0.0,5.0
2021-07-29 10:53:02.148369,1930499,0.0,0.0
2021-07-29 10:53:02.148369,1930561,0.0,5.0
2021-07-29 10:53:02.305099,1930499,0.0,0.0
2021-07-29 10:53:02.305099,1930561,0.0,5.0
2021-07-29 10:53:02.461402,1930499,0.0,0.0
2021-07-29 10:53:02.461402,1930561,0.0,5.0
2021-07-29 10:53:02.617954,1930499,0.0,0.0
2021-07-29 10:53:02.617954,1930561,0.0,5.0
2021-07-29 10:53:02.774628,1930499,0.0,0.0
2021-07-29 10:53:02.774628,1930561,0.0,5.0
2021-07-29 10:53:02.931239,1930499,0.0,0.0
2021-07-29 10:53:02.931239,1930561,0.0,5.0
2021-07-29 10:53:03.087824,1930499,0.0,0.0
2021-07-29 10:53:03.087824,1930561,0.0,5.0
2021-07-29 10:53:03.244574,1930499,0.0,0.0
2021-07-29 10:53:03.244574,1930561,0.0,5.0
2021-07-29 10:53:03.401344,1930499,0.0,0.0
2021-07-29 10:53:03.401344,1930561,0.0,5.0
2021-07-29 10:53:03.558115,1930499,0.0,0.0
2021-07-29 10:53:03.558115,1930561,0.0,5.0
2021-07-29 10:53:03.714810,1930499,0.0,0.0
2021-07-29 10:53:03.714810,1930561,0.0,5.0
2021-07-29 10:53:03.871314,1930499,0.0,0.0
2021-07-29 10:53:03.871314,1930561,0.0,5.0
2021-07-29 10:53:04.027855,1930499,0.0,0.0
2021-07-29 10:53:04.027855,1930561,0.0,5.0
2021-07-29 10:53:04.184599,1930499,0.0,0.0
2021-07-29 10:53:04.184599,1930561,0.0,5.0
2021-07-29 10:53:04.340843,1930499,0.0,0.0
2021-07-29 10:53:04.340843,1930561,0.0,5.0
2021-07-29 10:53:04.497479,1930499,0.0,0.0
2021-07-29 10:53:04.497479,1930561,0.0,5.0
2021-07-29 10:53:04.654200,1930499,0.0,0.0
2021-07-29 10:53:04.654200,1930561,0.0,5.0
2021-07-29 10:53:04.810708,1930499,0.0,0.0
2021-07-29 10:53:04.810708,1930561,0.0,5.0
2021-07-29 10:53:04.966925,1930499,0.0,0.0
2021-07-29 10:53:04.966925,1930561,0.0,5.0
2021-07-29 10:53:05.123494,1930499,0.0,0.0
2021-07-29 10:53:05.123494,1930561,0.0,5.0
2021-07-29 10:53:05.280199,1930499,0.0,0.0
2021-07-29 10:53:05.280199,1930561,0.0,5.0
2021-07-29 10:53:05.436592,1930499,0.0,0.0
2021-07-29 10:53:05.436592,1930561,0.0,5.0
2021-07-29 10:53:05.593200,1930499,0.0,0.0
2021-07-29 10:53:05.593200,1930561,0.0,5.0
2021-07-29 10:53:05.749710,1930499,0.0,0.0
2021-07-29 10:53:05.749710,1930561,0.0,5.0
2021-07-29 10:53:05.906382,1930499,0.0,0.0
2021-07-29 10:53:05.906382,1930561,0.0,5.0
2021-07-29 10:53:06.062930,1930499,0.0,0.0
2021-07-29 10:53:06.062930,1930561,0.0,5.0
2021-07-29 10:53:06.219449,1930499,0.0,0.0
2021-07-29 10:53:06.219449,1930561,0.0,5.0
2021-07-29 10:53:06.376067,1930499,0.0,0.0
2021-07-29 10:53:06.376067,1930561,0.0,5.0
2021-07-29 10:53:06.532661,1930499,0.0,0.0
2021-07-29 10:53:06.532661,1930561,0.0,5.0
2021-07-29 10:53:06.689206,1930499,0.0,0.0
2021-07-29 10:53:06.689206,1930561,0.0,5.0
2021-07-29 10:53:06.844760,1930499,0.0,0.0
2021-07-29 10:53:06.844760,1930561,0.0,5.0
2021-07-29 10:53:07.001227,1930499,0.0,0.0
2021-07-29 10:53:07.001227,1930561,0.0,5.0
2021-07-29 10:53:07.157756,1930499,0.0,0.0
2021-07-29 10:53:07.157756,1930561,0.0,5.0
2021-07-29 10:53:07.314201,1930499,0.0,0.0
2021-07-29 10:53:07.314201,1930561,0.0,5.0
2021-07-29 10:53:07.470831,1930499,0.0,0.0
2021-07-29 10:53:07.470831,1930561,0.0,5.0
2021-07-29 10:53:07.627476,1930561,6.7,5.0
2021-07-29 10:53:07.627476,1930499,0.0,0.0
2021-07-29 10:53:07.784024,1930499,0.0,0.0
2021-07-29 10:53:07.784024,1930561,0.0,5.0
2021-07-29 10:53:07.940705,1930499,0.0,0.0
2021-07-29 10:53:07.940705,1930561,0.0,5.0
2021-07-29 10:53:08.097312,1930499,0.0,0.0
2021-07-29 10:53:08.097312,1930561,0.0,5.0
2021-07-29 10:53:08.253684,1930499,0.0,0.0
2021-07-29 10:53:08.253684,1930561,0.0,5.0
2021-07-29 10:53:08.410125,1930499,0.0,0.0
2021-07-29 10:53:08.410125,1930561,0.0,5.0
2021-07-29 10:53:08.566523,1930499,0.0,0.0
2021-07-29 10:53:08.566523,1930561,0.0,5.0
2021-07-29 10:53:08.723093,1930499,0.0,0.0
2021-07-29 10:53:08.723093,1930561,0.0,5.0
2021-07-29 10:53:08.879859,1930499,0.0,0.0
2021-07-29 10:53:08.879859,1930561,0.0,5.0
2021-07-29 10:53:09.036528,1930499,0.0,0.0
2021-07-29 10:53:09.036528,1930561,0.0,5.0
2021-07-29 10:53:09.193119,1930499,0.0,0.0
2021-07-29 10:53:09.193119,1930561,0.0,5.0
2021-07-29 10:53:09.349665,1930499,0.0,0.0
2021-07-29 10:53:09.349665,1930561,0.0,5.0
2021-07-29 10:53:09.506230,1930499,0.0,0.0
2021-07-29 10:53:09.506230,1930561,0.0,5.0
2021-07-29 10:53:09.662710,1930499,0.0,0.0
2021-07-29 10:53:09.662710,1930561,0.0,5.0
2021-07-29 10:53:09.819248,1930499,0.0,0.0
2021-07-29 10:53:09.819248,1930561,0.0,5.0
2021-07-29 10:53:09.975874,1930499,0.0,0.0
2021-07-29 10:53:09.975874,1930561,0.0,5.0
2021-07-29 10:53:10.132326,1930499,0.0,0.0
2021-07-29 10:53:10.132326,1930561,0.0,5.0
2021-07-29 10:53:10.288811,1930499,0.0,0.0
2021-07-29 10:53:10.288811,1930561,0.0,5.0
2021-07-29 10:53:10.445220,1930499,0.0,0.0
2021-07-29 10:53:10.445220,1930561,0.0,5.0
2021-07-29 10:53:10.600734,1930499,0.0,0.0
2021-07-29 10:53:10.600734,1930561,0.0,5.0
2021-07-29 10:53:10.757097,1930499,0.0,0.0
2021-07-29 10:53:10.757097,1930561,0.0,5.0
2021-07-29 10:53:10.913461,1930499,0.0,0.0
2021-07-29 10:53:10.913461,1930561,0.0,5.0
2021-07-29 10:53:11.070166,1930499,0.0,0.0
2021-07-29 10:53:11.070166,1930561,0.0,5.0
2021-07-29 10:53:11.226658,1930499,0.0,0.0
2021-07-29 10:53:11.226658,1930561,0.0,5.0
2021-07-29 10:53:11.383221,1930499,0.0,0.0
2021-07-29 10:53:11.383221,1930561,0.0,5.0
2021-07-29 10:53:11.539635,1930499,0.0,0.0
2021-07-29 10:53:11.539635,1930561,0.0,5.0
2021-07-29 10:53:11.696211,1930499,0.0,0.0
2021-07-29 10:53:11.696211,1930561,0.0,5.0
2021-07-29 10:53:11.852798,1930499,0.0,0.0
2021-07-29 10:53:11.852798,1930561,0.0,5.0
2021-07-29 10:53:12.009488,1930499,0.0,0.0
2021-07-29 10:53:12.009488,1930561,0.0,5.0
2021-07-29 10:53:12.166148,1930499,0.0,0.0
2021-07-29 10:53:12.166148,1930561,0.0,5.0
2021-07-29 10:53:12.322920,1930499,0.0,0.0
2021-07-29 10:53:12.322920,1930561,0.0,5.0
2021-07-29 10:53:12.479668,1930499,0.0,0.0
2021-07-29 10:53:12.479668,1930561,0.0,5.0
2021-07-29 10:53:12.636392,1930499,0.0,0.0
2021-07-29 10:53:12.636392,1930561,0.0,5.0
2021-07-29 10:53:12.793040,1930499,0.0,0.0
2021-07-29 10:53:12.793040,1930561,0.0,5.0
2021-07-29 10:53:12.949219,1930499,0.0,0.0
2021-07-29 10:53:12.949219,1930561,0.0,5.0
2021-07-29 10:53:13.105812,1930499,0.0,0.0
2021-07-29 10:53:13.105812,1930561,0.0,5.0
2021-07-29 10:53:13.262548,1930499,0.0,0.0
2021-07-29 10:53:13.262548,1930561,0.0,5.0
2021-07-29 10:53:13.419269,1930499,0.0,0.0
2021-07-29 10:53:13.419269,1930561,0.0,5.0
2021-07-29 10:53:13.575779,1930499,0.0,0.0
2021-07-29 10:53:13.575779,1930561,0.0,5.0
2021-07-29 10:53:13.731971,1930499,0.0,0.0
2021-07-29 10:53:13.731971,1930561,0.0,5.0
2021-07-29 10:53:13.888502,1930499,0.0,0.0
2021-07-29 10:53:13.888502,1930561,0.0,5.0
2021-07-29 10:53:14.045030,1930499,0.0,0.0
2021-07-29 10:53:14.045030,1930561,0.0,5.0
2021-07-29 10:53:14.201222,1930499,0.0,0.0
2021-07-29 10:53:14.201222,1930561,0.0,5.0
2021-07-29 10:53:14.357698,1930499,0.0,0.0
2021-07-29 10:53:14.357698,1930561,0.0,5.0
2021-07-29 10:53:14.514382,1930499,0.0,0.0
2021-07-29 10:53:14.514382,1930561,0.0,5.0
2021-07-29 10:53:14.671115,1930499,0.0,0.0
2021-07-29 10:53:14.671115,1930561,0.0,5.0
2021-07-29 10:53:14.827874,1930499,0.0,0.0
2021-07-29 10:53:14.827874,1930561,0.0,5.0
2021-07-29 10:53:14.984513,1930499,0.0,0.0
2021-07-29 10:53:14.984513,1930561,0.0,5.0
2021-07-29 10:53:15.141203,1930499,0.0,0.0
2021-07-29 10:53:15.141203,1930561,0.0,5.0
2021-07-29 10:53:15.297901,1930499,0.0,0.0
2021-07-29 10:53:15.297901,1930561,0.0,5.0
2021-07-29 10:53:15.454495,1930499,0.0,0.0
2021-07-29 10:53:15.454495,1930561,0.0,5.0
2021-07-29 10:53:15.611015,1930499,0.0,0.0
2021-07-29 10:53:15.611015,1930561,0.0,5.0
2021-07-29 10:53:15.767277,1930499,0.0,0.0
2021-07-29 10:53:15.767277,1930561,0.0,5.0
2021-07-29 10:53:15.923614,1930499,0.0,0.0
2021-07-29 10:53:15.923614,1930561,0.0,5.0
2021-07-29 10:53:16.080311,1930499,0.0,0.0
2021-07-29 10:53:16.080311,1930561,0.0,5.0
2021-07-29 10:53:16.237010,1930499,0.0,0.0
2021-07-29 10:53:16.237010,1930561,0.0,5.0
2021-07-29 10:53:16.393244,1930499,0.0,0.0
2021-07-29 10:53:16.393244,1930561,0.0,5.0
2021-07-29 10:53:16.549806,1930499,0.0,0.0
2021-07-29 10:53:16.549806,1930561,0.0,5.0
2021-07-29 10:53:16.706272,1930499,0.0,0.0
2021-07-29 10:53:16.706272,1930561,0.0,5.0
2021-07-29 10:53:16.862790,1930499,0.0,0.0
2021-07-29 10:53:16.862790,1930561,0.0,5.0
2021-07-29 10:53:17.019360,1930499,0.0,0.0
2021-07-29 10:53:17.019360,1930561,0.0,5.0
2021-07-29 10:53:17.176052,1930499,0.0,0.0
2021-07-29 10:53:17.176052,1930561,0.0,5.0
2021-07-29 10:53:17.332609,1930499,0.0,0.0
2021-07-29 10:53:17.332609,1930561,0.0,5.0
2021-07-29 10:53:17.489388,1930499,0.0,0.0
2021-07-29 10:53:17.489388,1930561,0.0,5.0
2021-07-29 10:53:17.646116,1930499,0.0,0.0
2021-07-29 10:53:17.646116,1930561,0.0,5.0
2021-07-29 10:53:17.802849,1930499,0.0,0.0
2021-07-29 10:53:17.802849,1930561,0.0,5.0
2021-07-29 10:53:17.959632,1930499,0.0,0.0
2021-07-29 10:53:17.959632,1930561,0.0,5.0
2021-07-29 10:53:18.116296,1930499,0.0,0.0
2021-07-29 10:53:18.116296,1930561,0.0,5.0
2021-07-29 10:53:18.272880,1930499,0.0,0.0
2021-07-29 10:53:18.272880,1930561,0.0,5.0
2021-07-29 10:53:18.429374,1930499,0.0,0.0
2021-07-29 10:53:18.429374,1930561,0.0,5.0
2021-07-29 10:53:18.586021,1930499,0.0,0.0
2021-07-29 10:53:18.586021,1930561,0.0,5.0
2021-07-29 10:53:18.742633,1930499,0.0,0.0
2021-07-29 10:53:18.742633,1930561,0.0,5.0
2021-07-29 10:53:18.899098,1930499,0.0,0.0
2021-07-29 10:53:18.899098,1930561,0.0,5.0
2021-07-29 10:53:19.055612,1930499,0.0,0.0
2021-07-29 10:53:19.055612,1930561,0.0,5.0
2021-07-29 10:53:19.212383,1930499,0.0,0.0
2021-07-29 10:53:19.212383,1930561,0.0,5.0
2021-07-29 10:53:19.368967,1930499,0.0,0.0
2021-07-29 10:53:19.368967,1930561,0.0,5.0
2021-07-29 10:53:19.525229,1930499,0.0,0.0
2021-07-29 10:53:19.525229,1930561,0.0,5.0
2021-07-29 10:53:19.681723,1930499,0.0,0.0
2021-07-29 10:53:19.681723,1930561,0.0,5.0
2021-07-29 10:53:19.838143,1930499,0.0,0.0
2021-07-29 10:53:19.838143,1930561,0.0,5.0
2021-07-29 10:53:19.994375,1930499,0.0,0.0
2021-07-29 10:53:19.994375,1930561,0.0,5.0
2021-07-29 10:53:20.150894,1930499,0.0,0.0
2021-07-29 10:53:20.150894,1930561,0.0,5.0
2021-07-29 10:53:20.307473,1930499,0.0,0.0
2021-07-29 10:53:20.307473,1930561,0.0,5.0
2021-07-29 10:53:20.464088,1930499,0.0,0.0
2021-07-29 10:53:20.464088,1930561,0.0,5.0
2021-07-29 10:53:20.620738,1930499,0.0,0.0
2021-07-29 10:53:20.620738,1930561,0.0,5.0
2021-07-29 10:53:20.776931,1930499,0.0,0.0
2021-07-29 10:53:20.776931,1930561,0.0,5.0
2021-07-29 10:53:20.933314,1930499,0.0,0.0
2021-07-29 10:53:20.933314,1930561,0.0,5.0
2021-07-29 10:53:21.089598,1930499,0.0,0.0
2021-07-29 10:53:21.089598,1930561,0.0,5.0
2021-07-29 10:53:21.245805,1930499,0.0,0.0
2021-07-29 10:53:21.245805,1930561,0.0,5.0
2021-07-29 10:53:21.402215,1930499,0.0,0.0
2021-07-29 10:53:21.402215,1930561,0.0,5.0
2021-07-29 10:53:21.558876,1930499,0.0,0.0
2021-07-29 10:53:21.558876,1930561,0.0,5.0
2021-07-29 10:53:21.715507,1930499,0.0,0.0
2021-07-29 10:53:21.715507,1930561,0.0,5.0
2021-07-29 10:53:21.871987,1930499,0.0,0.0
2021-07-29 10:53:21.871987,1930561,0.0,5.0
2021-07-29 10:53:22.028533,1930499,0.0,0.0
2021-07-29 10:53:22.028533,1930561,0.0,5.0
2021-07-29 10:53:22.185317,1930499,0.0,0.0
2021-07-29 10:53:22.185317,1930561,0.0,5.0
2021-07-29 10:53:22.342083,1930499,0.0,0.0
2021-07-29 10:53:22.342083,1930561,0.0,5.0
2021-07-29 10:53:22.498832,1930499,0.0,0.0
2021-07-29 10:53:22.498832,1930561,0.0,5.0
2021-07-29 10:53:22.655516,1930499,0.0,0.0
2021-07-29 10:53:22.655516,1930561,0.0,5.0
2021-07-29 10:53:22.811749,1930499,0.0,0.0
2021-07-29 10:53:22.811749,1930561,0.0,5.0
2021-07-29 10:53:22.968346,1930499,0.0,0.0
2021-07-29 10:53:22.968346,1930561,0.0,5.0
2021-07-29 10:53:23.125038,1930499,0.0,0.0
2021-07-29 10:53:23.125038,1930561,0.0,5.0
2021-07-29 10:53:23.281219,1930499,0.0,0.0
2021-07-29 10:53:23.281219,1930561,0.0,5.0
2021-07-29 10:53:23.437830,1930499,0.0,0.0
2021-07-29 10:53:23.437830,1930561,0.0,5.0
2021-07-29 10:53:23.594498,1930499,0.0,0.0
2021-07-29 10:53:23.594498,1930561,0.0,5.0
2021-07-29 10:53:23.751036,1930499,0.0,0.0
2021-07-29 10:53:23.751036,1930561,0.0,5.0
2021-07-29 10:53:23.907630,1930499,0.0,0.0
2021-07-29 10:53:23.907630,1930561,0.0,5.0
2021-07-29 10:53:24.064174,1930499,0.0,0.0
2021-07-29 10:53:24.064174,1930561,0.0,5.0
2021-07-29 10:53:24.220742,1930499,0.0,0.0
2021-07-29 10:53:24.220742,1930561,0.0,5.0
2021-07-29 10:53:24.377346,1930499,0.0,0.0
2021-07-29 10:53:24.377346,1930561,0.0,5.0
2021-07-29 10:53:24.534040,1930499,0.0,0.0
2021-07-29 10:53:24.534040,1930561,0.0,5.0
2021-07-29 10:53:24.690495,1930499,0.0,0.0
2021-07-29 10:53:24.690495,1930561,0.0,5.0
2021-07-29 10:53:24.847027,1930499,0.0,0.0
2021-07-29 10:53:24.847027,1930561,0.0,5.0
2021-07-29 10:53:25.003560,1930499,0.0,0.0
2021-07-29 10:53:25.003560,1930561,0.0,5.0
2021-07-29 10:53:25.160207,1930499,0.0,0.0
2021-07-29 10:53:25.160207,1930561,0.0,5.0
2021-07-29 10:53:25.316804,1930499,0.0,0.0
2021-07-29 10:53:25.316804,1930561,0.0,5.0
2021-07-29 10:53:25.473708,1930499,0.0,0.0
2021-07-29 10:53:25.473708,1930561,0.0,5.0
2021-07-29 10:53:25.630229,1930499,0.0,0.0
2021-07-29 10:53:25.630229,1930561,0.0,5.0
2021-07-29 10:53:25.786793,1930499,0.0,0.0
2021-07-29 10:53:25.786793,1930561,0.0,5.0
2021-07-29 10:53:25.943335,1930499,0.0,0.0
2021-07-29 10:53:25.943335,1930561,0.0,5.0
2021-07-29 10:53:26.099999,1930499,0.0,0.0
2021-07-29 10:53:26.099999,1930561,0.0,5.0
2021-07-29 10:53:26.256535,1930499,0.0,0.0
2021-07-29 10:53:26.256535,1930561,0.0,5.0
2021-07-29 10:53:26.412779,1930499,0.0,0.0
2021-07-29 10:53:26.412779,1930561,0.0,5.0
2021-07-29 10:53:26.569447,1930499,0.0,0.0
2021-07-29 10:53:26.569447,1930561,0.0,5.0
2021-07-29 10:53:26.725637,1930499,0.0,0.0
2021-07-29 10:53:26.725637,1930561,0.0,5.0
2021-07-29 10:53:26.882229,1930499,0.0,0.0
2021-07-29 10:53:26.882229,1930561,0.0,5.0
2021-07-29 10:53:27.038773,1930499,0.0,0.0
2021-07-29 10:53:27.038773,1930561,0.0,5.0
2021-07-29 10:53:27.195274,1930499,0.0,0.0
2021-07-29 10:53:27.195274,1930561,0.0,5.0
2021-07-29 10:53:27.351854,1930499,0.0,0.0
2021-07-29 10:53:27.351854,1930561,0.0,5.0
2021-07-29 10:53:27.508078,1930499,0.0,0.0
2021-07-29 10:53:27.508078,1930561,0.0,5.0
2021-07-29 10:53:27.664603,1930499,0.0,0.0
2021-07-29 10:53:27.664603,1930561,0.0,5.0
2021-07-29 10:53:27.821115,1930499,0.0,0.0
2021-07-29 10:53:27.821115,1930561,0.0,5.0
2021-07-29 10:53:27.977322,1930499,0.0,0.0
2021-07-29 10:53:27.977322,1930561,0.0,5.0
2021-07-29 10:53:28.133867,1930499,0.0,0.0
2021-07-29 10:53:28.133867,1930561,0.0,5.0
2021-07-29 10:53:28.290140,1930499,0.0,0.0
2021-07-29 10:53:28.290140,1930561,0.0,5.0
2021-07-29 10:53:28.446692,1930499,0.0,0.0
2021-07-29 10:53:28.446692,1930561,0.0,5.0
2021-07-29 10:53:28.603221,1930499,0.0,0.0
2021-07-29 10:53:28.603221,1930561,0.0,5.0
2021-07-29 10:53:28.759667,1930499,0.0,0.0
2021-07-29 10:53:28.759667,1930561,0.0,5.0
2021-07-29 10:53:28.916207,1930499,0.0,0.0
2021-07-29 10:53:28.916207,1930561,0.0,5.0
2021-07-29 10:53:29.072826,1930499,0.0,0.0
2021-07-29 10:53:29.072826,1930561,0.0,5.0
2021-07-29 10:53:29.229749,1930499,0.0,0.0
2021-07-29 10:53:29.229749,1930561,0.0,5.0
2021-07-29 10:53:29.386517,1930499,0.0,0.0
2021-07-29 10:53:29.386517,1930561,0.0,5.0
2021-07-29 10:53:29.543285,1930499,0.0,0.0
2021-07-29 10:53:29.543285,1930561,0.0,5.0
2021-07-29 10:53:29.699791,1930499,0.0,0.0
2021-07-29 10:53:29.699791,1930561,0.0,5.0
2021-07-29 10:53:29.855908,1930499,0.0,0.0
2021-07-29 10:53:29.855908,1930561,0.0,5.0
2021-07-29 10:53:30.012583,1930499,0.0,0.0
2021-07-29 10:53:30.012583,1930561,0.0,5.0
2021-07-29 10:53:30.169235,1930499,0.0,0.0
2021-07-29 10:53:30.169235,1930561,0.0,5.0
2021-07-29 10:53:30.325531,1930499,0.0,0.0
2021-07-29 10:53:30.325531,1930561,0.0,5.0
2021-07-29 10:53:30.481938,1930499,0.0,0.0
2021-07-29 10:53:30.481938,1930561,0.0,5.0
2021-07-29 10:53:30.638474,1930499,0.0,0.0
2021-07-29 10:53:30.638474,1930561,0.0,5.0
2021-07-29 10:53:30.794649,1930499,0.0,0.0
2021-07-29 10:53:30.794649,1930561,0.0,5.0
2021-07-29 10:53:30.951199,1930499,0.0,0.0
2021-07-29 10:53:30.951199,1930561,0.0,5.0
2021-07-29 10:53:31.107664,1930499,0.0,0.0
2021-07-29 10:53:31.107664,1930561,0.0,5.0
2021-07-29 10:53:31.264258,1930499,0.0,0.0
2021-07-29 10:53:31.264258,1930561,0.0,5.0
2021-07-29 10:53:31.420861,1930499,0.0,0.0
2021-07-29 10:53:31.420861,1930561,0.0,5.0
2021-07-29 10:53:31.577365,1930499,0.0,0.0
2021-07-29 10:53:31.577365,1930561,0.0,5.0
2021-07-29 10:53:31.733846,1930499,0.0,0.0
2021-07-29 10:53:31.733846,1930561,0.0,5.0
2021-07-29 10:53:31.890402,1930499,0.0,0.0
2021-07-29 10:53:31.890402,1930561,0.0,5.0
2021-07-29 10:53:32.047137,1930499,0.0,0.0
2021-07-29 10:53:32.047137,1930561,0.0,5.0
2021-07-29 10:53:32.203883,1930499,0.0,0.0
2021-07-29 10:53:32.203883,1930561,0.0,5.0
2021-07-29 10:53:32.360532,1930499,0.0,0.0
2021-07-29 10:53:32.360532,1930561,0.0,5.0
2021-07-29 10:53:32.517035,1930499,0.0,0.0
2021-07-29 10:53:32.517035,1930561,0.0,5.0
2021-07-29 10:53:32.673234,1930499,0.0,0.0
2021-07-29 10:53:32.673234,1930561,0.0,5.0
2021-07-29 10:53:32.829682,1930499,0.0,0.0
2021-07-29 10:53:32.829682,1930561,0.0,5.0
2021-07-29 10:53:32.986213,1930499,0.0,0.0
2021-07-29 10:53:32.986213,1930561,0.0,5.0
2021-07-29 10:53:33.142935,1930499,0.0,0.0
2021-07-29 10:53:33.142935,1930561,0.0,5.0
2021-07-29 10:53:33.299635,1930499,0.0,0.0
2021-07-29 10:53:33.299635,1930561,0.0,5.0
2021-07-29 10:53:33.456270,1930499,0.0,0.0
2021-07-29 10:53:33.456270,1930561,0.0,5.0
2021-07-29 10:53:33.612778,1930499,0.0,0.0
2021-07-29 10:53:33.612778,1930561,0.0,5.0
2021-07-29 10:53:33.769225,1930499,0.0,0.0
2021-07-29 10:53:33.769225,1930561,0.0,5.0
2021-07-29 10:53:33.925722,1930499,0.0,0.0
2021-07-29 10:53:33.925722,1930561,0.0,5.0
2021-07-29 10:53:34.082505,1930499,0.0,0.0
2021-07-29 10:53:34.082505,1930561,0.0,5.0
2021-07-29 10:53:34.239177,1930499,0.0,0.0
2021-07-29 10:53:34.239177,1930561,0.0,5.0
2021-07-29 10:53:34.395742,1930499,0.0,0.0
2021-07-29 10:53:34.395742,1930561,0.0,5.0
2021-07-29 10:53:34.552526,1930499,0.0,0.0
2021-07-29 10:53:34.552526,1930561,0.0,5.0
2021-07-29 10:53:34.708769,1930499,0.0,0.0
2021-07-29 10:53:34.708769,1930561,0.0,5.0
2021-07-29 10:53:34.865263,1930499,0.0,0.0
2021-07-29 10:53:34.865263,1930561,0.0,5.0
2021-07-29 10:53:35.021840,1930499,0.0,0.0
2021-07-29 10:53:35.021840,1930561,0.0,5.0
2021-07-29 10:53:35.178606,1930499,0.0,0.0
2021-07-29 10:53:35.178606,1930561,0.0,5.0
2021-07-29 10:53:35.335443,1930499,0.0,0.0
2021-07-29 10:53:35.335443,1930561,0.0,5.0
2021-07-29 10:53:35.491882,1930499,0.0,0.0
2021-07-29 10:53:35.491882,1930561,0.0,5.0
2021-07-29 10:53:35.648270,1930499,0.0,0.0
2021-07-29 10:53:35.648270,1930561,0.0,5.0
2021-07-29 10:53:35.804639,1930499,0.0,0.0
2021-07-29 10:53:35.804639,1930561,0.0,5.0
2021-07-29 10:53:35.961190,1930499,0.0,0.0
2021-07-29 10:53:35.961190,1930561,0.0,5.0
2021-07-29 10:53:36.117784,1930499,0.0,0.0
2021-07-29 10:53:36.117784,1930561,0.0,5.0
2021-07-29 10:53:36.274240,1930499,0.0,0.0
2021-07-29 10:53:36.274240,1930561,0.0,5.0
2021-07-29 10:53:36.430870,1930499,0.0,0.0
2021-07-29 10:53:36.430870,1930561,0.0,5.0
2021-07-29 10:53:36.587643,1930499,0.0,0.0
2021-07-29 10:53:36.587643,1930561,0.0,5.0
2021-07-29 10:53:36.744357,1930499,0.0,0.0
2021-07-29 10:53:36.744357,1930561,0.0,5.0
2021-07-29 10:53:36.900883,1930499,0.0,0.0
2021-07-29 10:53:36.900883,1930561,0.0,5.0
2021-07-29 10:53:37.057125,1930499,0.0,0.0
2021-07-29 10:53:37.057125,1930561,0.0,5.0
2021-07-29 10:53:37.213662,1930499,0.0,0.0
2021-07-29 10:53:37.213662,1930561,0.0,5.0
2021-07-29 10:53:37.370200,1930499,0.0,0.0
2021-07-29 10:53:37.370200,1930561,0.0,5.0
2021-07-29 10:53:37.526765,1930499,0.0,0.0
2021-07-29 10:53:37.526765,1930561,0.0,5.0
2021-07-29 10:53:37.683433,1930499,0.0,0.0
2021-07-29 10:53:37.683433,1930561,0.0,5.0
2021-07-29 10:53:37.839617,1930499,0.0,0.0
2021-07-29 10:53:37.839617,1930561,0.0,5.0
2021-07-29 10:53:37.996206,1930499,0.0,0.0
2021-07-29 10:53:37.996206,1930561,0.0,5.0
2021-07-29 10:53:38.152884,1930499,0.0,0.0
2021-07-29 10:53:38.152884,1930561,0.0,5.0
2021-07-29 10:53:38.309425,1930499,0.0,0.0
2021-07-29 10:53:38.309425,1930561,0.0,5.0
2021-07-29 10:53:38.465978,1930499,0.0,0.0
2021-07-29 10:53:38.465978,1930561,0.0,5.0
2021-07-29 10:53:38.621974,1930499,0.0,0.0
2021-07-29 10:53:38.621974,1930561,0.0,5.0
2021-07-29 10:53:38.778484,1930499,0.0,0.0
2021-07-29 10:53:38.778484,1930561,0.0,5.0
2021-07-29 10:53:38.935152,1930499,0.0,0.0
2021-07-29 10:53:38.935152,1930561,0.0,5.0
2021-07-29 10:53:39.092012,1930499,0.0,0.0
2021-07-29 10:53:39.092012,1930561,0.0,5.0
2021-07-29 10:53:39.248482,1930499,0.0,0.0
2021-07-29 10:53:39.248482,1930561,0.0,5.0
2021-07-29 10:53:39.404987,1930499,0.0,0.0
2021-07-29 10:53:39.404987,1930561,0.0,5.0
2021-07-29 10:53:39.561544,1930499,0.0,0.0
2021-07-29 10:53:39.561544,1930561,0.0,5.0
2021-07-29 10:53:39.717953,1930499,0.0,0.0
2021-07-29 10:53:39.717953,1930561,0.0,5.0
2021-07-29 10:53:39.874330,1930499,0.0,0.0
2021-07-29 10:53:39.874330,1930561,0.0,5.0
2021-07-29 10:53:40.031068,1930499,0.0,0.0
2021-07-29 10:53:40.031068,1930561,0.0,5.0
2021-07-29 10:53:40.187870,1930499,0.0,0.0
2021-07-29 10:53:40.187870,1930561,0.0,5.0
2021-07-29 10:53:40.344541,1930499,0.0,0.0
2021-07-29 10:53:40.344541,1930561,0.0,5.0
2021-07-29 10:53:40.501072,1930499,0.0,0.0
2021-07-29 10:53:40.501072,1930561,0.0,5.0
2021-07-29 10:53:40.657698,1930499,0.0,0.0
2021-07-29 10:53:40.657698,1930561,0.0,5.0
2021-07-29 10:53:40.814311,1930499,0.0,0.0
2021-07-29 10:53:40.814311,1930561,0.0,5.0
2021-07-29 10:53:40.971002,1930499,0.0,0.0
2021-07-29 10:53:40.971002,1930561,0.0,5.0
2021-07-29 10:53:41.127429,1930499,0.0,0.0
2021-07-29 10:53:41.127429,1930561,0.0,5.0
2021-07-29 10:53:41.283830,1930499,0.0,0.0
2021-07-29 10:53:41.283830,1930561,0.0,5.0
2021-07-29 10:53:41.440452,1930499,0.0,0.0
2021-07-29 10:53:41.440452,1930561,0.0,5.0
2021-07-29 10:53:41.597106,1930499,0.0,0.0
2021-07-29 10:53:41.597106,1930561,0.0,5.0
2021-07-29 10:53:41.753316,1930499,0.0,0.0
2021-07-29 10:53:41.753316,1930561,0.0,5.0
2021-07-29 10:53:41.909970,1930499,0.0,0.0
2021-07-29 10:53:41.909970,1930561,0.0,5.0
2021-07-29 10:53:42.066656,1930499,0.0,0.0
2021-07-29 10:53:42.066656,1930561,0.0,5.0
2021-07-29 10:53:42.222923,1930499,0.0,0.0
2021-07-29 10:53:42.222923,1930561,0.0,5.0
2021-07-29 10:53:42.379597,1930499,0.0,0.0
2021-07-29 10:53:42.379597,1930561,0.0,5.0
2021-07-29 10:53:42.536412,1930499,0.0,0.0
2021-07-29 10:53:42.536412,1930561,0.0,5.0
2021-07-29 10:53:42.692609,1930499,0.0,0.0
2021-07-29 10:53:42.692609,1930561,0.0,5.0
2021-07-29 10:53:42.849094,1930499,0.0,0.0
2021-07-29 10:53:42.849094,1930561,0.0,5.0
2021-07-29 10:53:43.005308,1930499,0.0,0.0
2021-07-29 10:53:43.005308,1930561,0.0,5.0
2021-07-29 10:53:43.161729,1930499,0.0,0.0
2021-07-29 10:53:43.161729,1930561,0.0,5.0
2021-07-29 10:53:43.318115,1930499,0.0,0.0
2021-07-29 10:53:43.318115,1930561,0.0,5.0
2021-07-29 10:53:43.474548,1930499,0.0,0.0
2021-07-29 10:53:43.474548,1930561,0.0,5.0
2021-07-29 10:53:43.630983,1930499,0.0,0.0
2021-07-29 10:53:43.630983,1930561,0.0,5.0
2021-07-29 10:53:43.787434,1930499,0.0,0.0
2021-07-29 10:53:43.787434,1930561,0.0,5.0
2021-07-29 10:53:43.944020,1930499,0.0,0.0
2021-07-29 10:53:43.944020,1930561,0.0,5.0
2021-07-29 10:53:44.100805,1930499,0.0,0.0
2021-07-29 10:53:44.100805,1930561,0.0,5.0
2021-07-29 10:53:44.257559,1930499,0.0,0.0
2021-07-29 10:53:44.257559,1930561,0.0,5.0
2021-07-29 10:53:44.413981,1930499,0.0,0.0
2021-07-29 10:53:44.413981,1930561,0.0,5.0
2021-07-29 10:53:44.570179,1930499,0.0,0.0
2021-07-29 10:53:44.570179,1930561,0.0,5.0
2021-07-29 10:53:44.726615,1930499,0.0,0.0
2021-07-29 10:53:44.726615,1930561,0.0,5.0
2021-07-29 10:53:44.883157,1930499,0.0,0.0
2021-07-29 10:53:44.883157,1930561,0.0,5.0
2021-07-29 10:53:45.039738,1930499,0.0,0.0
2021-07-29 10:53:45.039738,1930561,0.0,5.0
2021-07-29 10:53:45.196342,1930499,0.0,0.0
2021-07-29 10:53:45.196342,1930561,0.0,5.0
2021-07-29 10:53:45.352922,1930499,0.0,0.0
2021-07-29 10:53:45.352922,1930561,0.0,5.0
2021-07-29 10:53:45.509661,1930499,0.0,0.0
2021-07-29 10:53:45.509661,1930561,0.0,5.0
2021-07-29 10:53:45.665943,1930499,0.0,0.0
2021-07-29 10:53:45.665943,1930561,0.0,5.0
2021-07-29 10:53:45.822118,1930499,0.0,0.0
2021-07-29 10:53:45.822118,1930561,0.0,5.0
2021-07-29 10:53:45.978576,1930499,0.0,0.0
2021-07-29 10:53:45.978576,1930561,0.0,5.0
2021-07-29 10:53:46.135206,1930499,0.0,0.0
2021-07-29 10:53:46.135206,1930561,0.0,5.0
2021-07-29 10:53:46.291934,1930499,0.0,0.0
2021-07-29 10:53:46.291934,1930561,0.0,5.0
2021-07-29 10:53:46.448180,1930499,0.0,0.0
2021-07-29 10:53:46.448180,1930561,0.0,5.0
2021-07-29 10:53:46.604794,1930499,0.0,0.0
2021-07-29 10:53:46.604794,1930561,0.0,5.0
2021-07-29 10:53:46.761302,1930499,0.0,0.0
2021-07-29 10:53:46.761302,1930561,0.0,5.0
2021-07-29 10:53:46.917452,1930499,0.0,0.0
2021-07-29 10:53:46.917452,1930561,0.0,5.0
2021-07-29 10:53:47.073901,1930499,0.0,0.0
2021-07-29 10:53:47.073901,1930561,0.0,5.0
2021-07-29 10:53:47.230415,1930499,0.0,0.0
2021-07-29 10:53:47.230415,1930561,0.0,5.0
2021-07-29 10:53:47.386893,1930499,0.0,0.0
2021-07-29 10:53:47.386893,1930561,0.0,5.0
2021-07-29 10:53:47.543438,1930499,0.0,0.0
2021-07-29 10:53:47.543438,1930561,0.0,5.0
2021-07-29 10:53:47.699509,1930499,0.0,0.0
2021-07-29 10:53:47.699509,1930561,0.0,5.0
2021-07-29 10:53:47.856003,1930499,0.0,0.0
2021-07-29 10:53:47.856003,1930561,0.0,5.0
2021-07-29 10:53:48.012580,1930499,0.0,0.0
2021-07-29 10:53:48.012580,1930561,0.0,5.0
2021-07-29 10:53:48.169080,1930499,0.0,0.0
2021-07-29 10:53:48.169080,1930561,0.0,5.0
2021-07-29 10:53:48.325146,1930499,0.0,0.0
2021-07-29 10:53:48.325146,1930561,0.0,5.0
2021-07-29 10:53:48.481488,1930499,0.0,0.0
2021-07-29 10:53:48.481488,1930561,0.0,5.0
2021-07-29 10:53:48.637860,1930499,0.0,0.0
2021-07-29 10:53:48.637860,1930561,0.0,5.0
2021-07-29 10:53:48.794422,1930499,0.0,0.0
2021-07-29 10:53:48.794422,1930561,0.0,5.0
2021-07-29 10:53:48.951061,1930499,0.0,0.0
2021-07-29 10:53:48.951061,1930561,0.0,5.0
2021-07-29 10:53:49.107527,1930499,0.0,0.0
2021-07-29 10:53:49.107527,1930561,0.0,5.0
2021-07-29 10:53:49.264058,1930499,0.0,0.0
2021-07-29 10:53:49.264058,1930561,0.0,5.0
2021-07-29 10:53:49.420537,1930499,0.0,0.0
2021-07-29 10:53:49.420537,1930561,0.0,5.0
2021-07-29 10:53:49.577084,1930499,0.0,0.0
2021-07-29 10:53:49.577084,1930561,0.0,5.0
2021-07-29 10:53:49.733294,1930499,0.0,0.0
2021-07-29 10:53:49.733294,1930561,0.0,5.0
2021-07-29 10:53:49.889743,1930499,0.0,0.0
2021-07-29 10:53:49.889743,1930561,0.0,5.0
2021-07-29 10:53:50.046259,1930499,0.0,0.0
2021-07-29 10:53:50.046259,1930561,0.0,5.0
2021-07-29 10:53:50.202434,1930499,0.0,0.0
2021-07-29 10:53:50.202434,1930561,0.0,5.0
2021-07-29 10:53:50.358882,1930499,0.0,0.0
2021-07-29 10:53:50.358882,1930561,0.0,5.0
2021-07-29 10:53:50.515476,1930499,0.0,0.0
2021-07-29 10:53:50.515476,1930561,0.0,5.0
2021-07-29 10:53:50.672037,1930499,0.0,0.0
2021-07-29 10:53:50.672037,1930561,0.0,5.0
2021-07-29 10:53:50.828706,1930499,0.0,0.0
2021-07-29 10:53:50.828706,1930561,0.0,5.0
2021-07-29 10:53:50.985197,1930499,0.0,0.0
2021-07-29 10:53:50.985197,1930561,0.0,5.0
2021-07-29 10:53:51.141685,1930499,0.0,0.0
2021-07-29 10:53:51.141685,1930561,0.0,5.0
2021-07-29 10:53:51.298165,1930499,0.0,0.0
2021-07-29 10:53:51.298165,1930561,0.0,5.0
2021-07-29 10:53:51.454817,1930499,0.0,0.0
2021-07-29 10:53:51.454817,1930561,0.0,5.0
2021-07-29 10:53:51.611469,1930499,0.0,0.0
2021-07-29 10:53:51.611469,1930561,0.0,5.0
2021-07-29 10:53:51.768020,1930499,0.0,0.0
2021-07-29 10:53:51.768020,1930561,0.0,5.0
2021-07-29 10:53:51.924494,1930499,0.0,0.0
2021-07-29 10:53:51.924494,1930561,0.0,5.0
2021-07-29 10:53:52.081047,1930499,0.0,0.0
2021-07-29 10:53:52.081047,1930561,0.0,5.0
2021-07-29 10:53:52.237270,1930499,0.0,0.0
2021-07-29 10:53:52.237270,1930561,0.0,5.0
2021-07-29 10:53:52.393760,1930499,0.0,0.0
2021-07-29 10:53:52.393760,1930561,0.0,5.0
2021-07-29 10:53:52.550235,1930499,0.0,0.0
2021-07-29 10:53:52.550235,1930561,0.0,5.0
2021-07-29 10:53:52.708854,1930499,0.0,0.0
2021-07-29 10:53:52.708854,1930561,0.0,5.0
2021-07-29 10:53:52.864767,1930499,0.0,0.0
2021-07-29 10:53:52.864767,1930561,0.0,5.0
2021-07-29 10:53:53.021078,1930499,0.0,0.0
2021-07-29 10:53:53.021078,1930561,0.0,5.0
2021-07-29 10:53:53.177554,1930499,0.0,0.0
2021-07-29 10:53:53.177554,1930561,0.0,5.0
2021-07-29 10:53:53.334190,1930499,0.0,0.0
2021-07-29 10:53:53.334190,1930561,0.0,5.0
2021-07-29 10:53:53.490950,1930499,0.0,0.0
2021-07-29 10:53:53.490950,1930561,0.0,5.0
2021-07-29 10:53:53.647736,1930499,0.0,0.0
2021-07-29 10:53:53.647736,1930561,0.0,5.0
2021-07-29 10:53:53.804374,1930499,0.0,0.0
2021-07-29 10:53:53.804374,1930561,0.0,5.0
2021-07-29 10:53:53.960862,1930499,0.0,0.0
2021-07-29 10:53:53.960862,1930561,0.0,5.0
2021-07-29 10:53:54.116702,1930499,0.0,0.0
2021-07-29 10:53:54.116702,1930561,0.0,5.0
2021-07-29 10:53:54.273199,1930499,0.0,0.0
2021-07-29 10:53:54.273199,1930561,0.0,5.0
2021-07-29 10:53:54.429828,1930499,0.0,0.0
2021-07-29 10:53:54.429828,1930561,0.0,5.0
2021-07-29 10:53:54.586047,1930499,0.0,0.0
2021-07-29 10:53:54.586047,1930561,0.0,5.0
2021-07-29 10:53:54.742518,1930499,0.0,0.0
2021-07-29 10:53:54.742518,1930561,0.0,5.0
2021-07-29 10:53:54.899041,1930499,0.0,0.0
2021-07-29 10:53:54.899041,1930561,0.0,5.0
2021-07-29 10:53:55.055581,1930499,0.0,0.0
2021-07-29 10:53:55.055581,1930561,0.0,5.0
2021-07-29 10:53:55.212431,1930499,0.0,0.0
2021-07-29 10:53:55.212431,1930561,0.0,5.0
2021-07-29 10:53:55.369244,1930499,0.0,0.0
2021-07-29 10:53:55.369244,1930561,0.0,5.0
2021-07-29 10:53:55.525694,1930499,0.0,0.0
2021-07-29 10:53:55.525694,1930561,0.0,5.0
2021-07-29 10:53:55.682202,1930499,0.0,0.0
2021-07-29 10:53:55.682202,1930561,0.0,5.0
2021-07-29 10:53:55.838649,1930499,0.0,0.0
2021-07-29 10:53:55.838649,1930561,0.0,5.0
2021-07-29 10:53:55.995115,1930499,0.0,0.0
2021-07-29 10:53:55.995115,1930561,0.0,5.0
2021-07-29 10:53:56.151586,1930499,0.0,0.0
2021-07-29 10:53:56.151586,1930561,0.0,5.0
2021-07-29 10:53:56.308087,1930499,0.0,0.0
2021-07-29 10:53:56.308087,1930561,0.0,5.0
2021-07-29 10:53:56.464325,1930499,0.0,0.0
2021-07-29 10:53:56.464325,1930561,0.0,5.0
2021-07-29 10:53:56.620890,1930499,0.0,0.0
2021-07-29 10:53:56.620890,1930561,0.0,5.0
2021-07-29 10:53:56.777089,1930499,0.0,0.0
2021-07-29 10:53:56.777089,1930561,0.0,5.0
2021-07-29 10:53:56.933399,1930499,0.0,0.0
2021-07-29 10:53:56.933399,1930561,0.0,5.0
2021-07-29 10:53:57.089766,1930499,0.0,0.0
2021-07-29 10:53:57.089766,1930561,0.0,5.0
2021-07-29 10:53:57.246326,1930499,0.0,0.0
2021-07-29 10:53:57.246326,1930561,0.0,5.0
2021-07-29 10:53:57.402588,1930499,0.0,0.0
2021-07-29 10:53:57.402588,1930561,0.0,5.0
2021-07-29 10:53:57.559289,1930499,0.0,0.0
2021-07-29 10:53:57.559289,1930561,0.0,5.0
2021-07-29 10:53:57.715966,1930499,0.0,0.0
2021-07-29 10:53:57.715966,1930561,0.0,5.0
2021-07-29 10:53:57.872512,1930499,0.0,0.0
2021-07-29 10:53:57.872512,1930561,0.0,5.0
2021-07-29 10:53:58.029138,1930499,0.0,0.0
2021-07-29 10:53:58.029138,1930561,0.0,5.0
