timestamp,PID,CPU,RAM
2021-07-30 05:56:52.153200,2526648,160.0,1.3
2021-07-30 05:56:52.153200,2020356,0.0,0.0
2021-07-30 05:56:52.153200,2020421,0.0,5.8
2021-07-30 05:56:52.310093,2526648,180.0,1.4
2021-07-30 05:56:52.310093,2020356,0.0,0.0
2021-07-30 05:56:52.310093,2020421,0.0,5.8
2021-07-30 05:56:52.466017,2526648,213.3,1.5
2021-07-30 05:56:52.466017,2020356,0.0,0.0
2021-07-30 05:56:52.466017,2020421,0.0,5.8
2021-07-30 05:56:52.623271,2526648,173.3,1.5
2021-07-30 05:56:52.623271,2020356,0.0,0.0
2021-07-30 05:56:52.623271,2020421,0.0,5.8
2021-07-30 05:56:52.780258,2526648,273.3,1.6
2021-07-30 05:56:52.780258,2020356,0.0,0.0
2021-07-30 05:56:52.780258,2020421,0.0,5.8
2021-07-30 05:56:52.936797,2526648,246.7,1.6
2021-07-30 05:56:52.936797,2020356,0.0,0.0
2021-07-30 05:56:52.936797,2020421,0.0,5.8
2021-07-30 05:56:53.093992,2526648,233.3,1.6
2021-07-30 05:56:53.093992,2020356,0.0,0.0
2021-07-30 05:56:53.093992,2020421,0.0,5.8
2021-07-30 05:56:53.251689,2526648,200.0,1.9
2021-07-30 05:56:53.251689,2020356,0.0,0.0
2021-07-30 05:56:53.251689,2020421,0.0,5.8
2021-07-30 05:56:53.408913,2526648,213.3,1.9
2021-07-30 05:56:53.408913,2020356,0.0,0.0
2021-07-30 05:56:53.408913,2020421,0.0,5.8
2021-07-30 05:56:53.565836,2526648,193.3,2.0
2021-07-30 05:56:53.565836,2020356,0.0,0.0
2021-07-30 05:56:53.565836,2020421,0.0,5.8
2021-07-30 05:56:53.722394,2526648,186.7,2.2
2021-07-30 05:56:53.722394,2020356,0.0,0.0
2021-07-30 05:56:53.722394,2020421,0.0,5.8
2021-07-30 05:56:53.880108,2526648,206.7,2.4
2021-07-30 05:56:53.880108,2020356,0.0,0.0
2021-07-30 05:56:53.880108,2020421,0.0,5.8
2021-07-30 05:56:54.037433,2526648,133.3,2.4
2021-07-30 05:56:54.037433,2020356,0.0,0.0
2021-07-30 05:56:54.037433,2020421,0.0,5.8
2021-07-30 05:56:54.193561,2526648,153.3,2.4
2021-07-30 05:56:54.193561,2020356,0.0,0.0
2021-07-30 05:56:54.193561,2020421,0.0,5.8
2021-07-30 05:56:54.350744,2526648,306.7,2.5
2021-07-30 05:56:54.350744,2020356,0.0,0.0
2021-07-30 05:56:54.350744,2020421,0.0,5.8
2021-07-30 05:56:54.508048,2526648,293.3,2.7
2021-07-30 05:56:54.508048,2020356,0.0,0.0
2021-07-30 05:56:54.508048,2020421,0.0,5.8
2021-07-30 05:56:54.664302,2526648,273.3,2.8
2021-07-30 05:56:54.664302,2020356,0.0,0.0
2021-07-30 05:56:54.664302,2020421,0.0,5.8
2021-07-30 05:56:54.821734,2526648,326.7,2.8
2021-07-30 05:56:54.821734,2020356,0.0,0.0
2021-07-30 05:56:54.821734,2020421,0.0,5.8
2021-07-30 05:56:54.983772,2526648,280.0,2.9
2021-07-30 05:56:54.983772,2020356,0.0,0.0
2021-07-30 05:56:54.983772,2020421,0.0,5.8
2021-07-30 05:56:55.140849,2526648,306.7,3.0
2021-07-30 05:56:55.140849,2020356,0.0,0.0
2021-07-30 05:56:55.140849,2020421,0.0,5.8
2021-07-30 05:56:55.300419,2526648,280.0,3.3
2021-07-30 05:56:55.300419,2020356,0.0,0.0
2021-07-30 05:56:55.300419,2020421,0.0,5.8
2021-07-30 05:56:55.459908,2526648,326.7,3.6
2021-07-30 05:56:55.459908,2020356,0.0,0.0
2021-07-30 05:56:55.459908,2020421,0.0,5.8
2021-07-30 05:56:55.620366,2526648,286.7,3.8
2021-07-30 05:56:55.620366,2020356,0.0,0.0
2021-07-30 05:56:55.620366,2020421,0.0,5.8
2021-07-30 05:56:55.778322,2526648,126.7,3.8
2021-07-30 05:56:55.778322,2020356,0.0,0.0
2021-07-30 05:56:55.778322,2020421,0.0,5.8
2021-07-30 05:56:55.935504,2526648,126.7,3.9
2021-07-30 05:56:55.935504,2020356,0.0,0.0
2021-07-30 05:56:55.935504,2020421,0.0,5.8
2021-07-30 05:56:56.093260,2526648,100.0,3.9
2021-07-30 05:56:56.093260,2020356,0.0,0.0
2021-07-30 05:56:56.093260,2020421,0.0,5.8
2021-07-30 05:56:56.250037,2526648,206.7,3.9
2021-07-30 05:56:56.250037,2020356,0.0,0.0
2021-07-30 05:56:56.250037,2020421,0.0,5.8
2021-07-30 05:56:56.406822,2526648,112.5,3.9
2021-07-30 05:56:56.406822,2020356,0.0,0.0
2021-07-30 05:56:56.406822,2020421,0.0,5.8
2021-07-30 05:56:56.564203,2526648,273.3,4.1
2021-07-30 05:56:56.564203,2020356,0.0,0.0
2021-07-30 05:56:56.564203,2020421,0.0,5.8
2021-07-30 05:56:56.721146,2526648,133.3,4.1
2021-07-30 05:56:56.721146,2020356,0.0,0.0
2021-07-30 05:56:56.721146,2020421,0.0,5.8
2021-07-30 05:56:56.878438,2526648,133.3,4.1
2021-07-30 05:56:56.878438,2020356,0.0,0.0
2021-07-30 05:56:56.878438,2020421,0.0,5.8
2021-07-30 05:56:57.034436,2526648,266.7,4.2
2021-07-30 05:56:57.034436,2020356,0.0,0.0
2021-07-30 05:56:57.034436,2020421,0.0,5.8
2021-07-30 05:56:57.192123,2526648,180.0,4.2
2021-07-30 05:56:57.192123,2020356,0.0,0.0
2021-07-30 05:56:57.192123,2020421,0.0,5.8
2021-07-30 05:56:57.349537,2526648,193.3,4.2
2021-07-30 05:56:57.349537,2020356,0.0,0.0
2021-07-30 05:56:57.349537,2020421,0.0,5.8
2021-07-30 05:56:57.506521,2526648,118.8,4.2
2021-07-30 05:56:57.506521,2020356,0.0,0.0
2021-07-30 05:56:57.506521,2020421,0.0,5.8
2021-07-30 05:56:57.664017,2526648,213.3,4.2
2021-07-30 05:56:57.664017,2020356,0.0,0.0
2021-07-30 05:56:57.664017,2020421,0.0,5.8
2021-07-30 05:56:57.821557,2526648,253.3,4.3
2021-07-30 05:56:57.821557,2020356,0.0,0.0
2021-07-30 05:56:57.821557,2020421,0.0,5.8
2021-07-30 05:56:57.978560,2526648,146.7,4.4
2021-07-30 05:56:57.978560,2020356,0.0,0.0
2021-07-30 05:56:57.978560,2020421,0.0,5.8
2021-07-30 05:56:58.136077,2526648,220.0,4.7
2021-07-30 05:56:58.136077,2020356,0.0,0.0
2021-07-30 05:56:58.136077,2020421,0.0,5.8
2021-07-30 05:56:58.293646,2526648,260.0,4.8
2021-07-30 05:56:58.293646,2020356,0.0,0.0
2021-07-30 05:56:58.293646,2020421,0.0,5.8
2021-07-30 05:56:58.452967,2526648,233.3,4.8
2021-07-30 05:56:58.452967,2020356,0.0,0.0
2021-07-30 05:56:58.452967,2020421,0.0,5.8
2021-07-30 05:56:58.609987,2526648,260.0,4.8
2021-07-30 05:56:58.609987,2020356,0.0,0.0
2021-07-30 05:56:58.609987,2020421,0.0,5.8
2021-07-30 05:56:58.767237,2526648,373.3,4.9
2021-07-30 05:56:58.767237,2020356,0.0,0.0
2021-07-30 05:56:58.767237,2020421,0.0,5.8
2021-07-30 05:56:58.924550,2526648,320.0,4.9
2021-07-30 05:56:58.924550,2020356,0.0,0.0
2021-07-30 05:56:58.924550,2020421,0.0,5.8
2021-07-30 05:56:59.080366,2526648,346.7,4.9
2021-07-30 05:56:59.080366,2020356,0.0,0.0
2021-07-30 05:56:59.080366,2020421,0.0,5.8
2021-07-30 05:56:59.236334,2526648,281.2,4.9
2021-07-30 05:56:59.236334,2020356,0.0,0.0
2021-07-30 05:56:59.236334,2020421,0.0,5.8
2021-07-30 05:56:59.393852,2526648,373.3,4.9
2021-07-30 05:56:59.393852,2020356,0.0,0.0
2021-07-30 05:56:59.393852,2020421,0.0,5.8
2021-07-30 05:56:59.550409,2526648,333.3,5.0
2021-07-30 05:56:59.550409,2020356,0.0,0.0
2021-07-30 05:56:59.550409,2020421,0.0,5.8
2021-07-30 05:56:59.707722,2526648,326.7,5.2
2021-07-30 05:56:59.707722,2020356,0.0,0.0
2021-07-30 05:56:59.707722,2020421,0.0,5.8
2021-07-30 05:56:59.866635,2526648,218.8,5.6
2021-07-30 05:56:59.866635,2020356,0.0,0.0
2021-07-30 05:56:59.866635,2020421,0.0,5.8
2021-07-30 05:57:00.024066,2526648,280.0,5.6
2021-07-30 05:57:00.024066,2020356,0.0,0.0
2021-07-30 05:57:00.024066,2020421,0.0,5.8
2021-07-30 05:57:00.181237,2526648,213.3,5.6
2021-07-30 05:57:00.181237,2020356,0.0,0.0
2021-07-30 05:57:00.181237,2020421,0.0,5.8
2021-07-30 05:57:00.338345,2526648,260.0,5.7
2021-07-30 05:57:00.338345,2020356,0.0,0.0
2021-07-30 05:57:00.338345,2020421,0.0,5.8
2021-07-30 05:57:00.494739,2526648,326.7,5.7
2021-07-30 05:57:00.494739,2020356,0.0,0.0
2021-07-30 05:57:00.494739,2020421,0.0,5.8
2021-07-30 05:57:00.654912,2526648,313.3,5.8
2021-07-30 05:57:00.654912,2020356,0.0,0.0
2021-07-30 05:57:00.654912,2020421,0.0,5.8
2021-07-30 05:57:00.814238,2526648,286.7,5.7
2021-07-30 05:57:00.814238,2020356,0.0,0.0
2021-07-30 05:57:00.814238,2020421,0.0,5.8
2021-07-30 05:57:00.971521,2526648,273.3,5.8
2021-07-30 05:57:00.971521,2020356,0.0,0.0
2021-07-30 05:57:00.971521,2020421,0.0,5.8
2021-07-30 05:57:01.131012,2526648,320.0,5.9
2021-07-30 05:57:01.131012,2020356,0.0,0.0
2021-07-30 05:57:01.131012,2020421,0.0,5.8
2021-07-30 05:57:01.288033,2526648,300.0,6.1
2021-07-30 05:57:01.288033,2020356,0.0,0.0
2021-07-30 05:57:01.288033,2020421,0.0,5.8
2021-07-30 05:57:01.445576,2526648,353.3,6.1
2021-07-30 05:57:01.445576,2020356,0.0,0.0
2021-07-30 05:57:01.445576,2020421,0.0,5.8
2021-07-30 05:57:01.602829,2526648,320.0,6.1
2021-07-30 05:57:01.602829,2020356,0.0,0.0
2021-07-30 05:57:01.602829,2020421,0.0,5.8
2021-07-30 05:57:01.758962,2526648,260.0,6.1
2021-07-30 05:57:01.758962,2020356,0.0,0.0
2021-07-30 05:57:01.758962,2020421,0.0,5.8
2021-07-30 05:57:01.915860,2526648,120.0,6.1
2021-07-30 05:57:01.915860,2020356,0.0,0.0
2021-07-30 05:57:01.915860,2020421,0.0,5.8
2021-07-30 05:57:02.073945,2526648,86.7,6.1
2021-07-30 05:57:02.073945,2020356,0.0,0.0
2021-07-30 05:57:02.073945,2020421,0.0,5.8
2021-07-30 05:57:02.230548,2526648,26.7,6.1
2021-07-30 05:57:02.230548,2020356,0.0,0.0
2021-07-30 05:57:02.230548,2020421,0.0,5.8
2021-07-30 05:57:02.388336,2020356,0.0,0.0
2021-07-30 05:57:02.388336,2020421,0.0,5.8
2021-07-30 05:57:02.388336,2526648,0.0,6.1
2021-07-30 05:57:02.546008,2020356,0.0,0.0
2021-07-30 05:57:02.546008,2020421,0.0,5.8
2021-07-30 05:57:02.546008,2526648,0.0,6.1
2021-07-30 05:57:02.703606,2020356,0.0,0.0
2021-07-30 05:57:02.703606,2020421,0.0,5.8
2021-07-30 05:57:02.703606,2526648,0.0,6.1
2021-07-30 05:57:02.860942,2020356,0.0,0.0
2021-07-30 05:57:02.860942,2020421,0.0,5.8
2021-07-30 05:57:02.860942,2526648,0.0,6.1
2021-07-30 05:57:03.018492,2020356,0.0,0.0
2021-07-30 05:57:03.018492,2020421,0.0,5.8
2021-07-30 05:57:03.018492,2526648,0.0,6.1
2021-07-30 05:57:03.175812,2020356,0.0,0.0
2021-07-30 05:57:03.175812,2020421,0.0,5.8
2021-07-30 05:57:03.175812,2526648,0.0,6.1
2021-07-30 05:57:03.333203,2020356,0.0,0.0
2021-07-30 05:57:03.333203,2020421,0.0,5.8
2021-07-30 05:57:03.333203,2526648,0.0,6.1
2021-07-30 05:57:03.490787,2020356,0.0,0.0
2021-07-30 05:57:03.490787,2020421,0.0,5.8
2021-07-30 05:57:03.490787,2526648,0.0,6.1
2021-07-30 05:57:03.648262,2020356,0.0,0.0
2021-07-30 05:57:03.648262,2020421,0.0,5.8
2021-07-30 05:57:03.648262,2526648,0.0,6.1
2021-07-30 05:57:03.805674,2020356,0.0,0.0
2021-07-30 05:57:03.805674,2020421,0.0,5.8
2021-07-30 05:57:03.805674,2526648,0.0,6.1
2021-07-30 05:57:03.963159,2020356,0.0,0.0
2021-07-30 05:57:03.963159,2020421,0.0,5.8
2021-07-30 05:57:03.963159,2526648,0.0,6.1
2021-07-30 05:57:04.120520,2020356,0.0,0.0
2021-07-30 05:57:04.120520,2020421,0.0,5.8
2021-07-30 05:57:04.120520,2526648,0.0,6.1
2021-07-30 05:57:04.278125,2020356,0.0,0.0
2021-07-30 05:57:04.278125,2020421,0.0,5.8
2021-07-30 05:57:04.278125,2526648,0.0,6.1
2021-07-30 05:57:04.435454,2526648,20.0,6.1
2021-07-30 05:57:04.435454,2020356,0.0,0.0
2021-07-30 05:57:04.435454,2020421,0.0,5.8
2021-07-30 05:57:04.592522,2020356,0.0,0.0
2021-07-30 05:57:04.592522,2020421,0.0,5.8
2021-07-30 05:57:04.592522,2526648,0.0,6.1
2021-07-30 05:57:04.749788,2020356,0.0,0.0
2021-07-30 05:57:04.749788,2020421,0.0,5.8
2021-07-30 05:57:04.749788,2526648,0.0,6.1
2021-07-30 05:57:04.907290,2020356,0.0,0.0
2021-07-30 05:57:04.907290,2020421,0.0,5.8
2021-07-30 05:57:04.907290,2526648,0.0,6.1
2021-07-30 05:57:05.065033,2020356,0.0,0.0
2021-07-30 05:57:05.065033,2020421,0.0,5.8
2021-07-30 05:57:05.065033,2526648,0.0,6.1
2021-07-30 05:57:05.222328,2020356,0.0,0.0
2021-07-30 05:57:05.222328,2020421,0.0,5.8
2021-07-30 05:57:05.222328,2526648,0.0,6.1
2021-07-30 05:57:05.379585,2020356,0.0,0.0
2021-07-30 05:57:05.379585,2020421,0.0,5.8
2021-07-30 05:57:05.379585,2526648,0.0,6.1
2021-07-30 05:57:05.536843,2020356,0.0,0.0
2021-07-30 05:57:05.536843,2020421,0.0,5.8
2021-07-30 05:57:05.536843,2526648,0.0,6.1
2021-07-30 05:57:05.694451,2020356,0.0,0.0
2021-07-30 05:57:05.694451,2020421,0.0,5.8
2021-07-30 05:57:05.694451,2526648,0.0,6.1
2021-07-30 05:57:05.851767,2020356,0.0,0.0
2021-07-30 05:57:05.851767,2020421,0.0,5.8
2021-07-30 05:57:05.851767,2526648,0.0,6.1
2021-07-30 05:57:06.009034,2020356,0.0,0.0
2021-07-30 05:57:06.009034,2020421,0.0,5.8
2021-07-30 05:57:06.009034,2526648,0.0,6.1
2021-07-30 05:57:06.166575,2020356,0.0,0.0
2021-07-30 05:57:06.166575,2020421,0.0,5.8
2021-07-30 05:57:06.166575,2526648,0.0,6.1
2021-07-30 05:57:06.324012,2526648,6.7,6.0
2021-07-30 05:57:06.324012,2020356,0.0,0.0
2021-07-30 05:57:06.324012,2020421,0.0,5.8
2021-07-30 05:57:06.481582,2526648,6.7,6.0
2021-07-30 05:57:06.481582,2020356,0.0,0.0
2021-07-30 05:57:06.481582,2020421,0.0,5.8
2021-07-30 05:57:06.639129,2020356,0.0,0.0
2021-07-30 05:57:06.639129,2020421,0.0,5.8
2021-07-30 05:57:06.639129,2526648,0.0,6.0
2021-07-30 05:57:06.796478,2020356,0.0,0.0
2021-07-30 05:57:06.796478,2020421,0.0,5.8
2021-07-30 05:57:06.796478,2526648,0.0,6.0
2021-07-30 05:57:06.953933,2020356,0.0,0.0
2021-07-30 05:57:06.953933,2020421,0.0,5.8
2021-07-30 05:57:06.953933,2526648,0.0,6.0
2021-07-30 05:57:07.111206,2020356,0.0,0.0
2021-07-30 05:57:07.111206,2020421,0.0,5.8
2021-07-30 05:57:07.111206,2526648,0.0,6.0
2021-07-30 05:57:07.268412,2020356,0.0,0.0
2021-07-30 05:57:07.268412,2020421,0.0,5.8
2021-07-30 05:57:07.268412,2526648,0.0,6.0
2021-07-30 05:57:07.425927,2020356,0.0,0.0
2021-07-30 05:57:07.425927,2020421,0.0,5.8
2021-07-30 05:57:07.425927,2526648,0.0,6.0
2021-07-30 05:57:07.583698,2020356,0.0,0.0
2021-07-30 05:57:07.583698,2020421,0.0,5.8
2021-07-30 05:57:07.583698,2526648,0.0,6.0
2021-07-30 05:57:07.741157,2020356,0.0,0.0
2021-07-30 05:57:07.741157,2020421,0.0,5.8
2021-07-30 05:57:07.741157,2526648,0.0,6.0
2021-07-30 05:57:07.898761,2020356,0.0,0.0
2021-07-30 05:57:07.898761,2020421,0.0,5.8
2021-07-30 05:57:07.898761,2526648,0.0,6.0
2021-07-30 05:57:08.056076,2020356,0.0,0.0
2021-07-30 05:57:08.056076,2020421,0.0,5.8
2021-07-30 05:57:08.056076,2526648,0.0,6.0
2021-07-30 05:57:08.213376,2020356,0.0,0.0
2021-07-30 05:57:08.213376,2020421,0.0,5.8
2021-07-30 05:57:08.213376,2526648,0.0,6.0
2021-07-30 05:57:08.370918,2020356,0.0,0.0
2021-07-30 05:57:08.370918,2020421,0.0,5.8
2021-07-30 05:57:08.370918,2526648,0.0,6.0
2021-07-30 05:57:08.528298,2526648,6.7,6.0
2021-07-30 05:57:08.528298,2020356,0.0,0.0
2021-07-30 05:57:08.528298,2020421,0.0,5.8
2021-07-30 05:57:08.685870,2020356,0.0,0.0
2021-07-30 05:57:08.685870,2020421,0.0,5.8
2021-07-30 05:57:08.685870,2526648,0.0,6.0
2021-07-30 05:57:08.843172,2020356,0.0,0.0
2021-07-30 05:57:08.843172,2020421,0.0,5.8
2021-07-30 05:57:08.843172,2526648,0.0,6.0
2021-07-30 05:57:09.000501,2020356,0.0,0.0
2021-07-30 05:57:09.000501,2020421,0.0,5.8
2021-07-30 05:57:09.000501,2526648,0.0,6.0
2021-07-30 05:57:09.157759,2020356,0.0,0.0
2021-07-30 05:57:09.157759,2020421,0.0,5.8
2021-07-30 05:57:09.157759,2526648,0.0,6.0
2021-07-30 05:57:09.315146,2526648,26.7,6.0
2021-07-30 05:57:09.315146,2020356,0.0,0.0
2021-07-30 05:57:09.315146,2020421,0.0,5.8
2021-07-30 05:57:09.473163,2526648,6.7,6.0
2021-07-30 05:57:09.473163,2020356,0.0,0.0
2021-07-30 05:57:09.473163,2020421,0.0,5.8
2021-07-30 05:57:09.630814,2020356,0.0,0.0
2021-07-30 05:57:09.630814,2020421,0.0,5.8
2021-07-30 05:57:09.630814,2526648,0.0,6.0
2021-07-30 05:57:09.788402,2020356,0.0,0.0
2021-07-30 05:57:09.788402,2020421,0.0,5.8
2021-07-30 05:57:09.788402,2526648,0.0,6.0
2021-07-30 05:57:09.946135,2020356,0.0,0.0
2021-07-30 05:57:09.946135,2020421,0.0,5.8
2021-07-30 05:57:09.946135,2526648,0.0,6.0
2021-07-30 05:57:10.103836,2020356,0.0,0.0
2021-07-30 05:57:10.103836,2020421,0.0,5.8
2021-07-30 05:57:10.103836,2526648,0.0,6.0
2021-07-30 05:57:10.261388,2020356,0.0,0.0
2021-07-30 05:57:10.261388,2020421,0.0,5.8
2021-07-30 05:57:10.261388,2526648,0.0,6.0
2021-07-30 05:57:10.418849,2020356,0.0,0.0
2021-07-30 05:57:10.418849,2020421,0.0,5.8
2021-07-30 05:57:10.418849,2526648,0.0,6.0
2021-07-30 05:57:10.576247,2020421,6.2,5.8
2021-07-30 05:57:10.576247,2020356,0.0,0.0
2021-07-30 05:57:10.576247,2526648,0.0,6.0
2021-07-30 05:57:10.733680,2020356,0.0,0.0
2021-07-30 05:57:10.733680,2020421,0.0,5.8
2021-07-30 05:57:10.733680,2526648,0.0,6.0
2021-07-30 05:57:10.890984,2526648,100.0,6.2
2021-07-30 05:57:10.890984,2020356,0.0,0.0
2021-07-30 05:57:10.890984,2020421,0.0,5.8
2021-07-30 05:57:11.048645,2526648,233.3,6.2
2021-07-30 05:57:11.048645,2020356,0.0,0.0
2021-07-30 05:57:11.048645,2020421,0.0,5.8
2021-07-30 05:57:11.205604,2526648,6.7,6.2
2021-07-30 05:57:11.205604,2020356,0.0,0.0
2021-07-30 05:57:11.205604,2020421,0.0,5.8
2021-07-30 05:57:11.363403,2020356,0.0,0.0
2021-07-30 05:57:11.363403,2020421,0.0,5.8
2021-07-30 05:57:11.363403,2526648,0.0,6.2
2021-07-30 05:57:11.520854,2526648,6.7,6.2
2021-07-30 05:57:11.520854,2020356,0.0,0.0
2021-07-30 05:57:11.520854,2020421,0.0,5.8
2021-07-30 05:57:11.678013,2526648,93.3,6.2
2021-07-30 05:57:11.678013,2020356,0.0,0.0
2021-07-30 05:57:11.678013,2020421,0.0,5.8
2021-07-30 05:57:11.835551,2020356,0.0,0.0
2021-07-30 05:57:11.835551,2020421,0.0,5.8
2021-07-30 05:57:11.835551,2526648,0.0,6.2
2021-07-30 05:57:11.992595,2020356,0.0,0.0
2021-07-30 05:57:11.992595,2020421,0.0,5.8
2021-07-30 05:57:11.992595,2526648,0.0,6.2
2021-07-30 05:57:12.150134,2526648,6.7,6.2
2021-07-30 05:57:12.150134,2020356,0.0,0.0
2021-07-30 05:57:12.150134,2020421,0.0,5.8
2021-07-30 05:57:12.307212,2020356,0.0,0.0
2021-07-30 05:57:12.307212,2020421,0.0,5.8
2021-07-30 05:57:12.307212,2526648,0.0,6.2
2021-07-30 05:57:12.464738,2526648,6.7,6.2
2021-07-30 05:57:12.464738,2020356,0.0,0.0
2021-07-30 05:57:12.464738,2020421,0.0,5.8
2021-07-30 05:57:12.621855,2020356,0.0,0.0
2021-07-30 05:57:12.621855,2020421,0.0,5.8
2021-07-30 05:57:12.621855,2526648,0.0,6.2
2021-07-30 05:57:12.779138,2020356,0.0,0.0
2021-07-30 05:57:12.779138,2020421,0.0,5.8
2021-07-30 05:57:12.779138,2526648,0.0,6.2
2021-07-30 05:57:12.936484,2020356,0.0,0.0
2021-07-30 05:57:12.936484,2020421,0.0,5.8
2021-07-30 05:57:12.936484,2526648,0.0,6.2
2021-07-30 05:57:13.093568,2020356,0.0,0.0
2021-07-30 05:57:13.093568,2020421,0.0,5.8
2021-07-30 05:57:13.093568,2526648,0.0,6.2
2021-07-30 05:57:13.250838,2020356,0.0,0.0
2021-07-30 05:57:13.250838,2020421,0.0,5.8
2021-07-30 05:57:13.250838,2526648,0.0,6.2
2021-07-30 05:57:13.408197,2526648,6.7,6.2
2021-07-30 05:57:13.408197,2020356,0.0,0.0
2021-07-30 05:57:13.408197,2020421,0.0,5.8
2021-07-30 05:57:13.565788,2020356,0.0,0.0
2021-07-30 05:57:13.565788,2020421,0.0,5.8
2021-07-30 05:57:13.565788,2526648,0.0,6.2
2021-07-30 05:57:13.723232,2020356,0.0,0.0
2021-07-30 05:57:13.723232,2020421,0.0,5.8
2021-07-30 05:57:13.723232,2526648,0.0,6.2
2021-07-30 05:57:13.880536,2020356,0.0,0.0
2021-07-30 05:57:13.880536,2020421,0.0,5.8
2021-07-30 05:57:13.880536,2526648,0.0,6.2
2021-07-30 05:57:14.037843,2020356,0.0,0.0
2021-07-30 05:57:14.037843,2020421,0.0,5.8
2021-07-30 05:57:14.037843,2526648,0.0,6.2
2021-07-30 05:57:14.195078,2020356,0.0,0.0
2021-07-30 05:57:14.195078,2020421,0.0,5.8
2021-07-30 05:57:14.195078,2526648,0.0,6.2
2021-07-30 05:57:14.352377,2020356,0.0,0.0
2021-07-30 05:57:14.352377,2020421,0.0,5.8
2021-07-30 05:57:14.352377,2526648,0.0,6.2
2021-07-30 05:57:14.509791,2526648,6.7,6.2
2021-07-30 05:57:14.509791,2020356,0.0,0.0
2021-07-30 05:57:14.509791,2020421,0.0,5.8
2021-07-30 05:57:14.667551,2020356,0.0,0.0
2021-07-30 05:57:14.667551,2020421,0.0,5.8
2021-07-30 05:57:14.667551,2526648,0.0,6.2
2021-07-30 05:57:14.825026,2020356,0.0,0.0
2021-07-30 05:57:14.825026,2020421,0.0,5.8
2021-07-30 05:57:14.825026,2526648,0.0,6.2
2021-07-30 05:57:14.982663,2020356,0.0,0.0
2021-07-30 05:57:14.982663,2020421,0.0,5.8
2021-07-30 05:57:14.982663,2526648,0.0,6.2
2021-07-30 05:57:15.140449,2020356,0.0,0.0
2021-07-30 05:57:15.140449,2020421,0.0,5.8
2021-07-30 05:57:15.140449,2526648,0.0,6.2
2021-07-30 05:57:15.297994,2020356,0.0,0.0
2021-07-30 05:57:15.297994,2020421,0.0,5.8
2021-07-30 05:57:15.297994,2526648,0.0,6.2
2021-07-30 05:57:15.455261,2020356,0.0,0.0
2021-07-30 05:57:15.455261,2020421,0.0,5.8
2021-07-30 05:57:15.455261,2526648,0.0,6.2
2021-07-30 05:57:15.612896,2526648,13.3,6.2
2021-07-30 05:57:15.612896,2020356,0.0,0.0
2021-07-30 05:57:15.612896,2020421,0.0,5.8
2021-07-30 05:57:15.770370,2020356,0.0,0.0
2021-07-30 05:57:15.770370,2020421,0.0,5.8
2021-07-30 05:57:15.770370,2526648,0.0,6.2
2021-07-30 05:57:15.927935,2020356,0.0,0.0
2021-07-30 05:57:15.927935,2020421,0.0,5.8
2021-07-30 05:57:15.927935,2526648,0.0,6.2
2021-07-30 05:57:16.085268,2020356,0.0,0.0
2021-07-30 05:57:16.085268,2020421,0.0,5.8
2021-07-30 05:57:16.085268,2526648,0.0,6.2
2021-07-30 05:57:16.242523,2020356,0.0,0.0
2021-07-30 05:57:16.242523,2020421,0.0,5.8
2021-07-30 05:57:16.242523,2526648,0.0,6.2
2021-07-30 05:57:16.400005,2020356,0.0,0.0
2021-07-30 05:57:16.400005,2020421,0.0,5.8
2021-07-30 05:57:16.400005,2526648,0.0,6.2
2021-07-30 05:57:16.557010,2020356,0.0,0.0
2021-07-30 05:57:16.557010,2020421,0.0,5.8
2021-07-30 05:57:16.557010,2526648,0.0,6.2
2021-07-30 05:57:16.714141,2020356,0.0,0.0
2021-07-30 05:57:16.714141,2020421,0.0,5.8
2021-07-30 05:57:16.714141,2526648,0.0,6.2
2021-07-30 05:57:16.871669,2020356,0.0,0.0
2021-07-30 05:57:16.871669,2020421,0.0,5.8
2021-07-30 05:57:16.871669,2526648,0.0,6.2
2021-07-30 05:57:17.029034,2020356,0.0,0.0
2021-07-30 05:57:17.029034,2020421,0.0,5.8
2021-07-30 05:57:17.029034,2526648,0.0,6.2
2021-07-30 05:57:17.186528,2020356,0.0,0.0
2021-07-30 05:57:17.186528,2020421,0.0,5.8
2021-07-30 05:57:17.186528,2526648,0.0,6.2
2021-07-30 05:57:17.343860,2020356,0.0,0.0
2021-07-30 05:57:17.343860,2020421,0.0,5.8
2021-07-30 05:57:17.343860,2526648,0.0,6.2
2021-07-30 05:57:17.501175,2526648,6.7,6.2
2021-07-30 05:57:17.501175,2020356,0.0,0.0
2021-07-30 05:57:17.501175,2020421,0.0,5.8
2021-07-30 05:57:17.658835,2020356,0.0,0.0
2021-07-30 05:57:17.658835,2020421,0.0,5.8
2021-07-30 05:57:17.658835,2526648,0.0,6.2
2021-07-30 05:57:17.816158,2020356,0.0,0.0
2021-07-30 05:57:17.816158,2020421,0.0,5.8
2021-07-30 05:57:17.816158,2526648,0.0,6.2
2021-07-30 05:57:17.973498,2020356,0.0,0.0
2021-07-30 05:57:17.973498,2020421,0.0,5.8
2021-07-30 05:57:17.973498,2526648,0.0,6.2
2021-07-30 05:57:18.130974,2020356,0.0,0.0
2021-07-30 05:57:18.130974,2020421,0.0,5.8
2021-07-30 05:57:18.130974,2526648,0.0,6.2
2021-07-30 05:57:18.288267,2020356,0.0,0.0
2021-07-30 05:57:18.288267,2020421,0.0,5.8
2021-07-30 05:57:18.288267,2526648,0.0,6.2
2021-07-30 05:57:18.445783,2020356,0.0,0.0
2021-07-30 05:57:18.445783,2020421,0.0,5.8
2021-07-30 05:57:18.445783,2526648,0.0,6.2
2021-07-30 05:57:18.603305,2020356,0.0,0.0
2021-07-30 05:57:18.603305,2020421,0.0,5.8
2021-07-30 05:57:18.603305,2526648,0.0,6.2
2021-07-30 05:57:18.760763,2020356,0.0,0.0
2021-07-30 05:57:18.760763,2020421,0.0,5.8
2021-07-30 05:57:18.760763,2526648,0.0,6.2
2021-07-30 05:57:18.918170,2020356,0.0,0.0
2021-07-30 05:57:18.918170,2020421,0.0,5.8
2021-07-30 05:57:18.918170,2526648,0.0,6.2
2021-07-30 05:57:19.075923,2020356,0.0,0.0
2021-07-30 05:57:19.075923,2020421,0.0,5.8
2021-07-30 05:57:19.075923,2526648,0.0,6.2
2021-07-30 05:57:19.233314,2526648,6.7,6.2
2021-07-30 05:57:19.233314,2020356,0.0,0.0
2021-07-30 05:57:19.233314,2020421,0.0,5.8
2021-07-30 05:57:19.391017,2020356,0.0,0.0
2021-07-30 05:57:19.391017,2020421,0.0,5.8
2021-07-30 05:57:19.391017,2526648,0.0,6.2
2021-07-30 05:57:19.548599,2526648,6.7,6.2
2021-07-30 05:57:19.548599,2020356,0.0,0.0
2021-07-30 05:57:19.548599,2020421,0.0,5.8
2021-07-30 05:57:19.705879,2020356,0.0,0.0
2021-07-30 05:57:19.705879,2020421,0.0,5.8
2021-07-30 05:57:19.705879,2526648,0.0,6.2
2021-07-30 05:57:19.863323,2526648,13.3,6.2
2021-07-30 05:57:19.863323,2020356,0.0,0.0
2021-07-30 05:57:19.863323,2020421,0.0,5.8
2021-07-30 05:57:20.020670,2020356,0.0,0.0
2021-07-30 05:57:20.020670,2020421,0.0,5.8
2021-07-30 05:57:20.020670,2526648,0.0,6.2
2021-07-30 05:57:20.177957,2020356,0.0,0.0
2021-07-30 05:57:20.177957,2020421,0.0,5.8
2021-07-30 05:57:20.177957,2526648,0.0,6.2
2021-07-30 05:57:20.335167,2020356,0.0,0.0
2021-07-30 05:57:20.335167,2020421,0.0,5.8
2021-07-30 05:57:20.335167,2526648,0.0,6.2
2021-07-30 05:57:20.492379,2020356,0.0,0.0
2021-07-30 05:57:20.492379,2020421,0.0,5.8
2021-07-30 05:57:20.492379,2526648,0.0,6.2
2021-07-30 05:57:20.649926,2020356,0.0,0.0
2021-07-30 05:57:20.649926,2020421,0.0,5.8
2021-07-30 05:57:20.649926,2526648,0.0,6.2
2021-07-30 05:57:20.807309,2020356,0.0,0.0
2021-07-30 05:57:20.807309,2020421,0.0,5.8
2021-07-30 05:57:20.807309,2526648,0.0,6.2
2021-07-30 05:57:20.964964,2526648,6.7,6.2
2021-07-30 05:57:20.964964,2020356,0.0,0.0
2021-07-30 05:57:20.964964,2020421,0.0,5.8
2021-07-30 05:57:21.122568,2020356,0.0,0.0
2021-07-30 05:57:21.122568,2020421,0.0,5.8
2021-07-30 05:57:21.122568,2526648,0.0,6.2
2021-07-30 05:57:21.279873,2020356,0.0,0.0
2021-07-30 05:57:21.279873,2020421,0.0,5.8
2021-07-30 05:57:21.279873,2526648,0.0,6.2
2021-07-30 05:57:21.437430,2020356,0.0,0.0
2021-07-30 05:57:21.437430,2020421,0.0,5.8
2021-07-30 05:57:21.437430,2526648,0.0,6.2
2021-07-30 05:57:21.594882,2020356,0.0,0.0
2021-07-30 05:57:21.594882,2020421,0.0,5.8
2021-07-30 05:57:21.594882,2526648,0.0,6.2
2021-07-30 05:57:21.752195,2020356,0.0,0.0
2021-07-30 05:57:21.752195,2020421,0.0,5.8
2021-07-30 05:57:21.752195,2526648,0.0,6.2
2021-07-30 05:57:21.909555,2020356,0.0,0.0
2021-07-30 05:57:21.909555,2020421,0.0,5.8
2021-07-30 05:57:21.909555,2526648,0.0,6.2
2021-07-30 05:57:22.067152,2020356,0.0,0.0
2021-07-30 05:57:22.067152,2020421,0.0,5.8
2021-07-30 05:57:22.067152,2526648,0.0,6.2
2021-07-30 05:57:22.224491,2526648,6.7,6.2
2021-07-30 05:57:22.224491,2020356,0.0,0.0
2021-07-30 05:57:22.224491,2020421,0.0,5.8
2021-07-30 05:57:22.382199,2020356,0.0,0.0
2021-07-30 05:57:22.382199,2020421,0.0,5.8
2021-07-30 05:57:22.382199,2526648,0.0,6.2
2021-07-30 05:57:22.539487,2020356,0.0,0.0
2021-07-30 05:57:22.539487,2020421,0.0,5.8
2021-07-30 05:57:22.539487,2526648,0.0,6.2
2021-07-30 05:57:22.697152,2020356,0.0,0.0
2021-07-30 05:57:22.697152,2020421,0.0,5.8
2021-07-30 05:57:22.697152,2526648,0.0,6.2
2021-07-30 05:57:22.854681,2020356,0.0,0.0
2021-07-30 05:57:22.854681,2020421,0.0,5.8
2021-07-30 05:57:22.854681,2526648,0.0,6.2
2021-07-30 05:57:23.012294,2020356,0.0,0.0
2021-07-30 05:57:23.012294,2020421,0.0,5.8
2021-07-30 05:57:23.012294,2526648,0.0,6.2
2021-07-30 05:57:23.169658,2526648,6.7,6.2
2021-07-30 05:57:23.169658,2020356,0.0,0.0
2021-07-30 05:57:23.169658,2020421,0.0,5.8
2021-07-30 05:57:23.327095,2526648,6.7,6.2
2021-07-30 05:57:23.327095,2020356,0.0,0.0
2021-07-30 05:57:23.327095,2020421,0.0,5.8
2021-07-30 05:57:23.484823,2020356,0.0,0.0
2021-07-30 05:57:23.484823,2020421,0.0,5.8
2021-07-30 05:57:23.484823,2526648,0.0,6.2
2021-07-30 05:57:23.642277,2020356,0.0,0.0
2021-07-30 05:57:23.642277,2020421,0.0,5.8
2021-07-30 05:57:23.642277,2526648,0.0,6.2
2021-07-30 05:57:23.799541,2020356,0.0,0.0
2021-07-30 05:57:23.799541,2020421,0.0,5.8
2021-07-30 05:57:23.799541,2526648,0.0,6.2
2021-07-30 05:57:23.957154,2020356,0.0,0.0
2021-07-30 05:57:23.957154,2020421,0.0,5.8
2021-07-30 05:57:23.957154,2526648,0.0,6.2
2021-07-30 05:57:24.114674,2020356,0.0,0.0
2021-07-30 05:57:24.114674,2020421,0.0,5.8
2021-07-30 05:57:24.114674,2526648,0.0,6.2
2021-07-30 05:57:24.271973,2020356,0.0,0.0
2021-07-30 05:57:24.271973,2020421,0.0,5.8
2021-07-30 05:57:24.271973,2526648,0.0,6.2
2021-07-30 05:57:24.429451,2526648,13.3,6.2
2021-07-30 05:57:24.429451,2020356,0.0,0.0
2021-07-30 05:57:24.429451,2020421,0.0,5.8
2021-07-30 05:57:24.587227,2020356,0.0,0.0
2021-07-30 05:57:24.587227,2020421,0.0,5.8
2021-07-30 05:57:24.587227,2526648,0.0,6.2
2021-07-30 05:57:24.744571,2020356,0.0,0.0
2021-07-30 05:57:24.744571,2020421,0.0,5.8
2021-07-30 05:57:24.744571,2526648,0.0,6.2
2021-07-30 05:57:24.901902,2020356,0.0,0.0
2021-07-30 05:57:24.901902,2020421,0.0,5.8
2021-07-30 05:57:24.901902,2526648,0.0,6.2
2021-07-30 05:57:25.059128,2020356,0.0,0.0
2021-07-30 05:57:25.059128,2020421,0.0,5.8
2021-07-30 05:57:25.059128,2526648,0.0,6.2
2021-07-30 05:57:25.216399,2020356,0.0,0.0
2021-07-30 05:57:25.216399,2020421,0.0,5.8
2021-07-30 05:57:25.216399,2526648,0.0,6.2
2021-07-30 05:57:25.373484,2020356,0.0,0.0
2021-07-30 05:57:25.373484,2020421,0.0,5.8
2021-07-30 05:57:25.373484,2526648,0.0,6.2
2021-07-30 05:57:25.529411,2526648,20.0,6.2
2021-07-30 05:57:25.529411,2020356,0.0,0.0
2021-07-30 05:57:25.529411,2020421,0.0,5.8
2021-07-30 05:57:25.687072,2020356,0.0,0.0
2021-07-30 05:57:25.687072,2020421,0.0,5.8
2021-07-30 05:57:25.687072,2526648,0.0,6.2
2021-07-30 05:57:25.844112,2020356,0.0,0.0
2021-07-30 05:57:25.844112,2020421,0.0,5.8
2021-07-30 05:57:25.844112,2526648,0.0,6.2
2021-07-30 05:57:26.001296,2020356,0.0,0.0
2021-07-30 05:57:26.001296,2020421,0.0,5.8
2021-07-30 05:57:26.001296,2526648,0.0,6.2
2021-07-30 05:57:26.158536,2020356,0.0,0.0
2021-07-30 05:57:26.158536,2020421,0.0,5.8
2021-07-30 05:57:26.158536,2526648,0.0,6.2
2021-07-30 05:57:26.315865,2020356,0.0,0.0
2021-07-30 05:57:26.315865,2020421,0.0,5.8
2021-07-30 05:57:26.315865,2526648,0.0,6.2
2021-07-30 05:57:26.473297,2020356,0.0,0.0
2021-07-30 05:57:26.473297,2020421,0.0,5.8
2021-07-30 05:57:26.473297,2526648,0.0,6.2
2021-07-30 05:57:26.630929,2020356,0.0,0.0
2021-07-30 05:57:26.630929,2020421,0.0,5.8
2021-07-30 05:57:26.630929,2526648,0.0,6.2
2021-07-30 05:57:26.788211,2020356,0.0,0.0
2021-07-30 05:57:26.788211,2020421,0.0,5.8
2021-07-30 05:57:26.788211,2526648,0.0,6.2
2021-07-30 05:57:26.945533,2020356,0.0,0.0
2021-07-30 05:57:26.945533,2020421,0.0,5.8
2021-07-30 05:57:26.945533,2526648,0.0,6.2
2021-07-30 05:57:27.102748,2020356,0.0,0.0
2021-07-30 05:57:27.102748,2020421,0.0,5.8
2021-07-30 05:57:27.102748,2526648,0.0,6.2
2021-07-30 05:57:27.260229,2526648,6.7,6.2
2021-07-30 05:57:27.260229,2020356,0.0,0.0
2021-07-30 05:57:27.260229,2020421,0.0,5.8
2021-07-30 05:57:27.417701,2020356,0.0,0.0
2021-07-30 05:57:27.417701,2020421,0.0,5.8
2021-07-30 05:57:27.417701,2526648,0.0,6.2
2021-07-30 05:57:27.576153,2020356,0.0,0.0
2021-07-30 05:57:27.576153,2020421,0.0,5.8
2021-07-30 05:57:27.576153,2526648,0.0,6.2
2021-07-30 05:57:27.733612,2020356,0.0,0.0
2021-07-30 05:57:27.733612,2020421,0.0,5.8
2021-07-30 05:57:27.733612,2526648,0.0,6.2
2021-07-30 05:57:27.890731,2020356,0.0,0.0
2021-07-30 05:57:27.890731,2020421,0.0,5.8
2021-07-30 05:57:27.890731,2526648,0.0,6.2
2021-07-30 05:57:28.048026,2020356,0.0,0.0
2021-07-30 05:57:28.048026,2020421,0.0,5.8
2021-07-30 05:57:28.048026,2526648,0.0,6.2
2021-07-30 05:57:28.205380,2020356,0.0,0.0
2021-07-30 05:57:28.205380,2020421,0.0,5.8
2021-07-30 05:57:28.205380,2526648,0.0,6.2
2021-07-30 05:57:28.362972,2020356,0.0,0.0
2021-07-30 05:57:28.362972,2020421,0.0,5.8
2021-07-30 05:57:28.362972,2526648,0.0,6.2
2021-07-30 05:57:28.520437,2526648,6.7,6.2
2021-07-30 05:57:28.520437,2020356,0.0,0.0
2021-07-30 05:57:28.520437,2020421,0.0,5.8
2021-07-30 05:57:28.678204,2020356,0.0,0.0
2021-07-30 05:57:28.678204,2020421,0.0,5.8
2021-07-30 05:57:28.678204,2526648,0.0,6.2
2021-07-30 05:57:28.835700,2020356,0.0,0.0
2021-07-30 05:57:28.835700,2020421,0.0,5.8
2021-07-30 05:57:28.835700,2526648,0.0,6.2
2021-07-30 05:57:28.993103,2020356,0.0,0.0
2021-07-30 05:57:28.993103,2020421,0.0,5.8
2021-07-30 05:57:28.993103,2526648,0.0,6.2
2021-07-30 05:57:29.150706,2020356,0.0,0.0
2021-07-30 05:57:29.150706,2020421,0.0,5.8
2021-07-30 05:57:29.150706,2526648,0.0,6.2
2021-07-30 05:57:29.308378,2526648,6.7,6.2
2021-07-30 05:57:29.308378,2020356,0.0,0.0
2021-07-30 05:57:29.308378,2020421,0.0,5.8
2021-07-30 05:57:29.465982,2020356,0.0,0.0
2021-07-30 05:57:29.465982,2020421,0.0,5.8
2021-07-30 05:57:29.465982,2526648,0.0,6.2
2021-07-30 05:57:29.623543,2020356,0.0,0.0
2021-07-30 05:57:29.623543,2020421,0.0,5.8
2021-07-30 05:57:29.623543,2526648,0.0,6.2
2021-07-30 05:57:29.780876,2020356,0.0,0.0
2021-07-30 05:57:29.780876,2020421,0.0,5.8
2021-07-30 05:57:29.780876,2526648,0.0,6.2
2021-07-30 05:57:29.938320,2526648,6.7,6.2
2021-07-30 05:57:29.938320,2020356,0.0,0.0
2021-07-30 05:57:29.938320,2020421,0.0,5.8
2021-07-30 05:57:30.096056,2020356,0.0,0.0
2021-07-30 05:57:30.096056,2020421,0.0,5.8
2021-07-30 05:57:30.096056,2526648,0.0,6.2
2021-07-30 05:57:30.253401,2020356,0.0,0.0
2021-07-30 05:57:30.253401,2020421,0.0,5.8
2021-07-30 05:57:30.253401,2526648,0.0,6.2
2021-07-30 05:57:30.411009,2020356,0.0,0.0
2021-07-30 05:57:30.411009,2020421,0.0,5.8
2021-07-30 05:57:30.411009,2526648,0.0,6.2
2021-07-30 05:57:30.568482,2020356,0.0,0.0
2021-07-30 05:57:30.568482,2020421,0.0,5.8
2021-07-30 05:57:30.568482,2526648,0.0,6.2
2021-07-30 05:57:30.725793,2020356,0.0,0.0
2021-07-30 05:57:30.725793,2020421,0.0,5.8
2021-07-30 05:57:30.725793,2526648,0.0,6.2
2021-07-30 05:57:30.883507,2526648,6.7,6.2
2021-07-30 05:57:30.883507,2020356,0.0,0.0
2021-07-30 05:57:30.883507,2020421,0.0,5.8
2021-07-30 05:57:31.041430,2020356,0.0,0.0
2021-07-30 05:57:31.041430,2020421,0.0,5.8
2021-07-30 05:57:31.041430,2526648,0.0,6.2
2021-07-30 05:57:31.198735,2020356,0.0,0.0
2021-07-30 05:57:31.198735,2020421,0.0,5.8
2021-07-30 05:57:31.198735,2526648,0.0,6.2
2021-07-30 05:57:31.356307,2020356,0.0,0.0
2021-07-30 05:57:31.356307,2020421,0.0,5.8
2021-07-30 05:57:31.356307,2526648,0.0,6.2
2021-07-30 05:57:31.513834,2020356,0.0,0.0
2021-07-30 05:57:31.513834,2020421,0.0,5.8
2021-07-30 05:57:31.513834,2526648,0.0,6.2
2021-07-30 05:57:31.671318,2020356,0.0,0.0
2021-07-30 05:57:31.671318,2020421,0.0,5.8
2021-07-30 05:57:31.671318,2526648,0.0,6.2
2021-07-30 05:57:31.828613,2020356,0.0,0.0
2021-07-30 05:57:31.828613,2020421,0.0,5.8
2021-07-30 05:57:31.828613,2526648,0.0,6.2
2021-07-30 05:57:31.985958,2020356,0.0,0.0
2021-07-30 05:57:31.985958,2020421,0.0,5.8
2021-07-30 05:57:31.985958,2526648,0.0,6.2
2021-07-30 05:57:32.143460,2526648,13.3,6.2
2021-07-30 05:57:32.143460,2020356,0.0,0.0
2021-07-30 05:57:32.143460,2020421,0.0,5.8
2021-07-30 05:57:32.301251,2020356,0.0,0.0
2021-07-30 05:57:32.301251,2020421,0.0,5.8
2021-07-30 05:57:32.301251,2526648,0.0,6.2
2021-07-30 05:57:32.458654,2526648,6.7,6.2
2021-07-30 05:57:32.458654,2020356,0.0,0.0
2021-07-30 05:57:32.458654,2020421,0.0,5.8
2021-07-30 05:57:32.616356,2020356,0.0,0.0
2021-07-30 05:57:32.616356,2020421,0.0,5.8
2021-07-30 05:57:32.616356,2526648,0.0,6.2
2021-07-30 05:57:32.773656,2020356,0.0,0.0
2021-07-30 05:57:32.773656,2020421,0.0,5.8
2021-07-30 05:57:32.773656,2526648,0.0,6.2
2021-07-30 05:57:32.930947,2020356,0.0,0.0
2021-07-30 05:57:32.930947,2020421,0.0,5.8
2021-07-30 05:57:32.930947,2526648,0.0,6.2
2021-07-30 05:57:33.088290,2020356,0.0,0.0
2021-07-30 05:57:33.088290,2020421,0.0,5.8
2021-07-30 05:57:33.088290,2526648,0.0,6.2
2021-07-30 05:57:33.245740,2526648,6.7,6.2
2021-07-30 05:57:33.245740,2020356,0.0,0.0
2021-07-30 05:57:33.245740,2020421,0.0,5.8
2021-07-30 05:57:33.403032,2020356,0.0,0.0
2021-07-30 05:57:33.403032,2020421,0.0,5.8
2021-07-30 05:57:33.403032,2526648,0.0,6.2
2021-07-30 05:57:33.560511,2020356,0.0,0.0
2021-07-30 05:57:33.560511,2020421,0.0,5.8
2021-07-30 05:57:33.560511,2526648,0.0,6.2
2021-07-30 05:57:33.717144,2020356,0.0,0.0
2021-07-30 05:57:33.717144,2020421,0.0,5.8
2021-07-30 05:57:33.717144,2526648,0.0,6.2
2021-07-30 05:57:33.874695,2020356,0.0,0.0
2021-07-30 05:57:33.874695,2020421,0.0,5.8
2021-07-30 05:57:33.874695,2526648,0.0,6.2
2021-07-30 05:57:34.032065,2020356,0.0,0.0
2021-07-30 05:57:34.032065,2020421,0.0,5.8
2021-07-30 05:57:34.032065,2526648,0.0,6.2
2021-07-30 05:57:34.189438,2020356,0.0,0.0
2021-07-30 05:57:34.189438,2020421,0.0,5.8
2021-07-30 05:57:34.189438,2526648,0.0,6.2
2021-07-30 05:57:34.346472,2020356,0.0,0.0
2021-07-30 05:57:34.346472,2020421,0.0,5.8
2021-07-30 05:57:34.346472,2526648,0.0,6.2
2021-07-30 05:57:34.503870,2526648,6.7,6.2
2021-07-30 05:57:34.503870,2020356,0.0,0.0
2021-07-30 05:57:34.503870,2020421,0.0,5.8
2021-07-30 05:57:34.661195,2020356,0.0,0.0
2021-07-30 05:57:34.661195,2020421,0.0,5.8
2021-07-30 05:57:34.661195,2526648,0.0,6.2
2021-07-30 05:57:34.818768,2020356,0.0,0.0
2021-07-30 05:57:34.818768,2020421,0.0,5.8
2021-07-30 05:57:34.818768,2526648,0.0,6.2
2021-07-30 05:57:34.976220,2020356,0.0,0.0
2021-07-30 05:57:34.976220,2020421,0.0,5.8
2021-07-30 05:57:34.976220,2526648,0.0,6.2
2021-07-30 05:57:35.133532,2020356,0.0,0.0
2021-07-30 05:57:35.133532,2020421,0.0,5.8
2021-07-30 05:57:35.133532,2526648,0.0,6.2
2021-07-30 05:57:35.290816,2020356,0.0,0.0
2021-07-30 05:57:35.290816,2020421,0.0,5.8
2021-07-30 05:57:35.290816,2526648,0.0,6.2
2021-07-30 05:57:35.448320,2526648,13.3,6.2
2021-07-30 05:57:35.448320,2020356,0.0,0.0
2021-07-30 05:57:35.448320,2020421,0.0,5.8
2021-07-30 05:57:35.606066,2020356,0.0,0.0
2021-07-30 05:57:35.606066,2020421,0.0,5.8
2021-07-30 05:57:35.606066,2526648,0.0,6.2
2021-07-30 05:57:35.763432,2020356,0.0,0.0
2021-07-30 05:57:35.763432,2020421,0.0,5.8
2021-07-30 05:57:35.763432,2526648,0.0,6.2
2021-07-30 05:57:35.920843,2020356,0.0,0.0
2021-07-30 05:57:35.920843,2020421,0.0,5.8
2021-07-30 05:57:35.920843,2526648,0.0,6.2
2021-07-30 05:57:36.078083,2020356,0.0,0.0
2021-07-30 05:57:36.078083,2020421,0.0,5.8
2021-07-30 05:57:36.078083,2526648,0.0,6.2
2021-07-30 05:57:36.235597,2020356,0.0,0.0
2021-07-30 05:57:36.235597,2020421,0.0,5.8
2021-07-30 05:57:36.235597,2526648,0.0,6.2
2021-07-30 05:57:36.393048,2020356,0.0,0.0
2021-07-30 05:57:36.393048,2020421,0.0,5.8
2021-07-30 05:57:36.393048,2526648,0.0,6.2
2021-07-30 05:57:36.550396,2020356,0.0,0.0
2021-07-30 05:57:36.550396,2020421,0.0,5.8
2021-07-30 05:57:36.550396,2526648,0.0,6.2
2021-07-30 05:57:36.707650,2020356,0.0,0.0
2021-07-30 05:57:36.707650,2020421,0.0,5.8
2021-07-30 05:57:36.707650,2526648,0.0,6.2
2021-07-30 05:57:36.865506,2526648,6.7,6.2
2021-07-30 05:57:36.865506,2020356,0.0,0.0
2021-07-30 05:57:36.865506,2020421,0.0,5.8
2021-07-30 05:57:37.023317,2020356,0.0,0.0
2021-07-30 05:57:37.023317,2020421,0.0,5.8
2021-07-30 05:57:37.023317,2526648,0.0,6.2
2021-07-30 05:57:37.180542,2020356,0.0,0.0
2021-07-30 05:57:37.180542,2020421,0.0,5.8
2021-07-30 05:57:37.180542,2526648,0.0,6.2
2021-07-30 05:57:37.337830,2020356,0.0,0.0
2021-07-30 05:57:37.337830,2020421,0.0,5.8
2021-07-30 05:57:37.337830,2526648,0.0,6.2
2021-07-30 05:57:37.495121,2020356,0.0,0.0
2021-07-30 05:57:37.495121,2020421,0.0,5.8
2021-07-30 05:57:37.495121,2526648,0.0,6.2
2021-07-30 05:57:37.652807,2020356,0.0,0.0
2021-07-30 05:57:37.652807,2020421,0.0,5.8
2021-07-30 05:57:37.652807,2526648,0.0,6.2
2021-07-30 05:57:37.810017,2020356,0.0,0.0
2021-07-30 05:57:37.810017,2020421,0.0,5.8
2021-07-30 05:57:37.810017,2526648,0.0,6.2
2021-07-30 05:57:37.967266,2020356,0.0,0.0
2021-07-30 05:57:37.967266,2020421,0.0,5.8
2021-07-30 05:57:37.967266,2526648,0.0,6.2
2021-07-30 05:57:38.124527,2020356,0.0,0.0
2021-07-30 05:57:38.124527,2020421,0.0,5.8
2021-07-30 05:57:38.124527,2526648,0.0,6.2
2021-07-30 05:57:38.281680,2020356,0.0,0.0
2021-07-30 05:57:38.281680,2020421,0.0,5.8
2021-07-30 05:57:38.281680,2526648,0.0,6.2
2021-07-30 05:57:38.438940,2020356,0.0,0.0
2021-07-30 05:57:38.438940,2020421,0.0,5.8
2021-07-30 05:57:38.438940,2526648,0.0,6.2
2021-07-30 05:57:38.596325,2020356,0.0,0.0
2021-07-30 05:57:38.596325,2020421,0.0,5.8
2021-07-30 05:57:38.596325,2526648,0.0,6.2
2021-07-30 05:57:38.753414,2020356,0.0,0.0
2021-07-30 05:57:38.753414,2020421,0.0,5.8
2021-07-30 05:57:38.753414,2526648,0.0,6.2
2021-07-30 05:57:38.910775,2020356,0.0,0.0
2021-07-30 05:57:38.910775,2020421,0.0,5.8
2021-07-30 05:57:38.910775,2526648,0.0,6.2
2021-07-30 05:57:39.068106,2020356,0.0,0.0
2021-07-30 05:57:39.068106,2020421,0.0,5.8
2021-07-30 05:57:39.068106,2526648,0.0,6.2
2021-07-30 05:57:39.225397,2526648,6.7,6.2
2021-07-30 05:57:39.225397,2020356,0.0,0.0
2021-07-30 05:57:39.225397,2020421,0.0,5.8
2021-07-30 05:57:39.383035,2020356,0.0,0.0
2021-07-30 05:57:39.383035,2020421,0.0,5.8
2021-07-30 05:57:39.383035,2526648,0.0,6.2
2021-07-30 05:57:39.540320,2020356,0.0,0.0
2021-07-30 05:57:39.540320,2020421,0.0,5.8
2021-07-30 05:57:39.540320,2526648,0.0,6.2
2021-07-30 05:57:39.697517,2020356,0.0,0.0
2021-07-30 05:57:39.697517,2020421,0.0,5.8
2021-07-30 05:57:39.697517,2526648,0.0,6.2
2021-07-30 05:57:39.855160,2020356,0.0,0.0
2021-07-30 05:57:39.855160,2020421,0.0,5.8
2021-07-30 05:57:39.855160,2526648,0.0,6.2
2021-07-30 05:57:40.012784,2020356,0.0,0.0
2021-07-30 05:57:40.012784,2020421,0.0,5.8
2021-07-30 05:57:40.012784,2526648,0.0,6.2
2021-07-30 05:57:40.170155,2526648,6.7,6.2
2021-07-30 05:57:40.170155,2020356,0.0,0.0
2021-07-30 05:57:40.170155,2020421,0.0,5.8
2021-07-30 05:57:40.327770,2020356,0.0,0.0
2021-07-30 05:57:40.327770,2020421,0.0,5.8
2021-07-30 05:57:40.327770,2526648,0.0,6.2
2021-07-30 05:57:40.485109,2020356,0.0,0.0
2021-07-30 05:57:40.485109,2020421,0.0,5.8
2021-07-30 05:57:40.485109,2526648,0.0,6.2
2021-07-30 05:57:40.642460,2020356,0.0,0.0
2021-07-30 05:57:40.642460,2020421,0.0,5.8
2021-07-30 05:57:40.642460,2526648,0.0,6.2
2021-07-30 05:57:40.799748,2020356,0.0,0.0
2021-07-30 05:57:40.799748,2020421,0.0,5.8
2021-07-30 05:57:40.799748,2526648,0.0,6.2
2021-07-30 05:57:40.957248,2020356,0.0,0.0
2021-07-30 05:57:40.957248,2020421,0.0,5.8
2021-07-30 05:57:40.957248,2526648,0.0,6.2
2021-07-30 05:57:41.114928,2020356,0.0,0.0
2021-07-30 05:57:41.114928,2020421,0.0,5.8
2021-07-30 05:57:41.114928,2526648,0.0,6.2
2021-07-30 05:57:41.272240,2020356,0.0,0.0
2021-07-30 05:57:41.272240,2020421,0.0,5.8
2021-07-30 05:57:41.272240,2526648,0.0,6.2
2021-07-30 05:57:41.429581,2526648,6.7,6.2
2021-07-30 05:57:41.429581,2020356,0.0,0.0
2021-07-30 05:57:41.429581,2020421,0.0,5.8
2021-07-30 05:57:41.586658,2020356,0.0,0.0
2021-07-30 05:57:41.586658,2020421,0.0,5.8
2021-07-30 05:57:41.586658,2526648,0.0,6.2
2021-07-30 05:57:41.743957,2020356,0.0,0.0
2021-07-30 05:57:41.743957,2020421,0.0,5.8
2021-07-30 05:57:41.743957,2526648,0.0,6.2
2021-07-30 05:57:41.901303,2020356,0.0,0.0
2021-07-30 05:57:41.901303,2020421,0.0,5.8
2021-07-30 05:57:41.901303,2526648,0.0,6.2
2021-07-30 05:57:42.058533,2020356,0.0,0.0
2021-07-30 05:57:42.058533,2020421,0.0,5.8
2021-07-30 05:57:42.058533,2526648,0.0,6.2
2021-07-30 05:57:42.216026,2020356,0.0,0.0
2021-07-30 05:57:42.216026,2020421,0.0,5.8
2021-07-30 05:57:42.216026,2526648,0.0,6.2
2021-07-30 05:57:42.373703,2020356,0.0,0.0
2021-07-30 05:57:42.373703,2020421,0.0,5.8
2021-07-30 05:57:42.373703,2526648,0.0,6.2
2021-07-30 05:57:42.530997,2020356,0.0,0.0
2021-07-30 05:57:42.530997,2020421,0.0,5.8
2021-07-30 05:57:42.530997,2526648,0.0,6.2
2021-07-30 05:57:42.688404,2020356,0.0,0.0
2021-07-30 05:57:42.688404,2020421,0.0,5.8
2021-07-30 05:57:42.688404,2526648,0.0,6.2
2021-07-30 05:57:42.845761,2020356,0.0,0.0
2021-07-30 05:57:42.845761,2020421,0.0,5.8
2021-07-30 05:57:42.845761,2526648,0.0,6.2
2021-07-30 05:57:43.003314,2020356,0.0,0.0
2021-07-30 05:57:43.003314,2020421,0.0,5.8
2021-07-30 05:57:43.003314,2526648,0.0,6.2
2021-07-30 05:57:43.160566,2020356,0.0,0.0
2021-07-30 05:57:43.160566,2020421,0.0,5.8
2021-07-30 05:57:43.160566,2526648,0.0,6.2
2021-07-30 05:57:43.317930,2526648,6.7,6.2
2021-07-30 05:57:43.317930,2020356,0.0,0.0
2021-07-30 05:57:43.317930,2020421,0.0,5.8
2021-07-30 05:57:43.475078,2020356,0.0,0.0
2021-07-30 05:57:43.475078,2020421,0.0,5.8
2021-07-30 05:57:43.475078,2526648,0.0,6.2
2021-07-30 05:57:43.632576,2020356,0.0,0.0
2021-07-30 05:57:43.632576,2020421,0.0,5.8
2021-07-30 05:57:43.632576,2526648,0.0,6.2
2021-07-30 05:57:43.789832,2020356,0.0,0.0
2021-07-30 05:57:43.789832,2020421,0.0,5.8
2021-07-30 05:57:43.789832,2526648,0.0,6.2
2021-07-30 05:57:43.947120,2020356,0.0,0.0
2021-07-30 05:57:43.947120,2020421,0.0,5.8
2021-07-30 05:57:43.947120,2526648,0.0,6.2
2021-07-30 05:57:44.104391,2020356,0.0,0.0
2021-07-30 05:57:44.104391,2020421,0.0,5.8
2021-07-30 05:57:44.104391,2526648,0.0,6.2
2021-07-30 05:57:44.261646,2020356,0.0,0.0
2021-07-30 05:57:44.261646,2020421,0.0,5.8
2021-07-30 05:57:44.261646,2526648,0.0,6.2
2021-07-30 05:57:44.419031,2526648,6.7,6.2
2021-07-30 05:57:44.419031,2020356,0.0,0.0
2021-07-30 05:57:44.419031,2020421,0.0,5.8
2021-07-30 05:57:44.576269,2020356,0.0,0.0
2021-07-30 05:57:44.576269,2020421,0.0,5.8
2021-07-30 05:57:44.576269,2526648,0.0,6.2
2021-07-30 05:57:44.733509,2020356,0.0,0.0
2021-07-30 05:57:44.733509,2020421,0.0,5.8
2021-07-30 05:57:44.733509,2526648,0.0,6.2
2021-07-30 05:57:44.891021,2020356,0.0,0.0
2021-07-30 05:57:44.891021,2020421,0.0,5.8
2021-07-30 05:57:44.891021,2526648,0.0,6.2
2021-07-30 05:57:45.048290,2526648,6.7,6.2
2021-07-30 05:57:45.048290,2020356,0.0,0.0
2021-07-30 05:57:45.048290,2020421,0.0,5.8
2021-07-30 05:57:45.205535,2020356,0.0,0.0
2021-07-30 05:57:45.205535,2020421,0.0,5.8
2021-07-30 05:57:45.205535,2526648,0.0,6.2
2021-07-30 05:57:45.363041,2020356,0.0,0.0
2021-07-30 05:57:45.363041,2020421,0.0,5.8
2021-07-30 05:57:45.363041,2526648,0.0,6.2
2021-07-30 05:57:45.520476,2526648,6.7,6.2
2021-07-30 05:57:45.520476,2020356,0.0,0.0
2021-07-30 05:57:45.520476,2020421,0.0,5.8
2021-07-30 05:57:45.677948,2020356,0.0,0.0
2021-07-30 05:57:45.677948,2020421,0.0,5.8
2021-07-30 05:57:45.677948,2526648,0.0,6.2
2021-07-30 05:57:45.835282,2020356,0.0,0.0
2021-07-30 05:57:45.835282,2020421,0.0,5.8
2021-07-30 05:57:45.835282,2526648,0.0,6.2
2021-07-30 05:57:45.992823,2020356,0.0,0.0
2021-07-30 05:57:45.992823,2020421,0.0,5.8
2021-07-30 05:57:45.992823,2526648,0.0,6.2
2021-07-30 05:57:46.150101,2020356,0.0,0.0
2021-07-30 05:57:46.150101,2020421,0.0,5.8
2021-07-30 05:57:46.150101,2526648,0.0,6.2
2021-07-30 05:57:46.307408,2020421,6.7,5.8
2021-07-30 05:57:46.307408,2020356,0.0,0.0
2021-07-30 05:57:46.307408,2526648,0.0,6.2
2021-07-30 05:57:46.464755,2020356,0.0,0.0
2021-07-30 05:57:46.464755,2020421,0.0,5.8
2021-07-30 05:57:46.464755,2526648,0.0,6.2
2021-07-30 05:57:46.622192,2020356,0.0,0.0
2021-07-30 05:57:46.622192,2020421,0.0,5.8
2021-07-30 05:57:46.622192,2526648,0.0,6.2
2021-07-30 05:57:46.779495,2020356,0.0,0.0
2021-07-30 05:57:46.779495,2020421,0.0,5.8
2021-07-30 05:57:46.779495,2526648,0.0,6.2
2021-07-30 05:57:46.936774,2020356,0.0,0.0
2021-07-30 05:57:46.936774,2020421,0.0,5.8
2021-07-30 05:57:46.936774,2526648,0.0,6.2
2021-07-30 05:57:47.094055,2020356,0.0,0.0
2021-07-30 05:57:47.094055,2020421,0.0,5.8
2021-07-30 05:57:47.094055,2526648,0.0,6.2
2021-07-30 05:57:47.251297,2020356,0.0,0.0
2021-07-30 05:57:47.251297,2020421,0.0,5.8
2021-07-30 05:57:47.251297,2526648,0.0,6.2
2021-07-30 05:57:47.408712,2020356,0.0,0.0
2021-07-30 05:57:47.408712,2020421,0.0,5.8
2021-07-30 05:57:47.408712,2526648,0.0,6.2
2021-07-30 05:57:47.566300,2526648,6.2,6.2
2021-07-30 05:57:47.566300,2020356,0.0,0.0
2021-07-30 05:57:47.566300,2020421,0.0,5.8
2021-07-30 05:57:47.723832,2020356,0.0,0.0
2021-07-30 05:57:47.723832,2020421,0.0,5.8
2021-07-30 05:57:47.723832,2526648,0.0,6.2
2021-07-30 05:57:47.881443,2020356,0.0,0.0
2021-07-30 05:57:47.881443,2020421,0.0,5.8
2021-07-30 05:57:47.881443,2526648,0.0,6.2
2021-07-30 05:57:48.038743,2020356,0.0,0.0
2021-07-30 05:57:48.038743,2020421,0.0,5.8
2021-07-30 05:57:48.038743,2526648,0.0,6.2
2021-07-30 05:57:48.196030,2020356,0.0,0.0
2021-07-30 05:57:48.196030,2020421,0.0,5.8
2021-07-30 05:57:48.196030,2526648,0.0,6.2
2021-07-30 05:57:48.353313,2020356,0.0,0.0
2021-07-30 05:57:48.353313,2020421,0.0,5.8
2021-07-30 05:57:48.353313,2526648,0.0,6.2
2021-07-30 05:57:48.510578,2020356,0.0,0.0
2021-07-30 05:57:48.510578,2020421,0.0,5.8
2021-07-30 05:57:48.510578,2526648,0.0,6.2
2021-07-30 05:57:48.667580,2020356,0.0,0.0
2021-07-30 05:57:48.667580,2020421,0.0,5.8
2021-07-30 05:57:48.667580,2526648,0.0,6.2
2021-07-30 05:57:48.824855,2020356,0.0,0.0
2021-07-30 05:57:48.824855,2020421,0.0,5.8
2021-07-30 05:57:48.824855,2526648,0.0,6.2
2021-07-30 05:57:48.982373,2020356,0.0,0.0
2021-07-30 05:57:48.982373,2020421,0.0,5.8
2021-07-30 05:57:48.982373,2526648,0.0,6.2
2021-07-30 05:57:49.139674,2526648,6.7,6.2
2021-07-30 05:57:49.139674,2020356,0.0,0.0
2021-07-30 05:57:49.139674,2020421,0.0,5.8
2021-07-30 05:57:49.297090,2020356,0.0,0.0
2021-07-30 05:57:49.297090,2020421,0.0,5.8
2021-07-30 05:57:49.297090,2526648,0.0,6.2
2021-07-30 05:57:49.454697,2020356,0.0,0.0
2021-07-30 05:57:49.454697,2020421,0.0,5.8
2021-07-30 05:57:49.454697,2526648,0.0,6.2
2021-07-30 05:57:49.612112,2020356,0.0,0.0
2021-07-30 05:57:49.612112,2020421,0.0,5.8
2021-07-30 05:57:49.612112,2526648,0.0,6.2
2021-07-30 05:57:49.769417,2020356,0.0,0.0
2021-07-30 05:57:49.769417,2020421,0.0,5.8
2021-07-30 05:57:49.769417,2526648,0.0,6.2
2021-07-30 05:57:49.927003,2526648,12.5,6.2
2021-07-30 05:57:49.927003,2020356,0.0,0.0
2021-07-30 05:57:49.927003,2020421,0.0,5.8
2021-07-30 05:57:50.084809,2020356,0.0,0.0
2021-07-30 05:57:50.084809,2020421,0.0,5.8
2021-07-30 05:57:50.084809,2526648,0.0,6.2
2021-07-30 05:57:50.242109,2020356,0.0,0.0
2021-07-30 05:57:50.242109,2020421,0.0,5.8
2021-07-30 05:57:50.242109,2526648,0.0,6.2
2021-07-30 05:57:50.399431,2020356,0.0,0.0
2021-07-30 05:57:50.399431,2020421,0.0,5.8
2021-07-30 05:57:50.399431,2526648,0.0,6.2
2021-07-30 05:57:50.556053,2020356,0.0,0.0
2021-07-30 05:57:50.556053,2020421,0.0,5.8
2021-07-30 05:57:50.556053,2526648,0.0,6.2
2021-07-30 05:57:50.713755,2020356,0.0,0.0
2021-07-30 05:57:50.713755,2020421,0.0,5.8
2021-07-30 05:57:50.713755,2526648,0.0,6.2
2021-07-30 05:57:50.871297,2020356,0.0,0.0
2021-07-30 05:57:50.871297,2020421,0.0,5.8
2021-07-30 05:57:50.871297,2526648,0.0,6.2
2021-07-30 05:57:51.028827,2020356,0.0,0.0
2021-07-30 05:57:51.028827,2020421,0.0,5.8
2021-07-30 05:57:51.028827,2526648,0.0,6.2
2021-07-30 05:57:51.186176,2020356,0.0,0.0
2021-07-30 05:57:51.186176,2020421,0.0,5.8
2021-07-30 05:57:51.186176,2526648,0.0,6.2
2021-07-30 05:57:51.343744,2020356,0.0,0.0
2021-07-30 05:57:51.343744,2020421,0.0,5.8
2021-07-30 05:57:51.343744,2526648,0.0,6.2
2021-07-30 05:57:51.501039,2526648,6.7,6.2
2021-07-30 05:57:51.501039,2020356,0.0,0.0
2021-07-30 05:57:51.501039,2020421,0.0,5.8
2021-07-30 05:57:51.658652,2020356,0.0,0.0
2021-07-30 05:57:51.658652,2020421,0.0,5.8
2021-07-30 05:57:51.658652,2526648,0.0,6.2
2021-07-30 05:57:51.815984,2020356,0.0,0.0
2021-07-30 05:57:51.815984,2020421,0.0,5.8
2021-07-30 05:57:51.815984,2526648,0.0,6.2
2021-07-30 05:57:51.973491,2020356,0.0,0.0
2021-07-30 05:57:51.973491,2020421,0.0,5.8
2021-07-30 05:57:51.973491,2526648,0.0,6.2
2021-07-30 05:57:52.131136,2020356,0.0,0.0
2021-07-30 05:57:52.131136,2020421,0.0,5.8
2021-07-30 05:57:52.131136,2526648,0.0,6.2
2021-07-30 05:57:52.288770,2020356,0.0,0.0
2021-07-30 05:57:52.288770,2020421,0.0,5.8
2021-07-30 05:57:52.288770,2526648,0.0,6.2
2021-07-30 05:57:52.445920,2020356,0.0,0.0
2021-07-30 05:57:52.445920,2020421,0.0,5.8
2021-07-30 05:57:52.445920,2526648,0.0,6.2
2021-07-30 05:57:52.603432,2020356,0.0,0.0
2021-07-30 05:57:52.603432,2020421,0.0,5.8
2021-07-30 05:57:52.603432,2526648,0.0,6.2
2021-07-30 05:57:52.760708,2020356,0.0,0.0
2021-07-30 05:57:52.760708,2020421,0.0,5.8
2021-07-30 05:57:52.760708,2526648,0.0,6.2
2021-07-30 05:57:52.918039,2020356,0.0,0.0
2021-07-30 05:57:52.918039,2020421,0.0,5.8
2021-07-30 05:57:52.918039,2526648,0.0,6.2
2021-07-30 05:57:53.075277,2020356,0.0,0.0
2021-07-30 05:57:53.075277,2020421,0.0,5.8
2021-07-30 05:57:53.075277,2526648,0.0,6.2
2021-07-30 05:57:53.232876,2526648,6.7,6.2
2021-07-30 05:57:53.232876,2020356,0.0,0.0
2021-07-30 05:57:53.232876,2020421,0.0,5.8
2021-07-30 05:57:53.390555,2020356,0.0,0.0
2021-07-30 05:57:53.390555,2020421,0.0,5.8
2021-07-30 05:57:53.390555,2526648,0.0,6.2
2021-07-30 05:57:53.547897,2020356,0.0,0.0
2021-07-30 05:57:53.547897,2020421,0.0,5.8
2021-07-30 05:57:53.547897,2526648,0.0,6.2
2021-07-30 05:57:53.705359,2020356,0.0,0.0
2021-07-30 05:57:53.705359,2020421,0.0,5.8
2021-07-30 05:57:53.705359,2526648,0.0,6.2
2021-07-30 05:57:53.862859,2020356,0.0,0.0
2021-07-30 05:57:53.862859,2020421,0.0,5.8
2021-07-30 05:57:53.862859,2526648,0.0,6.2
2021-07-30 05:57:54.020160,2020356,0.0,0.0
2021-07-30 05:57:54.020160,2020421,0.0,5.8
2021-07-30 05:57:54.020160,2526648,0.0,6.2
2021-07-30 05:57:54.177562,2526648,6.7,6.2
2021-07-30 05:57:54.177562,2020356,0.0,0.0
2021-07-30 05:57:54.177562,2020421,0.0,5.8
2021-07-30 05:57:54.335045,2020356,0.0,0.0
2021-07-30 05:57:54.335045,2020421,0.0,5.8
2021-07-30 05:57:54.335045,2526648,0.0,6.2
2021-07-30 05:57:54.492610,2526648,13.3,6.2
2021-07-30 05:57:54.492610,2020356,0.0,0.0
2021-07-30 05:57:54.492610,2020421,0.0,5.8
2021-07-30 05:57:54.650480,2020356,0.0,0.0
2021-07-30 05:57:54.650480,2020421,0.0,5.8
2021-07-30 05:57:54.650480,2526648,0.0,6.2
2021-07-30 05:57:54.807913,2020356,0.0,0.0
2021-07-30 05:57:54.807913,2020421,0.0,5.8
2021-07-30 05:57:54.807913,2526648,0.0,6.2
2021-07-30 05:57:54.965178,2020356,0.0,0.0
2021-07-30 05:57:54.965178,2020421,0.0,5.8
2021-07-30 05:57:54.965178,2526648,0.0,6.2
2021-07-30 05:57:55.122266,2020356,0.0,0.0
2021-07-30 05:57:55.122266,2020421,0.0,5.8
2021-07-30 05:57:55.122266,2526648,0.0,6.2
2021-07-30 05:57:55.279643,2020356,0.0,0.0
2021-07-30 05:57:55.279643,2020421,0.0,5.8
2021-07-30 05:57:55.279643,2526648,0.0,6.2
2021-07-30 05:57:55.437059,2526648,6.7,6.2
2021-07-30 05:57:55.437059,2020356,0.0,0.0
2021-07-30 05:57:55.437059,2020421,0.0,5.8
2021-07-30 05:57:55.594868,2526648,6.7,6.2
2021-07-30 05:57:55.594868,2020356,0.0,0.0
2021-07-30 05:57:55.594868,2020421,0.0,5.8
2021-07-30 05:57:55.752396,2020356,0.0,0.0
2021-07-30 05:57:55.752396,2020421,0.0,5.8
2021-07-30 05:57:55.752396,2526648,0.0,6.2
2021-07-30 05:57:55.909775,2020356,0.0,0.0
2021-07-30 05:57:55.909775,2020421,0.0,5.8
2021-07-30 05:57:55.909775,2526648,0.0,6.2
2021-07-30 05:57:56.067060,2020356,0.0,0.0
2021-07-30 05:57:56.067060,2020421,0.0,5.8
2021-07-30 05:57:56.067060,2526648,0.0,6.2
2021-07-30 05:57:56.224411,2020356,0.0,0.0
2021-07-30 05:57:56.224411,2020421,0.0,5.8
2021-07-30 05:57:56.224411,2526648,0.0,6.2
2021-07-30 05:57:56.381721,2020356,0.0,0.0
2021-07-30 05:57:56.381721,2020421,0.0,5.8
2021-07-30 05:57:56.381721,2526648,0.0,6.2
2021-07-30 05:57:56.539224,2020356,0.0,0.0
2021-07-30 05:57:56.539224,2020421,0.0,5.8
2021-07-30 05:57:56.539224,2526648,0.0,6.2
2021-07-30 05:57:56.696705,2020356,0.0,0.0
2021-07-30 05:57:56.696705,2020421,0.0,5.8
2021-07-30 05:57:56.696705,2526648,0.0,6.2
2021-07-30 05:57:56.854210,2020356,0.0,0.0
2021-07-30 05:57:56.854210,2020421,0.0,5.8
2021-07-30 05:57:56.854210,2526648,0.0,6.2
2021-07-30 05:57:57.011490,2020356,0.0,0.0
2021-07-30 05:57:57.011490,2020421,0.0,5.8
2021-07-30 05:57:57.011490,2526648,0.0,6.2
2021-07-30 05:57:57.168992,2020356,0.0,0.0
2021-07-30 05:57:57.168992,2020421,0.0,5.8
2021-07-30 05:57:57.168992,2526648,0.0,6.2
2021-07-30 05:57:57.326595,2020356,0.0,0.0
2021-07-30 05:57:57.326595,2020421,0.0,5.8
2021-07-30 05:57:57.326595,2526648,0.0,6.2
2021-07-30 05:57:57.483960,2020356,0.0,0.0
2021-07-30 05:57:57.483960,2020421,0.0,5.8
2021-07-30 05:57:57.483960,2526648,0.0,6.2
2021-07-30 05:57:57.640763,2020356,0.0,0.0
2021-07-30 05:57:57.640763,2020421,0.0,5.8
2021-07-30 05:57:57.640763,2526648,0.0,6.2
2021-07-30 05:57:57.798334,2020356,0.0,0.0
2021-07-30 05:57:57.798334,2020421,0.0,5.8
2021-07-30 05:57:57.798334,2526648,0.0,6.2
2021-07-30 05:57:57.955674,2020356,0.0,0.0
2021-07-30 05:57:57.955674,2020421,0.0,5.8
2021-07-30 05:57:57.955674,2526648,0.0,6.2
2021-07-30 05:57:58.113244,2020356,0.0,0.0
2021-07-30 05:57:58.113244,2020421,0.0,5.8
2021-07-30 05:57:58.113244,2526648,0.0,6.2
2021-07-30 05:57:58.270547,2020421,6.7,5.8
2021-07-30 05:57:58.270547,2020356,0.0,0.0
2021-07-30 05:57:58.270547,2526648,0.0,6.2
2021-07-30 05:57:58.427792,2526648,6.7,6.2
2021-07-30 05:57:58.427792,2020356,0.0,0.0
2021-07-30 05:57:58.427792,2020421,0.0,5.8
2021-07-30 05:57:58.585339,2020356,0.0,0.0
2021-07-30 05:57:58.585339,2020421,0.0,5.8
2021-07-30 05:57:58.585339,2526648,0.0,6.2
2021-07-30 05:57:58.742698,2020356,0.0,0.0
2021-07-30 05:57:58.742698,2020421,0.0,5.8
2021-07-30 05:57:58.742698,2526648,0.0,6.2
2021-07-30 05:57:58.900010,2020356,0.0,0.0
2021-07-30 05:57:58.900010,2020421,0.0,5.8
2021-07-30 05:57:58.900010,2526648,0.0,6.2
2021-07-30 05:57:59.057270,2020356,0.0,0.0
2021-07-30 05:57:59.057270,2020421,0.0,5.8
2021-07-30 05:57:59.057270,2526648,0.0,6.2
2021-07-30 05:57:59.214944,2020356,0.0,0.0
2021-07-30 05:57:59.214944,2020421,0.0,5.8
2021-07-30 05:57:59.214944,2526648,0.0,6.2
2021-07-30 05:57:59.372618,2020356,0.0,0.0
2021-07-30 05:57:59.372618,2020421,0.0,5.8
2021-07-30 05:57:59.372618,2526648,0.0,6.2
2021-07-30 05:57:59.529930,2526648,6.7,6.2
2021-07-30 05:57:59.529930,2020356,0.0,0.0
2021-07-30 05:57:59.529930,2020421,0.0,5.8
2021-07-30 05:57:59.687485,2020356,0.0,0.0
2021-07-30 05:57:59.687485,2020421,0.0,5.8
2021-07-30 05:57:59.687485,2526648,0.0,6.2
2021-07-30 05:57:59.844832,2526648,6.7,6.2
2021-07-30 05:57:59.844832,2020356,0.0,0.0
2021-07-30 05:57:59.844832,2020421,0.0,5.8
2021-07-30 05:58:00.002589,2020356,0.0,0.0
2021-07-30 05:58:00.002589,2020421,0.0,5.8
2021-07-30 05:58:00.002589,2526648,0.0,6.2
2021-07-30 05:58:00.159917,2020356,0.0,0.0
2021-07-30 05:58:00.159917,2020421,0.0,5.8
2021-07-30 05:58:00.159917,2526648,0.0,6.2
2021-07-30 05:58:00.317328,2020356,0.0,0.0
2021-07-30 05:58:00.317328,2020421,0.0,5.8
2021-07-30 05:58:00.317328,2526648,0.0,6.2
2021-07-30 05:58:00.474637,2020356,0.0,0.0
2021-07-30 05:58:00.474637,2020421,0.0,5.8
2021-07-30 05:58:00.474637,2526648,0.0,6.2
2021-07-30 05:58:00.632935,2526648,6.7,6.2
2021-07-30 05:58:00.632935,2020356,0.0,0.0
2021-07-30 05:58:00.632935,2020421,0.0,5.8
2021-07-30 05:58:00.791782,2020356,0.0,0.0
2021-07-30 05:58:00.791782,2020421,0.0,5.8
2021-07-30 05:58:00.791782,2526648,0.0,6.2
2021-07-30 05:58:00.949161,2020356,0.0,0.0
2021-07-30 05:58:00.949161,2020421,0.0,5.8
2021-07-30 05:58:00.949161,2526648,0.0,6.2
2021-07-30 05:58:01.106755,2020356,0.0,0.0
2021-07-30 05:58:01.106755,2020421,0.0,5.8
2021-07-30 05:58:01.106755,2526648,0.0,6.2
2021-07-30 05:58:01.264046,2020356,0.0,0.0
2021-07-30 05:58:01.264046,2020421,0.0,5.8
2021-07-30 05:58:01.264046,2526648,0.0,6.2
2021-07-30 05:58:01.421614,2020356,0.0,0.0
2021-07-30 05:58:01.421614,2020421,0.0,5.8
2021-07-30 05:58:01.421614,2526648,0.0,6.2
2021-07-30 05:58:01.579113,2020356,0.0,0.0
2021-07-30 05:58:01.579113,2020421,0.0,5.8
2021-07-30 05:58:01.579113,2526648,0.0,6.2
2021-07-30 05:58:01.736315,2020356,0.0,0.0
2021-07-30 05:58:01.736315,2020421,0.0,5.8
2021-07-30 05:58:01.736315,2526648,0.0,6.2
2021-07-30 05:58:01.893832,2020356,0.0,0.0
2021-07-30 05:58:01.893832,2020421,0.0,5.8
2021-07-30 05:58:01.893832,2526648,0.0,6.2
2021-07-30 05:58:02.051087,2020356,0.0,0.0
2021-07-30 05:58:02.051087,2020421,0.0,5.8
2021-07-30 05:58:02.051087,2526648,0.0,6.2
2021-07-30 05:58:02.208860,2526648,13.3,6.2
2021-07-30 05:58:02.208860,2020356,0.0,0.0
2021-07-30 05:58:02.208860,2020421,0.0,5.8
2021-07-30 05:58:02.366346,2020356,0.0,0.0
2021-07-30 05:58:02.366346,2020421,0.0,5.8
2021-07-30 05:58:02.366346,2526648,0.0,6.2
2021-07-30 05:58:02.523648,2526648,6.7,6.2
2021-07-30 05:58:02.523648,2020356,0.0,0.0
2021-07-30 05:58:02.523648,2020421,0.0,5.8
2021-07-30 05:58:02.681272,2020356,0.0,0.0
2021-07-30 05:58:02.681272,2020421,0.0,5.8
2021-07-30 05:58:02.681272,2526648,0.0,6.2
2021-07-30 05:58:02.838634,2020356,0.0,0.0
2021-07-30 05:58:02.838634,2020421,0.0,5.8
2021-07-30 05:58:02.838634,2526648,0.0,6.2
2021-07-30 05:58:02.996035,2020356,0.0,0.0
2021-07-30 05:58:02.996035,2020421,0.0,5.8
2021-07-30 05:58:02.996035,2526648,0.0,6.2
2021-07-30 05:58:03.153199,2020356,0.0,0.0
2021-07-30 05:58:03.153199,2020421,0.0,5.8
2021-07-30 05:58:03.153199,2526648,0.0,6.2
2021-07-30 05:58:03.310835,2020356,0.0,0.0
2021-07-30 05:58:03.310835,2020421,0.0,5.8
2021-07-30 05:58:03.310835,2526648,0.0,6.2
2021-07-30 05:58:03.468617,2020356,0.0,0.0
2021-07-30 05:58:03.468617,2020421,0.0,5.8
2021-07-30 05:58:03.468617,2526648,0.0,6.2
2021-07-30 05:58:03.626049,2020356,0.0,0.0
2021-07-30 05:58:03.626049,2020421,0.0,5.8
2021-07-30 05:58:03.626049,2526648,0.0,6.2
2021-07-30 05:58:03.783322,2020356,0.0,0.0
2021-07-30 05:58:03.783322,2020421,0.0,5.8
2021-07-30 05:58:03.783322,2526648,0.0,6.2
2021-07-30 05:58:03.940794,2020356,0.0,0.0
2021-07-30 05:58:03.940794,2020421,0.0,5.8
2021-07-30 05:58:03.940794,2526648,0.0,6.2
2021-07-30 05:58:04.098073,2020356,0.0,0.0
2021-07-30 05:58:04.098073,2020421,0.0,5.8
2021-07-30 05:58:04.098073,2526648,0.0,6.2
2021-07-30 05:58:04.255358,2020356,0.0,0.0
2021-07-30 05:58:04.255358,2020421,0.0,5.8
2021-07-30 05:58:04.255358,2526648,0.0,6.2
2021-07-30 05:58:04.412745,2526648,6.7,6.2
2021-07-30 05:58:04.412745,2020356,0.0,0.0
2021-07-30 05:58:04.412745,2020421,0.0,5.8
2021-07-30 05:58:04.570506,2020356,0.0,0.0
2021-07-30 05:58:04.570506,2020421,0.0,5.8
2021-07-30 05:58:04.570506,2526648,0.0,6.2
2021-07-30 05:58:04.727871,2020356,0.0,0.0
2021-07-30 05:58:04.727871,2020421,0.0,5.8
2021-07-30 05:58:04.727871,2526648,0.0,6.2
2021-07-30 05:58:04.885430,2020356,0.0,0.0
2021-07-30 05:58:04.885430,2020421,0.0,5.8
2021-07-30 05:58:04.885430,2526648,0.0,6.2
2021-07-30 05:58:05.042772,2020356,0.0,0.0
2021-07-30 05:58:05.042772,2020421,0.0,5.8
2021-07-30 05:58:05.042772,2526648,0.0,6.2
2021-07-30 05:58:05.200026,2020356,0.0,0.0
2021-07-30 05:58:05.200026,2020421,0.0,5.8
2021-07-30 05:58:05.200026,2526648,0.0,6.2
2021-07-30 05:58:05.357355,2020356,0.0,0.0
2021-07-30 05:58:05.357355,2020421,0.0,5.8
2021-07-30 05:58:05.357355,2526648,0.0,6.2
2021-07-30 05:58:05.514714,2526648,6.7,6.2
2021-07-30 05:58:05.514714,2020356,0.0,0.0
2021-07-30 05:58:05.514714,2020421,0.0,5.8
2021-07-30 05:58:05.672582,2020356,0.0,0.0
2021-07-30 05:58:05.672582,2020421,0.0,5.8
2021-07-30 05:58:05.672582,2526648,0.0,6.2
2021-07-30 05:58:05.830373,2020356,0.0,0.0
2021-07-30 05:58:05.830373,2020421,0.0,5.8
2021-07-30 05:58:05.830373,2526648,0.0,6.2
2021-07-30 05:58:05.987717,2020356,0.0,0.0
2021-07-30 05:58:05.987717,2020421,0.0,5.8
2021-07-30 05:58:05.987717,2526648,0.0,6.2
2021-07-30 05:58:06.145035,2020356,0.0,0.0
2021-07-30 05:58:06.145035,2020421,0.0,5.8
2021-07-30 05:58:06.145035,2526648,0.0,6.2
2021-07-30 05:58:06.302350,2020356,0.0,0.0
2021-07-30 05:58:06.302350,2020421,0.0,5.8
2021-07-30 05:58:06.302350,2526648,0.0,6.2
2021-07-30 05:58:06.459657,2020356,0.0,0.0
2021-07-30 05:58:06.459657,2020421,0.0,5.8
2021-07-30 05:58:06.459657,2526648,0.0,6.2
2021-07-30 05:58:06.617149,2020356,0.0,0.0
2021-07-30 05:58:06.617149,2020421,0.0,5.8
2021-07-30 05:58:06.617149,2526648,0.0,6.2
2021-07-30 05:58:06.774445,2020356,0.0,0.0
2021-07-30 05:58:06.774445,2020421,0.0,5.8
2021-07-30 05:58:06.774445,2526648,0.0,6.2
2021-07-30 05:58:06.931725,2020356,0.0,0.0
2021-07-30 05:58:06.931725,2020421,0.0,5.8
2021-07-30 05:58:06.931725,2526648,0.0,6.2
2021-07-30 05:58:07.088895,2020356,0.0,0.0
2021-07-30 05:58:07.088895,2020421,0.0,5.8
2021-07-30 05:58:07.088895,2526648,0.0,6.2
2021-07-30 05:58:07.246135,2020356,0.0,0.0
2021-07-30 05:58:07.246135,2020421,0.0,5.8
2021-07-30 05:58:07.246135,2526648,0.0,6.2
2021-07-30 05:58:07.403396,2020356,0.0,0.0
2021-07-30 05:58:07.403396,2020421,0.0,5.8
2021-07-30 05:58:07.403396,2526648,0.0,6.2
2021-07-30 05:58:07.560629,2526648,6.7,6.2
2021-07-30 05:58:07.560629,2020356,0.0,0.0
2021-07-30 05:58:07.560629,2020421,0.0,5.8
2021-07-30 05:58:07.718317,2020356,0.0,0.0
2021-07-30 05:58:07.718317,2020421,0.0,5.8
2021-07-30 05:58:07.718317,2526648,0.0,6.2
2021-07-30 05:58:07.875642,2020356,0.0,0.0
2021-07-30 05:58:07.875642,2020421,0.0,5.8
2021-07-30 05:58:07.875642,2526648,0.0,6.2
2021-07-30 05:58:08.032993,2020356,0.0,0.0
2021-07-30 05:58:08.032993,2020421,0.0,5.8
2021-07-30 05:58:08.032993,2526648,0.0,6.2
2021-07-30 05:58:08.190501,2020356,0.0,0.0
2021-07-30 05:58:08.190501,2020421,0.0,5.8
2021-07-30 05:58:08.190501,2526648,0.0,6.2
2021-07-30 05:58:08.347799,2020356,0.0,0.0
2021-07-30 05:58:08.347799,2020421,0.0,5.8
2021-07-30 05:58:08.347799,2526648,0.0,6.2
2021-07-30 05:58:08.505038,2020356,0.0,0.0
2021-07-30 05:58:08.505038,2020421,0.0,5.8
2021-07-30 05:58:08.505038,2526648,0.0,6.2
2021-07-30 05:58:08.662585,2020356,0.0,0.0
2021-07-30 05:58:08.662585,2020421,0.0,5.8
2021-07-30 05:58:08.662585,2526648,0.0,6.2
2021-07-30 05:58:08.819944,2020356,0.0,0.0
2021-07-30 05:58:08.819944,2020421,0.0,5.8
2021-07-30 05:58:08.819944,2526648,0.0,6.2
2021-07-30 05:58:08.977297,2020356,0.0,0.0
2021-07-30 05:58:08.977297,2020421,0.0,5.8
2021-07-30 05:58:08.977297,2526648,0.0,6.2
2021-07-30 05:58:09.134781,2020356,0.0,0.0
2021-07-30 05:58:09.134781,2020421,0.0,5.8
2021-07-30 05:58:09.134781,2526648,0.0,6.2
2021-07-30 05:58:09.292200,2526648,6.7,6.2
2021-07-30 05:58:09.292200,2020356,0.0,0.0
2021-07-30 05:58:09.292200,2020421,0.0,5.8
2021-07-30 05:58:09.449891,2526648,6.7,6.2
2021-07-30 05:58:09.449891,2020356,0.0,0.0
2021-07-30 05:58:09.449891,2020421,0.0,5.8
2021-07-30 05:58:09.607347,2020356,0.0,0.0
2021-07-30 05:58:09.607347,2020421,0.0,5.8
2021-07-30 05:58:09.607347,2526648,0.0,6.2
2021-07-30 05:58:09.764134,2526648,173.3,6.2
2021-07-30 05:58:09.764134,2020356,0.0,0.0
2021-07-30 05:58:09.764134,2020421,0.0,5.8
2021-07-30 05:58:09.922160,2526648,33.3,6.2
2021-07-30 05:58:09.922160,2020356,0.0,0.0
2021-07-30 05:58:09.922160,2020421,0.0,5.8
2021-07-30 05:58:10.079866,2526648,33.3,6.2
2021-07-30 05:58:10.079866,2020356,0.0,0.0
2021-07-30 05:58:10.079866,2020421,0.0,5.8
2021-07-30 05:58:10.236209,2526648,100.0,6.2
2021-07-30 05:58:10.236209,2020356,0.0,0.0
2021-07-30 05:58:10.236209,2020421,0.0,5.8
2021-07-30 05:58:10.393465,2526648,160.0,6.3
2021-07-30 05:58:10.393465,2020356,0.0,0.0
2021-07-30 05:58:10.393465,2020421,0.0,5.8
2021-07-30 05:58:10.550109,2526648,160.0,6.3
2021-07-30 05:58:10.550109,2020356,0.0,0.0
2021-07-30 05:58:10.550109,2020421,0.0,5.8
2021-07-30 05:58:10.706375,2526648,193.8,6.3
2021-07-30 05:58:10.706375,2020356,0.0,0.0
2021-07-30 05:58:10.706375,2020421,0.0,5.8
2021-07-30 05:58:10.862967,2526648,166.7,6.3
2021-07-30 05:58:10.862967,2020356,0.0,0.0
2021-07-30 05:58:10.862967,2020421,0.0,5.8
2021-07-30 05:58:11.020336,2526648,206.7,6.3
2021-07-30 05:58:11.020336,2020356,0.0,0.0
2021-07-30 05:58:11.020336,2020421,0.0,5.8
2021-07-30 05:58:11.176891,2526648,231.2,6.4
2021-07-30 05:58:11.176891,2020356,0.0,0.0
2021-07-30 05:58:11.176891,2020421,0.0,5.8
2021-07-30 05:58:11.333917,2526648,126.7,6.3
2021-07-30 05:58:11.333917,2020356,0.0,0.0
2021-07-30 05:58:11.333917,2020421,0.0,5.8
2021-07-30 05:58:11.490653,2526648,146.7,6.2
2021-07-30 05:58:11.490653,2020356,0.0,0.0
2021-07-30 05:58:11.490653,2020421,0.0,5.8
2021-07-30 05:58:11.647733,2526648,140.0,6.2
2021-07-30 05:58:11.647733,2020356,0.0,0.0
2021-07-30 05:58:11.647733,2020421,0.0,5.8
2021-07-30 05:58:11.804664,2526648,93.3,6.2
2021-07-30 05:58:11.804664,2020356,0.0,0.0
2021-07-30 05:58:11.804664,2020421,0.0,5.8
2021-07-30 05:58:11.962083,2526648,60.0,6.2
2021-07-30 05:58:11.962083,2020356,0.0,0.0
2021-07-30 05:58:11.962083,2020421,0.0,5.8
2021-07-30 05:58:12.120765,2526648,86.7,6.2
2021-07-30 05:58:12.120765,2020356,0.0,0.0
2021-07-30 05:58:12.120765,2020421,0.0,5.8
2021-07-30 05:58:12.278580,2526648,80.0,6.2
2021-07-30 05:58:12.278580,2020356,0.0,0.0
2021-07-30 05:58:12.278580,2020421,0.0,5.8
2021-07-30 05:58:12.435561,2526648,73.3,6.2
2021-07-30 05:58:12.435561,2020356,0.0,0.0
2021-07-30 05:58:12.435561,2020421,0.0,5.8
2021-07-30 05:58:12.592831,2526648,186.7,6.3
2021-07-30 05:58:12.592831,2020356,0.0,0.0
2021-07-30 05:58:12.592831,2020421,0.0,5.8
2021-07-30 05:58:12.750366,2526648,126.7,6.3
2021-07-30 05:58:12.750366,2020356,0.0,0.0
2021-07-30 05:58:12.750366,2020421,0.0,5.8
2021-07-30 05:58:12.907542,2526648,220.0,6.3
2021-07-30 05:58:12.907542,2020356,0.0,0.0
2021-07-30 05:58:12.907542,2020421,0.0,5.8
2021-07-30 05:58:13.064848,2526648,113.3,6.3
2021-07-30 05:58:13.064848,2020356,0.0,0.0
2021-07-30 05:58:13.064848,2020421,0.0,5.8
2021-07-30 05:58:13.223339,2526648,66.7,6.3
2021-07-30 05:58:13.223339,2020356,0.0,0.0
2021-07-30 05:58:13.223339,2020421,0.0,5.8
2021-07-30 05:58:13.380213,2526648,73.3,6.3
2021-07-30 05:58:13.380213,2020356,0.0,0.0
2021-07-30 05:58:13.380213,2020421,0.0,5.8
2021-07-30 05:58:13.538332,2020356,0.0,0.0
2021-07-30 05:58:13.538332,2020421,0.0,5.8
2021-07-30 05:58:13.695012,2020356,0.0,0.0
2021-07-30 05:58:13.695012,2020421,0.0,5.8
2021-07-30 05:58:13.852525,2020356,0.0,0.0
2021-07-30 05:58:13.852525,2020421,0.0,5.8
2021-07-30 05:58:14.010084,2020356,0.0,0.0
2021-07-30 05:58:14.010084,2020421,0.0,5.8
2021-07-30 05:58:14.167565,2020356,0.0,0.0
2021-07-30 05:58:14.167565,2020421,0.0,5.8
2021-07-30 05:58:14.325106,2020356,0.0,0.0
2021-07-30 05:58:14.325106,2020421,0.0,5.8
2021-07-30 05:58:14.482124,2020356,0.0,0.0
2021-07-30 05:58:14.482124,2020421,0.0,5.8
2021-07-30 05:58:14.639718,2020356,0.0,0.0
2021-07-30 05:58:14.639718,2020421,0.0,5.8
2021-07-30 05:58:14.796847,2020356,0.0,0.0
2021-07-30 05:58:14.796847,2020421,0.0,5.8
2021-07-30 05:58:14.953921,2020356,0.0,0.0
2021-07-30 05:58:14.953921,2020421,0.0,5.8
2021-07-30 05:58:15.111051,2020356,0.0,0.0
2021-07-30 05:58:15.111051,2020421,0.0,5.8
2021-07-30 05:58:15.268177,2020356,0.0,0.0
2021-07-30 05:58:15.268177,2020421,0.0,5.8
2021-07-30 05:58:15.425208,2020356,0.0,0.0
2021-07-30 05:58:15.425208,2020421,0.0,5.8
2021-07-30 05:58:15.582665,2020356,0.0,0.0
2021-07-30 05:58:15.582665,2020421,0.0,5.8
2021-07-30 05:58:15.740134,2020356,0.0,0.0
2021-07-30 05:58:15.740134,2020421,0.0,5.8
2021-07-30 05:58:15.897139,2020356,0.0,0.0
2021-07-30 05:58:15.897139,2020421,0.0,5.8
2021-07-30 05:58:16.054170,2020356,0.0,0.0
2021-07-30 05:58:16.054170,2020421,0.0,5.8
2021-07-30 05:58:16.211193,2020356,0.0,0.0
2021-07-30 05:58:16.211193,2020421,0.0,5.8
2021-07-30 05:58:16.368227,2020356,0.0,0.0
2021-07-30 05:58:16.368227,2020421,0.0,5.8
2021-07-30 05:58:16.525918,2020356,0.0,0.0
2021-07-30 05:58:16.525918,2020421,0.0,5.8
2021-07-30 05:58:16.683092,2020356,0.0,0.0
2021-07-30 05:58:16.683092,2020421,0.0,5.8
2021-07-30 05:58:16.840272,2020356,0.0,0.0
2021-07-30 05:58:16.840272,2020421,0.0,5.8
2021-07-30 05:58:16.997498,2020356,0.0,0.0
2021-07-30 05:58:16.997498,2020421,0.0,5.8
2021-07-30 05:58:17.154638,2020356,0.0,0.0
2021-07-30 05:58:17.154638,2020421,0.0,5.8
2021-07-30 05:58:17.311791,2020356,0.0,0.0
2021-07-30 05:58:17.311791,2020421,0.0,5.8
2021-07-30 05:58:17.468852,2020356,0.0,0.0
2021-07-30 05:58:17.468852,2020421,0.0,5.8
2021-07-30 05:58:17.626209,2020356,0.0,0.0
2021-07-30 05:58:17.626209,2020421,0.0,5.8
2021-07-30 05:58:17.783393,2020356,0.0,0.0
2021-07-30 05:58:17.783393,2020421,0.0,5.8
2021-07-30 05:58:17.940697,2020356,0.0,0.0
2021-07-30 05:58:17.940697,2020421,0.0,5.8
2021-07-30 05:58:18.097857,2020356,0.0,0.0
2021-07-30 05:58:18.097857,2020421,0.0,5.8
2021-07-30 05:58:18.254916,2020356,0.0,0.0
2021-07-30 05:58:18.254916,2020421,0.0,5.8
