timestamp,PID,CPU,RAM
2021-08-07 12:21:05.792905,1343266,0.0,0.0
2021-08-07 12:21:05.792905,1343329,0.0,4.2
2021-08-07 12:21:05.948472,1343266,0.0,0.0
2021-08-07 12:21:05.948472,1343329,0.0,4.2
2021-08-07 12:21:06.104018,1343266,0.0,0.0
2021-08-07 12:21:06.104018,1343329,0.0,4.2
2021-08-07 12:21:06.259556,1343266,0.0,0.0
2021-08-07 12:21:06.259556,1343329,0.0,4.2
2021-08-07 12:21:06.415233,1343266,0.0,0.0
2021-08-07 12:21:06.415233,1343329,0.0,4.2
2021-08-07 12:21:06.570777,1343266,0.0,0.0
2021-08-07 12:21:06.570777,1343329,0.0,4.2
2021-08-07 12:21:06.726245,1343266,0.0,0.0
2021-08-07 12:21:06.726245,1343329,0.0,4.2
2021-08-07 12:21:06.881725,1343266,0.0,0.0
2021-08-07 12:21:06.881725,1343329,0.0,4.2
2021-08-07 12:21:07.037205,1343266,0.0,0.0
2021-08-07 12:21:07.037205,1343329,0.0,4.2
2021-08-07 12:21:07.192754,1343266,0.0,0.0
2021-08-07 12:21:07.192754,1343329,0.0,4.2
2021-08-07 12:21:07.348599,1343266,0.0,0.0
2021-08-07 12:21:07.348599,1343329,0.0,4.2
2021-08-07 12:21:07.504481,1343266,0.0,0.0
2021-08-07 12:21:07.504481,1343329,0.0,4.2
2021-08-07 12:21:07.660534,1343266,0.0,0.0
2021-08-07 12:21:07.660534,1343329,0.0,4.2
2021-08-07 12:21:07.816257,1343266,0.0,0.0
2021-08-07 12:21:07.816257,1343329,0.0,4.2
2021-08-07 12:21:07.971787,1343266,0.0,0.0
2021-08-07 12:21:07.971787,1343329,0.0,4.2
2021-08-07 12:21:08.127268,1343266,0.0,0.0
2021-08-07 12:21:08.127268,1343329,0.0,4.2
2021-08-07 12:21:08.283002,1343266,0.0,0.0
2021-08-07 12:21:08.283002,1343329,0.0,4.2
2021-08-07 12:21:08.438501,1343266,0.0,0.0
2021-08-07 12:21:08.438501,1343329,0.0,4.2
2021-08-07 12:21:08.594036,1343266,0.0,0.0
2021-08-07 12:21:08.594036,1343329,0.0,4.2
2021-08-07 12:21:08.749568,1343266,0.0,0.0
2021-08-07 12:21:08.749568,1343329,0.0,4.2
2021-08-07 12:21:08.905330,1343266,0.0,0.0
2021-08-07 12:21:08.905330,1343329,0.0,4.2
2021-08-07 12:21:09.060882,1343266,0.0,0.0
2021-08-07 12:21:09.060882,1343329,0.0,4.2
2021-08-07 12:21:09.216547,1343266,0.0,0.0
2021-08-07 12:21:09.216547,1343329,0.0,4.2
2021-08-07 12:21:09.372175,1343329,13.3,4.2
2021-08-07 12:21:09.372175,1343266,0.0,0.0
2021-08-07 12:21:09.527959,1343266,0.0,0.0
2021-08-07 12:21:09.527959,1343329,0.0,4.2
2021-08-07 12:21:09.683676,1343266,0.0,0.0
2021-08-07 12:21:09.683676,1343329,0.0,4.2
2021-08-07 12:21:09.839960,1343266,0.0,0.0
2021-08-07 12:21:09.839960,1343329,0.0,4.2
2021-08-07 12:21:09.995637,1343266,0.0,0.0
2021-08-07 12:21:09.995637,1343329,0.0,4.2
2021-08-07 12:21:10.152056,1343266,0.0,0.0
2021-08-07 12:21:10.152056,1343329,0.0,4.2
2021-08-07 12:21:10.308593,1343266,0.0,0.0
2021-08-07 12:21:10.308593,1343329,0.0,4.2
2021-08-07 12:21:10.464243,1343266,0.0,0.0
2021-08-07 12:21:10.464243,1343329,0.0,4.2
2021-08-07 12:21:10.619918,1343266,0.0,0.0
2021-08-07 12:21:10.619918,1343329,0.0,4.2
2021-08-07 12:21:10.775845,1343266,0.0,0.0
2021-08-07 12:21:10.775845,1343329,0.0,4.2
2021-08-07 12:21:10.932450,1343266,0.0,0.0
2021-08-07 12:21:10.932450,1343329,0.0,4.2
2021-08-07 12:21:11.095303,1343266,0.0,0.0
2021-08-07 12:21:11.095303,1343329,0.0,4.2
2021-08-07 12:21:11.252469,1343266,0.0,0.0
2021-08-07 12:21:11.252469,1343329,0.0,4.2
2021-08-07 12:21:11.408908,1343266,0.0,0.0
2021-08-07 12:21:11.408908,1343329,0.0,4.2
2021-08-07 12:21:11.565690,1343266,0.0,0.0
2021-08-07 12:21:11.565690,1343329,0.0,4.2
2021-08-07 12:21:11.722220,1343266,0.0,0.0
2021-08-07 12:21:11.722220,1343329,0.0,4.2
2021-08-07 12:21:11.878646,1343266,0.0,0.0
2021-08-07 12:21:11.878646,1343329,0.0,4.2
2021-08-07 12:21:12.034387,1343266,0.0,0.0
2021-08-07 12:21:12.034387,1343329,0.0,4.2
2021-08-07 12:21:12.191491,1343329,13.3,4.2
2021-08-07 12:21:12.191491,1343266,0.0,0.0
2021-08-07 12:21:12.347954,1343266,0.0,0.0
2021-08-07 12:21:12.347954,1343329,0.0,4.2
2021-08-07 12:21:12.503948,1343266,0.0,0.0
2021-08-07 12:21:12.503948,1343329,0.0,4.2
2021-08-07 12:21:12.660312,1343266,0.0,0.0
2021-08-07 12:21:12.660312,1343329,0.0,4.2
2021-08-07 12:21:12.816436,1343266,0.0,0.0
2021-08-07 12:21:12.816436,1343329,0.0,4.2
2021-08-07 12:21:12.972696,1343266,0.0,0.0
2021-08-07 12:21:12.972696,1343329,0.0,4.2
2021-08-07 12:21:13.129054,1343266,0.0,0.0
2021-08-07 12:21:13.129054,1343329,0.0,4.2
2021-08-07 12:21:13.285270,1343266,0.0,0.0
2021-08-07 12:21:13.285270,1343329,0.0,4.2
2021-08-07 12:21:13.441577,1343266,0.0,0.0
2021-08-07 12:21:13.441577,1343329,0.0,4.2
2021-08-07 12:21:13.597633,1343266,0.0,0.0
2021-08-07 12:21:13.597633,1343329,0.0,4.2
2021-08-07 12:21:13.753802,1343266,0.0,0.0
2021-08-07 12:21:13.753802,1343329,0.0,4.2
2021-08-07 12:21:13.910062,1343266,0.0,0.0
2021-08-07 12:21:13.910062,1343329,0.0,4.2
2021-08-07 12:21:14.067034,1343266,0.0,0.0
2021-08-07 12:21:14.067034,1343329,0.0,4.2
2021-08-07 12:21:14.223219,1343266,0.0,0.0
2021-08-07 12:21:14.223219,1343329,0.0,4.2
2021-08-07 12:21:14.379453,1343266,0.0,0.0
2021-08-07 12:21:14.379453,1343329,0.0,4.2
2021-08-07 12:21:14.535508,1343266,0.0,0.0
2021-08-07 12:21:14.535508,1343329,0.0,4.2
2021-08-07 12:21:14.691099,1343266,0.0,0.0
2021-08-07 12:21:14.691099,1343329,0.0,4.2
2021-08-07 12:21:14.846671,1343266,0.0,0.0
2021-08-07 12:21:14.846671,1343329,0.0,4.2
2021-08-07 12:21:15.002437,1343266,0.0,0.0
2021-08-07 12:21:15.002437,1343329,0.0,4.2
2021-08-07 12:21:15.158236,1343266,0.0,0.0
2021-08-07 12:21:15.158236,1343329,0.0,4.2
2021-08-07 12:21:15.313767,1343266,0.0,0.0
2021-08-07 12:21:15.313767,1343329,0.0,4.2
2021-08-07 12:21:15.469265,1343266,0.0,0.0
2021-08-07 12:21:15.469265,1343329,0.0,4.2
2021-08-07 12:21:15.624815,1343266,0.0,0.0
2021-08-07 12:21:15.624815,1343329,0.0,4.2
2021-08-07 12:21:15.780394,1343266,0.0,0.0
2021-08-07 12:21:15.780394,1343329,0.0,4.2
2021-08-07 12:21:15.935855,1343266,0.0,0.0
2021-08-07 12:21:15.935855,1343329,0.0,4.2
2021-08-07 12:21:16.091328,1343266,0.0,0.0
2021-08-07 12:21:16.091328,1343329,0.0,4.2
2021-08-07 12:21:16.247074,1343266,0.0,0.0
2021-08-07 12:21:16.247074,1343329,0.0,4.2
2021-08-07 12:21:16.402697,1343266,0.0,0.0
2021-08-07 12:21:16.402697,1343329,0.0,4.2
2021-08-07 12:21:16.558293,1343266,0.0,0.0
2021-08-07 12:21:16.558293,1343329,0.0,4.2
2021-08-07 12:21:16.713779,1343266,0.0,0.0
2021-08-07 12:21:16.713779,1343329,0.0,4.2
2021-08-07 12:21:16.869313,1343266,0.0,0.0
2021-08-07 12:21:16.869313,1343329,0.0,4.2
2021-08-07 12:21:17.024828,1343266,0.0,0.0
2021-08-07 12:21:17.024828,1343329,0.0,4.2
2021-08-07 12:21:17.180326,1343266,0.0,0.0
2021-08-07 12:21:17.180326,1343329,0.0,4.2
2021-08-07 12:21:17.336589,1343266,0.0,0.0
2021-08-07 12:21:17.336589,1343329,0.0,4.2
2021-08-07 12:21:17.493446,1343266,0.0,0.0
2021-08-07 12:21:17.493446,1343329,0.0,4.2
2021-08-07 12:21:17.650210,1343266,0.0,0.0
2021-08-07 12:21:17.650210,1343329,0.0,4.2
2021-08-07 12:21:17.807175,1343266,0.0,0.0
2021-08-07 12:21:17.807175,1343329,0.0,4.2
2021-08-07 12:21:17.964938,1343266,0.0,0.0
2021-08-07 12:21:17.964938,1343329,0.0,4.2
2021-08-07 12:21:18.121388,1343266,0.0,0.0
2021-08-07 12:21:18.121388,1343329,0.0,4.2
2021-08-07 12:21:18.281240,1343266,0.0,0.0
2021-08-07 12:21:18.281240,1343329,0.0,4.2
2021-08-07 12:21:18.440671,1343266,0.0,0.0
2021-08-07 12:21:18.440671,1343329,0.0,4.2
2021-08-07 12:21:18.597345,1343266,0.0,0.0
2021-08-07 12:21:18.597345,1343329,0.0,4.2
2021-08-07 12:21:18.754247,1343266,0.0,0.0
2021-08-07 12:21:18.754247,1343329,0.0,4.2
2021-08-07 12:21:18.909988,1343266,0.0,0.0
2021-08-07 12:21:18.909988,1343329,0.0,4.2
2021-08-07 12:21:19.065967,1343266,0.0,0.0
2021-08-07 12:21:19.065967,1343329,0.0,4.2
2021-08-07 12:21:19.223050,1343266,0.0,0.0
2021-08-07 12:21:19.223050,1343329,0.0,4.2
2021-08-07 12:21:19.378894,1343266,0.0,0.0
2021-08-07 12:21:19.378894,1343329,0.0,4.2
2021-08-07 12:21:19.536238,1343266,0.0,0.0
2021-08-07 12:21:19.536238,1343329,0.0,4.2
2021-08-07 12:21:19.693173,1343266,0.0,0.0
2021-08-07 12:21:19.693173,1343329,0.0,4.2
2021-08-07 12:21:19.850167,1343266,0.0,0.0
2021-08-07 12:21:19.850167,1343329,0.0,4.2
2021-08-07 12:21:20.007250,1343266,0.0,0.0
2021-08-07 12:21:20.007250,1343329,0.0,4.2
2021-08-07 12:21:20.166888,1343266,0.0,0.0
2021-08-07 12:21:20.166888,1343329,0.0,4.2
2021-08-07 12:21:20.322628,1343266,0.0,0.0
2021-08-07 12:21:20.322628,1343329,0.0,4.2
2021-08-07 12:21:20.479959,1343266,0.0,0.0
2021-08-07 12:21:20.479959,1343329,0.0,4.2
2021-08-07 12:21:20.637032,1343266,0.0,0.0
2021-08-07 12:21:20.637032,1343329,0.0,4.2
2021-08-07 12:21:20.794186,1343266,0.0,0.0
2021-08-07 12:21:20.794186,1343329,0.0,4.2
2021-08-07 12:21:20.950700,1343266,0.0,0.0
2021-08-07 12:21:20.950700,1343329,0.0,4.2
2021-08-07 12:21:21.107701,1343266,0.0,0.0
2021-08-07 12:21:21.107701,1343329,0.0,4.2
2021-08-07 12:21:21.270578,1343266,0.0,0.0
2021-08-07 12:21:21.270578,1343329,0.0,4.2
2021-08-07 12:21:21.427585,1343266,0.0,0.0
2021-08-07 12:21:21.427585,1343329,0.0,4.2
2021-08-07 12:21:21.583311,1343266,0.0,0.0
2021-08-07 12:21:21.583311,1343329,0.0,4.2
2021-08-07 12:21:21.739403,1343266,0.0,0.0
2021-08-07 12:21:21.739403,1343329,0.0,4.2
2021-08-07 12:21:21.894537,1343266,0.0,0.0
2021-08-07 12:21:21.894537,1343329,0.0,4.2
2021-08-07 12:21:22.050762,1343266,0.0,0.0
2021-08-07 12:21:22.050762,1343329,0.0,4.2
2021-08-07 12:21:22.208428,1343266,0.0,0.0
2021-08-07 12:21:22.208428,1343329,0.0,4.2
2021-08-07 12:21:22.364380,1343266,0.0,0.0
2021-08-07 12:21:22.364380,1343329,0.0,4.2
2021-08-07 12:21:22.519657,1343266,0.0,0.0
2021-08-07 12:21:22.519657,1343329,0.0,4.2
2021-08-07 12:21:22.677364,1343266,0.0,0.0
2021-08-07 12:21:22.677364,1343329,0.0,4.2
2021-08-07 12:21:22.833957,1343266,0.0,0.0
2021-08-07 12:21:22.833957,1343329,0.0,4.2
2021-08-07 12:21:22.990700,1343266,0.0,0.0
2021-08-07 12:21:22.990700,1343329,0.0,4.2
2021-08-07 12:21:23.146903,1343266,0.0,0.0
2021-08-07 12:21:23.146903,1343329,0.0,4.2
2021-08-07 12:21:23.304051,1343266,0.0,0.0
2021-08-07 12:21:23.304051,1343329,0.0,4.2
2021-08-07 12:21:23.460094,1343266,0.0,0.0
2021-08-07 12:21:23.460094,1343329,0.0,4.2
2021-08-07 12:21:23.615230,1343266,0.0,0.0
2021-08-07 12:21:23.615230,1343329,0.0,4.2
2021-08-07 12:21:23.770283,1343266,0.0,0.0
2021-08-07 12:21:23.770283,1343329,0.0,4.2
2021-08-07 12:21:23.925065,1343266,0.0,0.0
2021-08-07 12:21:23.925065,1343329,0.0,4.2
2021-08-07 12:21:24.079980,1343266,0.0,0.0
2021-08-07 12:21:24.079980,1343329,0.0,4.2
2021-08-07 12:21:24.235096,1343266,0.0,0.0
2021-08-07 12:21:24.235096,1343329,0.0,4.2
2021-08-07 12:21:24.390283,1343266,0.0,0.0
2021-08-07 12:21:24.390283,1343329,0.0,4.2
2021-08-07 12:21:24.548701,1343266,0.0,0.0
2021-08-07 12:21:24.548701,1343329,0.0,4.2
2021-08-07 12:21:24.705652,1343329,13.3,4.2
2021-08-07 12:21:24.705652,1343266,0.0,0.0
2021-08-07 12:21:24.863014,1343266,0.0,0.0
2021-08-07 12:21:24.863014,1343329,0.0,4.2
2021-08-07 12:21:25.018355,1343266,0.0,0.0
2021-08-07 12:21:25.018355,1343329,0.0,4.2
2021-08-07 12:21:25.174382,1343266,0.0,0.0
2021-08-07 12:21:25.174382,1343329,0.0,4.2
2021-08-07 12:21:25.330145,1343266,0.0,0.0
2021-08-07 12:21:25.330145,1343329,0.0,4.2
2021-08-07 12:21:25.485981,1343266,0.0,0.0
2021-08-07 12:21:25.485981,1343329,0.0,4.2
2021-08-07 12:21:25.641066,1343266,0.0,0.0
2021-08-07 12:21:25.641066,1343329,0.0,4.2
2021-08-07 12:21:25.796849,1343266,0.0,0.0
2021-08-07 12:21:25.796849,1343329,0.0,4.2
2021-08-07 12:21:25.952237,1343266,0.0,0.0
2021-08-07 12:21:25.952237,1343329,0.0,4.2
2021-08-07 12:21:26.108195,1343266,0.0,0.0
2021-08-07 12:21:26.108195,1343329,0.0,4.2
2021-08-07 12:21:26.264239,1343266,0.0,0.0
2021-08-07 12:21:26.264239,1343329,0.0,4.2
2021-08-07 12:21:26.420814,1343266,0.0,0.0
2021-08-07 12:21:26.420814,1343329,0.0,4.2
2021-08-07 12:21:26.576405,1343266,0.0,0.0
2021-08-07 12:21:26.576405,1343329,0.0,4.2
2021-08-07 12:21:26.732368,1343266,0.0,0.0
2021-08-07 12:21:26.732368,1343329,0.0,4.2
2021-08-07 12:21:26.888055,1343266,0.0,0.0
2021-08-07 12:21:26.888055,1343329,0.0,4.2
2021-08-07 12:21:27.044559,1343266,0.0,0.0
2021-08-07 12:21:27.044559,1343329,0.0,4.2
2021-08-07 12:21:27.200924,1343266,0.0,0.0
2021-08-07 12:21:27.200924,1343329,0.0,4.2
2021-08-07 12:21:27.357015,1343266,0.0,0.0
2021-08-07 12:21:27.357015,1343329,0.0,4.2
2021-08-07 12:21:27.513687,1343266,0.0,0.0
2021-08-07 12:21:27.513687,1343329,0.0,4.2
2021-08-07 12:21:27.668820,1343266,0.0,0.0
2021-08-07 12:21:27.668820,1343329,0.0,4.2
2021-08-07 12:21:27.823928,1343266,0.0,0.0
2021-08-07 12:21:27.823928,1343329,0.0,4.2
2021-08-07 12:21:27.980699,1343266,0.0,0.0
2021-08-07 12:21:27.980699,1343329,0.0,4.2
2021-08-07 12:21:28.135831,1343266,0.0,0.0
2021-08-07 12:21:28.135831,1343329,0.0,4.2
2021-08-07 12:21:28.290480,1343266,0.0,0.0
2021-08-07 12:21:28.290480,1343329,0.0,4.2
2021-08-07 12:21:28.447662,1343266,0.0,0.0
2021-08-07 12:21:28.447662,1343329,0.0,4.2
2021-08-07 12:21:28.602824,1343266,0.0,0.0
2021-08-07 12:21:28.602824,1343329,0.0,4.2
2021-08-07 12:21:28.758948,1343266,0.0,0.0
2021-08-07 12:21:28.758948,1343329,0.0,4.2
2021-08-07 12:21:28.916800,1343266,0.0,0.0
2021-08-07 12:21:28.916800,1343329,0.0,4.2
2021-08-07 12:21:29.074538,1343266,0.0,0.0
2021-08-07 12:21:29.074538,1343329,0.0,4.2
2021-08-07 12:21:29.230820,1343266,0.0,0.0
2021-08-07 12:21:29.230820,1343329,0.0,4.2
2021-08-07 12:21:29.386858,1343266,0.0,0.0
2021-08-07 12:21:29.386858,1343329,0.0,4.2
2021-08-07 12:21:29.541640,1343266,0.0,0.0
2021-08-07 12:21:29.541640,1343329,0.0,4.2
2021-08-07 12:21:29.697044,1343266,0.0,0.0
2021-08-07 12:21:29.697044,1343329,0.0,4.2
2021-08-07 12:21:29.852245,1343266,0.0,0.0
2021-08-07 12:21:29.852245,1343329,0.0,4.2
2021-08-07 12:21:30.007666,1343266,0.0,0.0
2021-08-07 12:21:30.007666,1343329,0.0,4.2
2021-08-07 12:21:30.163277,1343266,0.0,0.0
2021-08-07 12:21:30.163277,1343329,0.0,4.2
2021-08-07 12:21:30.318926,1343266,0.0,0.0
2021-08-07 12:21:30.318926,1343329,0.0,4.2
2021-08-07 12:21:30.474529,1343266,0.0,0.0
2021-08-07 12:21:30.474529,1343329,0.0,4.2
2021-08-07 12:21:30.630024,1343266,0.0,0.0
2021-08-07 12:21:30.630024,1343329,0.0,4.2
2021-08-07 12:21:30.785760,1343266,0.0,0.0
2021-08-07 12:21:30.785760,1343329,0.0,4.2
2021-08-07 12:21:30.940418,1343266,0.0,0.0
2021-08-07 12:21:30.940418,1343329,0.0,4.2
2021-08-07 12:21:31.095033,1343266,0.0,0.0
2021-08-07 12:21:31.095033,1343329,0.0,4.2
2021-08-07 12:21:31.251028,1343266,0.0,0.0
2021-08-07 12:21:31.251028,1343329,0.0,4.2
2021-08-07 12:21:31.407080,1343266,0.0,0.0
2021-08-07 12:21:31.407080,1343329,0.0,4.2
2021-08-07 12:21:31.563001,1343266,0.0,0.0
2021-08-07 12:21:31.563001,1343329,0.0,4.2
2021-08-07 12:21:31.718540,1343266,0.0,0.0
2021-08-07 12:21:31.718540,1343329,0.0,4.2
2021-08-07 12:21:31.874286,1343266,0.0,0.0
2021-08-07 12:21:31.874286,1343329,0.0,4.2
2021-08-07 12:21:32.030118,1343266,0.0,0.0
2021-08-07 12:21:32.030118,1343329,0.0,4.2
2021-08-07 12:21:32.186088,1343266,0.0,0.0
2021-08-07 12:21:32.186088,1343329,0.0,4.2
2021-08-07 12:21:32.342630,1343266,0.0,0.0
2021-08-07 12:21:32.342630,1343329,0.0,4.2
2021-08-07 12:21:32.499126,1343266,0.0,0.0
2021-08-07 12:21:32.499126,1343329,0.0,4.2
2021-08-07 12:21:32.656028,1343266,0.0,0.0
2021-08-07 12:21:32.656028,1343329,0.0,4.2
2021-08-07 12:21:32.811839,1343266,0.0,0.0
2021-08-07 12:21:32.811839,1343329,0.0,4.2
2021-08-07 12:21:32.968229,1343266,0.0,0.0
2021-08-07 12:21:32.968229,1343329,0.0,4.2
2021-08-07 12:21:33.124213,1343266,0.0,0.0
2021-08-07 12:21:33.124213,1343329,0.0,4.2
2021-08-07 12:21:33.278944,1343266,0.0,0.0
2021-08-07 12:21:33.278944,1343329,0.0,4.2
2021-08-07 12:21:33.433670,1343266,0.0,0.0
2021-08-07 12:21:33.433670,1343329,0.0,4.2
2021-08-07 12:21:33.588799,1343266,0.0,0.0
2021-08-07 12:21:33.588799,1343329,0.0,4.2
2021-08-07 12:21:33.744848,1343266,0.0,0.0
2021-08-07 12:21:33.744848,1343329,0.0,4.2
2021-08-07 12:21:33.900098,1343266,0.0,0.0
2021-08-07 12:21:33.900098,1343329,0.0,4.2
2021-08-07 12:21:34.056553,1343329,6.7,4.2
2021-08-07 12:21:34.056553,1343266,0.0,0.0
2021-08-07 12:21:34.212100,1343266,0.0,0.0
2021-08-07 12:21:34.212100,1343329,0.0,4.2
2021-08-07 12:21:34.369047,1343266,0.0,0.0
2021-08-07 12:21:34.369047,1343329,0.0,4.2
2021-08-07 12:21:34.526547,1343266,0.0,0.0
2021-08-07 12:21:34.526547,1343329,0.0,4.2
2021-08-07 12:21:34.684813,1343266,0.0,0.0
2021-08-07 12:21:34.684813,1343329,0.0,4.2
2021-08-07 12:21:34.841594,1343266,0.0,0.0
2021-08-07 12:21:34.841594,1343329,0.0,4.2
2021-08-07 12:21:34.999599,1343266,0.0,0.0
2021-08-07 12:21:34.999599,1343329,0.0,4.2
2021-08-07 12:21:35.155792,1343266,0.0,0.0
2021-08-07 12:21:35.155792,1343329,0.0,4.2
2021-08-07 12:21:35.311103,1343266,0.0,0.0
2021-08-07 12:21:35.311103,1343329,0.0,4.2
2021-08-07 12:21:35.466406,1343266,0.0,0.0
2021-08-07 12:21:35.466406,1343329,0.0,4.2
2021-08-07 12:21:35.621567,1343266,0.0,0.0
2021-08-07 12:21:35.621567,1343329,0.0,4.2
2021-08-07 12:21:35.778184,1343266,0.0,0.0
2021-08-07 12:21:35.778184,1343329,0.0,4.2
2021-08-07 12:21:35.936245,1343266,0.0,0.0
2021-08-07 12:21:35.936245,1343329,0.0,4.2
2021-08-07 12:21:36.092843,1343266,0.0,0.0
2021-08-07 12:21:36.092843,1343329,0.0,4.2
2021-08-07 12:21:36.249240,1343266,0.0,0.0
2021-08-07 12:21:36.249240,1343329,0.0,4.2
2021-08-07 12:21:36.405149,1343266,0.0,0.0
2021-08-07 12:21:36.405149,1343329,0.0,4.2
2021-08-07 12:21:36.561070,1343266,0.0,0.0
2021-08-07 12:21:36.561070,1343329,0.0,4.2
2021-08-07 12:21:36.716364,1343266,0.0,0.0
2021-08-07 12:21:36.716364,1343329,0.0,4.2
2021-08-07 12:21:36.872055,1343266,0.0,0.0
2021-08-07 12:21:36.872055,1343329,0.0,4.2
2021-08-07 12:21:37.027796,1343266,0.0,0.0
2021-08-07 12:21:37.027796,1343329,0.0,4.2
2021-08-07 12:21:37.183052,1343266,0.0,0.0
2021-08-07 12:21:37.183052,1343329,0.0,4.2
2021-08-07 12:21:37.337707,1343266,0.0,0.0
2021-08-07 12:21:37.337707,1343329,0.0,4.2
2021-08-07 12:21:37.493502,1343266,0.0,0.0
2021-08-07 12:21:37.493502,1343329,0.0,4.2
2021-08-07 12:21:37.648645,1343266,0.0,0.0
2021-08-07 12:21:37.648645,1343329,0.0,4.2
2021-08-07 12:21:37.804285,1343266,0.0,0.0
2021-08-07 12:21:37.804285,1343329,0.0,4.2
2021-08-07 12:21:37.960168,1343266,0.0,0.0
2021-08-07 12:21:37.960168,1343329,0.0,4.2
2021-08-07 12:21:38.115270,1343266,0.0,0.0
2021-08-07 12:21:38.115270,1343329,0.0,4.2
2021-08-07 12:21:38.270846,1343266,0.0,0.0
2021-08-07 12:21:38.270846,1343329,0.0,4.2
2021-08-07 12:21:38.426397,1343266,0.0,0.0
2021-08-07 12:21:38.426397,1343329,0.0,4.2
2021-08-07 12:21:38.582222,1343266,0.0,0.0
2021-08-07 12:21:38.582222,1343329,0.0,4.2
2021-08-07 12:21:38.737063,1343266,0.0,0.0
2021-08-07 12:21:38.737063,1343329,0.0,4.2
2021-08-07 12:21:38.892298,1343266,0.0,0.0
2021-08-07 12:21:38.892298,1343329,0.0,4.2
2021-08-07 12:21:39.047889,1343266,0.0,0.0
2021-08-07 12:21:39.047889,1343329,0.0,4.2
2021-08-07 12:21:39.203222,1343266,0.0,0.0
2021-08-07 12:21:39.203222,1343329,0.0,4.2
2021-08-07 12:21:39.358232,1343266,0.0,0.0
2021-08-07 12:21:39.358232,1343329,0.0,4.2
2021-08-07 12:21:39.514227,1343266,0.0,0.0
2021-08-07 12:21:39.514227,1343329,0.0,4.2
2021-08-07 12:21:39.669535,1343266,0.0,0.0
2021-08-07 12:21:39.669535,1343329,0.0,4.2
2021-08-07 12:21:39.824632,1343266,0.0,0.0
2021-08-07 12:21:39.824632,1343329,0.0,4.2
2021-08-07 12:21:39.980585,1343266,0.0,0.0
2021-08-07 12:21:39.980585,1343329,0.0,4.2
2021-08-07 12:21:40.136671,1343266,0.0,0.0
2021-08-07 12:21:40.136671,1343329,0.0,4.2
2021-08-07 12:21:40.292627,1343266,0.0,0.0
2021-08-07 12:21:40.292627,1343329,0.0,4.2
2021-08-07 12:21:40.448377,1343266,0.0,0.0
2021-08-07 12:21:40.448377,1343329,0.0,4.2
2021-08-07 12:21:40.605334,1343266,0.0,0.0
2021-08-07 12:21:40.605334,1343329,0.0,4.2
2021-08-07 12:21:40.762119,1343266,0.0,0.0
2021-08-07 12:21:40.762119,1343329,0.0,4.2
2021-08-07 12:21:40.919307,1343266,0.0,0.0
2021-08-07 12:21:40.919307,1343329,0.0,4.2
2021-08-07 12:21:41.076058,1343266,0.0,0.0
2021-08-07 12:21:41.076058,1343329,0.0,4.2
2021-08-07 12:21:41.231910,1343266,0.0,0.0
2021-08-07 12:21:41.231910,1343329,0.0,4.2
2021-08-07 12:21:41.387439,1343266,0.0,0.0
2021-08-07 12:21:41.387439,1343329,0.0,4.2
2021-08-07 12:21:41.543097,1343266,0.0,0.0
2021-08-07 12:21:41.543097,1343329,0.0,4.2
2021-08-07 12:21:41.698855,1343266,0.0,0.0
2021-08-07 12:21:41.698855,1343329,0.0,4.2
2021-08-07 12:21:41.855264,1343266,0.0,0.0
2021-08-07 12:21:41.855264,1343329,0.0,4.2
2021-08-07 12:21:42.011618,1343266,0.0,0.0
2021-08-07 12:21:42.011618,1343329,0.0,4.2
2021-08-07 12:21:42.167337,1343266,0.0,0.0
2021-08-07 12:21:42.167337,1343329,0.0,4.2
2021-08-07 12:21:42.323878,1343266,0.0,0.0
2021-08-07 12:21:42.323878,1343329,0.0,4.2
2021-08-07 12:21:42.480534,1343266,0.0,0.0
2021-08-07 12:21:42.480534,1343329,0.0,4.2
2021-08-07 12:21:42.637106,1343266,0.0,0.0
2021-08-07 12:21:42.637106,1343329,0.0,4.2
2021-08-07 12:21:42.792335,1343266,0.0,0.0
2021-08-07 12:21:42.792335,1343329,0.0,4.2
2021-08-07 12:21:42.947430,1343266,0.0,0.0
2021-08-07 12:21:42.947430,1343329,0.0,4.2
2021-08-07 12:21:43.102457,1343266,0.0,0.0
2021-08-07 12:21:43.102457,1343329,0.0,4.2
2021-08-07 12:21:43.257867,1343266,0.0,0.0
2021-08-07 12:21:43.257867,1343329,0.0,4.2
2021-08-07 12:21:43.416601,1343266,0.0,0.0
2021-08-07 12:21:43.416601,1343329,0.0,4.2
2021-08-07 12:21:43.573169,1343266,0.0,0.0
2021-08-07 12:21:43.573169,1343329,0.0,4.2
2021-08-07 12:21:43.730934,1343266,0.0,0.0
2021-08-07 12:21:43.730934,1343329,0.0,4.2
2021-08-07 12:21:43.887531,1343266,0.0,0.0
2021-08-07 12:21:43.887531,1343329,0.0,4.2
2021-08-07 12:21:44.044015,1343266,0.0,0.0
2021-08-07 12:21:44.044015,1343329,0.0,4.2
2021-08-07 12:21:44.201793,1343266,0.0,0.0
2021-08-07 12:21:44.201793,1343329,0.0,4.2
2021-08-07 12:21:44.356771,1343266,0.0,0.0
2021-08-07 12:21:44.356771,1343329,0.0,4.2
2021-08-07 12:21:44.513186,1343266,0.0,0.0
2021-08-07 12:21:44.513186,1343329,0.0,4.2
2021-08-07 12:21:44.670192,1343266,0.0,0.0
2021-08-07 12:21:44.670192,1343329,0.0,4.2
2021-08-07 12:21:44.828647,1343266,0.0,0.0
2021-08-07 12:21:44.828647,1343329,0.0,4.2
2021-08-07 12:21:44.984094,1343266,0.0,0.0
2021-08-07 12:21:44.984094,1343329,0.0,4.2
2021-08-07 12:21:45.138791,1343266,0.0,0.0
2021-08-07 12:21:45.138791,1343329,0.0,4.2
2021-08-07 12:21:45.297002,1343266,0.0,0.0
2021-08-07 12:21:45.297002,1343329,0.0,4.2
2021-08-07 12:21:45.454341,1343266,0.0,0.0
2021-08-07 12:21:45.454341,1343329,0.0,4.2
2021-08-07 12:21:45.612235,1343266,0.0,0.0
2021-08-07 12:21:45.612235,1343329,0.0,4.2
2021-08-07 12:21:45.770126,1343266,0.0,0.0
2021-08-07 12:21:45.770126,1343329,0.0,4.2
2021-08-07 12:21:45.925748,1343266,0.0,0.0
2021-08-07 12:21:45.925748,1343329,0.0,4.2
2021-08-07 12:21:46.081098,1343266,0.0,0.0
2021-08-07 12:21:46.081098,1343329,0.0,4.2
2021-08-07 12:21:46.236038,1343266,0.0,0.0
2021-08-07 12:21:46.236038,1343329,0.0,4.2
2021-08-07 12:21:46.392218,1343266,0.0,0.0
2021-08-07 12:21:46.392218,1343329,0.0,4.2
2021-08-07 12:21:46.550334,1343266,0.0,0.0
2021-08-07 12:21:46.550334,1343329,0.0,4.2
2021-08-07 12:21:46.707896,1343266,0.0,0.0
2021-08-07 12:21:46.707896,1343329,0.0,4.2
2021-08-07 12:21:46.866301,1343266,0.0,0.0
2021-08-07 12:21:46.866301,1343329,0.0,4.2
2021-08-07 12:21:47.023515,1343266,0.0,0.0
2021-08-07 12:21:47.023515,1343329,0.0,4.2
2021-08-07 12:21:47.180114,1343266,0.0,0.0
2021-08-07 12:21:47.180114,1343329,0.0,4.2
2021-08-07 12:21:47.335264,1343266,0.0,0.0
2021-08-07 12:21:47.335264,1343329,0.0,4.2
2021-08-07 12:21:47.489976,1343266,0.0,0.0
2021-08-07 12:21:47.489976,1343329,0.0,4.2
2021-08-07 12:21:47.645753,1343266,0.0,0.0
2021-08-07 12:21:47.645753,1343329,0.0,4.2
2021-08-07 12:21:47.800755,1343266,0.0,0.0
2021-08-07 12:21:47.800755,1343329,0.0,4.2
2021-08-07 12:21:47.956619,1343266,0.0,0.0
2021-08-07 12:21:47.956619,1343329,0.0,4.2
2021-08-07 12:21:48.112215,1343266,0.0,0.0
2021-08-07 12:21:48.112215,1343329,0.0,4.2
2021-08-07 12:21:48.267444,1343266,0.0,0.0
2021-08-07 12:21:48.267444,1343329,0.0,4.2
2021-08-07 12:21:48.423115,1343266,0.0,0.0
2021-08-07 12:21:48.423115,1343329,0.0,4.2
2021-08-07 12:21:48.578949,1343266,0.0,0.0
2021-08-07 12:21:48.578949,1343329,0.0,4.2
2021-08-07 12:21:48.734693,1343266,0.0,0.0
2021-08-07 12:21:48.734693,1343329,0.0,4.2
2021-08-07 12:21:48.889328,1343266,0.0,0.0
2021-08-07 12:21:48.889328,1343329,0.0,4.2
2021-08-07 12:21:49.044016,1343266,0.0,0.0
2021-08-07 12:21:49.044016,1343329,0.0,4.2
2021-08-07 12:21:49.198635,1343266,0.0,0.0
2021-08-07 12:21:49.198635,1343329,0.0,4.2
2021-08-07 12:21:49.354181,1343266,0.0,0.0
2021-08-07 12:21:49.354181,1343329,0.0,4.2
2021-08-07 12:21:49.509576,1343266,0.0,0.0
2021-08-07 12:21:49.509576,1343329,0.0,4.2
2021-08-07 12:21:49.664732,1343266,0.0,0.0
2021-08-07 12:21:49.664732,1343329,0.0,4.2
2021-08-07 12:21:49.820283,1343266,0.0,0.0
2021-08-07 12:21:49.820283,1343329,0.0,4.2
2021-08-07 12:21:49.975798,1343266,0.0,0.0
2021-08-07 12:21:49.975798,1343329,0.0,4.2
2021-08-07 12:21:50.131099,1343266,0.0,0.0
2021-08-07 12:21:50.131099,1343329,0.0,4.2
2021-08-07 12:21:50.286992,1343266,0.0,0.0
2021-08-07 12:21:50.286992,1343329,0.0,4.2
2021-08-07 12:21:50.443019,1343266,0.0,0.0
2021-08-07 12:21:50.443019,1343329,0.0,4.2
2021-08-07 12:21:50.598292,1343266,0.0,0.0
2021-08-07 12:21:50.598292,1343329,0.0,4.2
2021-08-07 12:21:50.754359,1343266,0.0,0.0
2021-08-07 12:21:50.754359,1343329,0.0,4.2
2021-08-07 12:21:50.910381,1343266,0.0,0.0
2021-08-07 12:21:50.910381,1343329,0.0,4.2
2021-08-07 12:21:51.065688,1343266,0.0,0.0
2021-08-07 12:21:51.065688,1343329,0.0,4.2
2021-08-07 12:21:51.220587,1343266,0.0,0.0
2021-08-07 12:21:51.220587,1343329,0.0,4.2
2021-08-07 12:21:51.376009,1343266,0.0,0.0
2021-08-07 12:21:51.376009,1343329,0.0,4.2
2021-08-07 12:21:51.530834,1343266,0.0,0.0
2021-08-07 12:21:51.530834,1343329,0.0,4.2
2021-08-07 12:21:51.686735,1343266,0.0,0.0
2021-08-07 12:21:51.686735,1343329,0.0,4.2
2021-08-07 12:21:51.841667,1343266,0.0,0.0
2021-08-07 12:21:51.841667,1343329,0.0,4.2
2021-08-07 12:21:51.997309,1343266,0.0,0.0
2021-08-07 12:21:51.997309,1343329,0.0,4.2
2021-08-07 12:21:52.153094,1343266,0.0,0.0
2021-08-07 12:21:52.153094,1343329,0.0,4.2
2021-08-07 12:21:52.308392,1343266,0.0,0.0
2021-08-07 12:21:52.308392,1343329,0.0,4.2
2021-08-07 12:21:52.464361,1343266,0.0,0.0
2021-08-07 12:21:52.464361,1343329,0.0,4.2
2021-08-07 12:21:52.619801,1343266,0.0,0.0
2021-08-07 12:21:52.619801,1343329,0.0,4.2
2021-08-07 12:21:52.775638,1343266,0.0,0.0
2021-08-07 12:21:52.775638,1343329,0.0,4.2
2021-08-07 12:21:52.932443,1343266,0.0,0.0
2021-08-07 12:21:52.932443,1343329,0.0,4.2
2021-08-07 12:21:53.088543,1343266,0.0,0.0
2021-08-07 12:21:53.088543,1343329,0.0,4.2
2021-08-07 12:21:53.245315,1343266,0.0,0.0
2021-08-07 12:21:53.245315,1343329,0.0,4.2
2021-08-07 12:21:53.401225,1343266,0.0,0.0
2021-08-07 12:21:53.401225,1343329,0.0,4.2
2021-08-07 12:21:53.557379,1343266,0.0,0.0
2021-08-07 12:21:53.557379,1343329,0.0,4.2
2021-08-07 12:21:53.714324,1343266,0.0,0.0
2021-08-07 12:21:53.714324,1343329,0.0,4.2
2021-08-07 12:21:53.870423,1343266,0.0,0.0
2021-08-07 12:21:53.870423,1343329,0.0,4.2
2021-08-07 12:21:54.027004,1343266,0.0,0.0
2021-08-07 12:21:54.027004,1343329,0.0,4.2
2021-08-07 12:21:54.182658,1343266,0.0,0.0
2021-08-07 12:21:54.182658,1343329,0.0,4.2
2021-08-07 12:21:54.338328,1343266,0.0,0.0
2021-08-07 12:21:54.338328,1343329,0.0,4.2
2021-08-07 12:21:54.494966,1343266,0.0,0.0
2021-08-07 12:21:54.494966,1343329,0.0,4.2
2021-08-07 12:21:54.650638,1343266,0.0,0.0
2021-08-07 12:21:54.650638,1343329,0.0,4.2
2021-08-07 12:21:54.806893,1343266,0.0,0.0
2021-08-07 12:21:54.806893,1343329,0.0,4.2
2021-08-07 12:21:54.962641,1343266,0.0,0.0
2021-08-07 12:21:54.962641,1343329,0.0,4.2
2021-08-07 12:21:55.119097,1343266,0.0,0.0
2021-08-07 12:21:55.119097,1343329,0.0,4.2
2021-08-07 12:21:55.275637,1343266,0.0,0.0
2021-08-07 12:21:55.275637,1343329,0.0,4.2
2021-08-07 12:21:55.431380,1343266,0.0,0.0
2021-08-07 12:21:55.431380,1343329,0.0,4.2
2021-08-07 12:21:55.587839,1343266,0.0,0.0
2021-08-07 12:21:55.587839,1343329,0.0,4.2
2021-08-07 12:21:55.743534,1343266,0.0,0.0
2021-08-07 12:21:55.743534,1343329,0.0,4.2
2021-08-07 12:21:55.900095,1343266,0.0,0.0
2021-08-07 12:21:55.900095,1343329,0.0,4.2
2021-08-07 12:21:56.055836,1343266,0.0,0.0
2021-08-07 12:21:56.055836,1343329,0.0,4.2
2021-08-07 12:21:56.211280,1343266,0.0,0.0
2021-08-07 12:21:56.211280,1343329,0.0,4.2
2021-08-07 12:21:56.366447,1343266,0.0,0.0
2021-08-07 12:21:56.366447,1343329,0.0,4.2
2021-08-07 12:21:56.522873,1343266,0.0,0.0
2021-08-07 12:21:56.522873,1343329,0.0,4.2
2021-08-07 12:21:56.679380,1343266,0.0,0.0
2021-08-07 12:21:56.679380,1343329,0.0,4.2
2021-08-07 12:21:56.836398,1343266,0.0,0.0
2021-08-07 12:21:56.836398,1343329,0.0,4.2
2021-08-07 12:21:56.993514,1343266,0.0,0.0
2021-08-07 12:21:56.993514,1343329,0.0,4.2
2021-08-07 12:21:57.149433,1343266,0.0,0.0
2021-08-07 12:21:57.149433,1343329,0.0,4.2
2021-08-07 12:21:57.305822,1343266,0.0,0.0
2021-08-07 12:21:57.305822,1343329,0.0,4.2
2021-08-07 12:21:57.463694,1343266,0.0,0.0
2021-08-07 12:21:57.463694,1343329,0.0,4.2
2021-08-07 12:21:57.621468,1343329,6.7,4.2
2021-08-07 12:21:57.621468,1343266,0.0,0.0
2021-08-07 12:21:57.778004,1343266,0.0,0.0
2021-08-07 12:21:57.778004,1343329,0.0,4.2
2021-08-07 12:21:57.934264,1343266,0.0,0.0
2021-08-07 12:21:57.934264,1343329,0.0,4.2
2021-08-07 12:21:58.091255,1343266,0.0,0.0
2021-08-07 12:21:58.091255,1343329,0.0,4.2
2021-08-07 12:21:58.247538,1343266,0.0,0.0
2021-08-07 12:21:58.247538,1343329,0.0,4.2
2021-08-07 12:21:58.411187,1343266,0.0,0.0
2021-08-07 12:21:58.411187,1343329,0.0,4.2
2021-08-07 12:21:58.568828,1343266,0.0,0.0
2021-08-07 12:21:58.568828,1343329,0.0,4.2
2021-08-07 12:21:58.725393,1343266,0.0,0.0
2021-08-07 12:21:58.725393,1343329,0.0,4.2
2021-08-07 12:21:58.882963,1343266,0.0,0.0
2021-08-07 12:21:58.882963,1343329,0.0,4.2
2021-08-07 12:21:59.040631,1343266,0.0,0.0
2021-08-07 12:21:59.040631,1343329,0.0,4.2
2021-08-07 12:21:59.198670,1343266,0.0,0.0
2021-08-07 12:21:59.198670,1343329,0.0,4.2
2021-08-07 12:21:59.356309,1343266,0.0,0.0
2021-08-07 12:21:59.356309,1343329,0.0,4.2
2021-08-07 12:21:59.513600,1343266,0.0,0.0
2021-08-07 12:21:59.513600,1343329,0.0,4.2
2021-08-07 12:21:59.670506,1343266,0.0,0.0
2021-08-07 12:21:59.670506,1343329,0.0,4.2
2021-08-07 12:21:59.829542,1343266,0.0,0.0
2021-08-07 12:21:59.829542,1343329,0.0,4.2
2021-08-07 12:21:59.989731,1343266,0.0,0.0
2021-08-07 12:21:59.989731,1343329,0.0,4.2
2021-08-07 12:22:00.147773,1343266,0.0,0.0
2021-08-07 12:22:00.147773,1343329,0.0,4.2
2021-08-07 12:22:00.305674,1343266,0.0,0.0
2021-08-07 12:22:00.305674,1343329,0.0,4.2
2021-08-07 12:22:00.462958,1343266,0.0,0.0
2021-08-07 12:22:00.462958,1343329,0.0,4.2
2021-08-07 12:22:00.622292,1343266,0.0,0.0
2021-08-07 12:22:00.622292,1343329,0.0,4.2
2021-08-07 12:22:00.779256,1343266,0.0,0.0
2021-08-07 12:22:00.779256,1343329,0.0,4.2
2021-08-07 12:22:00.935952,1343266,0.0,0.0
2021-08-07 12:22:00.935952,1343329,0.0,4.2
2021-08-07 12:22:01.092081,1343266,0.0,0.0
2021-08-07 12:22:01.092081,1343329,0.0,4.2
2021-08-07 12:22:01.249759,1343266,0.0,0.0
2021-08-07 12:22:01.249759,1343329,0.0,4.2
2021-08-07 12:22:01.406299,1343266,0.0,0.0
2021-08-07 12:22:01.406299,1343329,0.0,4.2
2021-08-07 12:22:01.562732,1343266,0.0,0.0
2021-08-07 12:22:01.562732,1343329,0.0,4.2
2021-08-07 12:22:01.719472,1343266,0.0,0.0
2021-08-07 12:22:01.719472,1343329,0.0,4.2
2021-08-07 12:22:01.877425,1343266,0.0,0.0
2021-08-07 12:22:01.877425,1343329,0.0,4.2
2021-08-07 12:22:02.034172,1343266,0.0,0.0
2021-08-07 12:22:02.034172,1343329,0.0,4.2
2021-08-07 12:22:02.191756,1343266,0.0,0.0
2021-08-07 12:22:02.191756,1343329,0.0,4.2
2021-08-07 12:22:02.349845,1343266,0.0,0.0
2021-08-07 12:22:02.349845,1343329,0.0,4.2
2021-08-07 12:22:02.507262,1343266,0.0,0.0
2021-08-07 12:22:02.507262,1343329,0.0,4.2
2021-08-07 12:22:02.663766,1343266,0.0,0.0
2021-08-07 12:22:02.663766,1343329,0.0,4.2
2021-08-07 12:22:02.820475,1343266,0.0,0.0
2021-08-07 12:22:02.820475,1343329,0.0,4.2
2021-08-07 12:22:02.976863,1343266,0.0,0.0
2021-08-07 12:22:02.976863,1343329,0.0,4.2
2021-08-07 12:22:03.132303,1343266,0.0,0.0
2021-08-07 12:22:03.132303,1343329,0.0,4.2
2021-08-07 12:22:03.287577,1343266,0.0,0.0
2021-08-07 12:22:03.287577,1343329,0.0,4.2
2021-08-07 12:22:03.443283,1343266,0.0,0.0
2021-08-07 12:22:03.443283,1343329,0.0,4.2
2021-08-07 12:22:03.598309,1343266,0.0,0.0
2021-08-07 12:22:03.598309,1343329,0.0,4.2
2021-08-07 12:22:03.753770,1343266,0.0,0.0
2021-08-07 12:22:03.753770,1343329,0.0,4.2
2021-08-07 12:22:03.909447,1343266,0.0,0.0
2021-08-07 12:22:03.909447,1343329,0.0,4.2
2021-08-07 12:22:04.064222,1343266,0.0,0.0
2021-08-07 12:22:04.064222,1343329,0.0,4.2
2021-08-07 12:22:04.219260,1343266,0.0,0.0
2021-08-07 12:22:04.219260,1343329,0.0,4.2
2021-08-07 12:22:04.374988,1343266,0.0,0.0
2021-08-07 12:22:04.374988,1343329,0.0,4.2
2021-08-07 12:22:04.530992,1343266,0.0,0.0
2021-08-07 12:22:04.530992,1343329,0.0,4.2
2021-08-07 12:22:04.686959,1343266,0.0,0.0
2021-08-07 12:22:04.686959,1343329,0.0,4.2
2021-08-07 12:22:04.842529,1343266,0.0,0.0
2021-08-07 12:22:04.842529,1343329,0.0,4.2
2021-08-07 12:22:04.998421,1343266,0.0,0.0
2021-08-07 12:22:04.998421,1343329,0.0,4.2
2021-08-07 12:22:05.154220,1343266,0.0,0.0
2021-08-07 12:22:05.154220,1343329,0.0,4.2
2021-08-07 12:22:05.309946,1343266,0.0,0.0
2021-08-07 12:22:05.309946,1343329,0.0,4.2
2021-08-07 12:22:05.464992,1343266,0.0,0.0
2021-08-07 12:22:05.464992,1343329,0.0,4.2
2021-08-07 12:22:05.620409,1343266,0.0,0.0
2021-08-07 12:22:05.620409,1343329,0.0,4.2
2021-08-07 12:22:05.775514,1343266,0.0,0.0
2021-08-07 12:22:05.775514,1343329,0.0,4.2
2021-08-07 12:22:05.931163,1343266,0.0,0.0
2021-08-07 12:22:05.931163,1343329,0.0,4.2
2021-08-07 12:22:06.086713,1343266,0.0,0.0
2021-08-07 12:22:06.086713,1343329,0.0,4.2
2021-08-07 12:22:06.242464,1343266,0.0,0.0
2021-08-07 12:22:06.242464,1343329,0.0,4.2
2021-08-07 12:22:06.398548,1343266,0.0,0.0
2021-08-07 12:22:06.398548,1343329,0.0,4.2
2021-08-07 12:22:06.554384,1343266,0.0,0.0
2021-08-07 12:22:06.554384,1343329,0.0,4.2
2021-08-07 12:22:06.710048,1343266,0.0,0.0
2021-08-07 12:22:06.710048,1343329,0.0,4.2
2021-08-07 12:22:06.864688,1343266,0.0,0.0
2021-08-07 12:22:06.864688,1343329,0.0,4.2
2021-08-07 12:22:07.019578,1343266,0.0,0.0
2021-08-07 12:22:07.019578,1343329,0.0,4.2
2021-08-07 12:22:07.174845,1343266,0.0,0.0
2021-08-07 12:22:07.174845,1343329,0.0,4.2
2021-08-07 12:22:07.330562,1343266,0.0,0.0
2021-08-07 12:22:07.330562,1343329,0.0,4.2
2021-08-07 12:22:07.486533,1343266,0.0,0.0
2021-08-07 12:22:07.486533,1343329,0.0,4.2
2021-08-07 12:22:07.641823,1343266,0.0,0.0
2021-08-07 12:22:07.641823,1343329,0.0,4.2
2021-08-07 12:22:07.796569,1343266,0.0,0.0
2021-08-07 12:22:07.796569,1343329,0.0,4.2
2021-08-07 12:22:07.952325,1343266,0.0,0.0
2021-08-07 12:22:07.952325,1343329,0.0,4.2
2021-08-07 12:22:08.107655,1343266,0.0,0.0
2021-08-07 12:22:08.107655,1343329,0.0,4.2
2021-08-07 12:22:08.263571,1343266,0.0,0.0
2021-08-07 12:22:08.263571,1343329,0.0,4.2
2021-08-07 12:22:08.418877,1343266,0.0,0.0
2021-08-07 12:22:08.418877,1343329,0.0,4.2
2021-08-07 12:22:08.574568,1343266,0.0,0.0
2021-08-07 12:22:08.574568,1343329,0.0,4.2
2021-08-07 12:22:08.729980,1343266,0.0,0.0
2021-08-07 12:22:08.729980,1343329,0.0,4.2
2021-08-07 12:22:08.885962,1343266,0.0,0.0
2021-08-07 12:22:08.885962,1343329,0.0,4.2
2021-08-07 12:22:09.042340,1343266,0.0,0.0
2021-08-07 12:22:09.042340,1343329,0.0,4.2
2021-08-07 12:22:09.198070,1343266,0.0,0.0
2021-08-07 12:22:09.198070,1343329,0.0,4.2
2021-08-07 12:22:09.354071,1343266,0.0,0.0
2021-08-07 12:22:09.354071,1343329,0.0,4.2
2021-08-07 12:22:09.510953,1343266,0.0,0.0
2021-08-07 12:22:09.510953,1343329,0.0,4.2
2021-08-07 12:22:09.666949,1343266,0.0,0.0
2021-08-07 12:22:09.666949,1343329,0.0,4.2
2021-08-07 12:22:09.822891,1343266,0.0,0.0
2021-08-07 12:22:09.822891,1343329,0.0,4.2
2021-08-07 12:22:09.978858,1343266,0.0,0.0
2021-08-07 12:22:09.978858,1343329,0.0,4.2
2021-08-07 12:22:10.135227,1343266,0.0,0.0
2021-08-07 12:22:10.135227,1343329,0.0,4.2
2021-08-07 12:22:10.291148,1343266,0.0,0.0
2021-08-07 12:22:10.291148,1343329,0.0,4.2
2021-08-07 12:22:10.447326,1343266,0.0,0.0
2021-08-07 12:22:10.447326,1343329,0.0,4.2
2021-08-07 12:22:10.603152,1343266,0.0,0.0
2021-08-07 12:22:10.603152,1343329,0.0,4.2
2021-08-07 12:22:10.759241,1343266,0.0,0.0
2021-08-07 12:22:10.759241,1343329,0.0,4.2
2021-08-07 12:22:10.914824,1343266,0.0,0.0
2021-08-07 12:22:10.914824,1343329,0.0,4.2
2021-08-07 12:22:11.070637,1343266,0.0,0.0
2021-08-07 12:22:11.070637,1343329,0.0,4.2
2021-08-07 12:22:11.226285,1343266,0.0,0.0
2021-08-07 12:22:11.226285,1343329,0.0,4.2
2021-08-07 12:22:11.382896,1343266,0.0,0.0
2021-08-07 12:22:11.382896,1343329,0.0,4.2
2021-08-07 12:22:11.539138,1343266,0.0,0.0
2021-08-07 12:22:11.539138,1343329,0.0,4.2
2021-08-07 12:22:11.695045,1343266,0.0,0.0
2021-08-07 12:22:11.695045,1343329,0.0,4.2
2021-08-07 12:22:11.851591,1343266,0.0,0.0
2021-08-07 12:22:11.851591,1343329,0.0,4.2
2021-08-07 12:22:12.008046,1343266,0.0,0.0
2021-08-07 12:22:12.008046,1343329,0.0,4.2
2021-08-07 12:22:12.164442,1343266,0.0,0.0
2021-08-07 12:22:12.164442,1343329,0.0,4.2
2021-08-07 12:22:12.319678,1343266,0.0,0.0
2021-08-07 12:22:12.319678,1343329,0.0,4.2
2021-08-07 12:22:12.475382,1343266,0.0,0.0
2021-08-07 12:22:12.475382,1343329,0.0,4.2
2021-08-07 12:22:12.630661,1343266,0.0,0.0
2021-08-07 12:22:12.630661,1343329,0.0,4.2
2021-08-07 12:22:12.786458,1343266,0.0,0.0
2021-08-07 12:22:12.786458,1343329,0.0,4.2
2021-08-07 12:22:12.941944,1343266,0.0,0.0
2021-08-07 12:22:12.941944,1343329,0.0,4.2
2021-08-07 12:22:13.097505,1343266,0.0,0.0
2021-08-07 12:22:13.097505,1343329,0.0,4.2
2021-08-07 12:22:13.252723,1343266,0.0,0.0
2021-08-07 12:22:13.252723,1343329,0.0,4.2
2021-08-07 12:22:13.408205,1343266,0.0,0.0
2021-08-07 12:22:13.408205,1343329,0.0,4.2
2021-08-07 12:22:13.564858,1343266,0.0,0.0
2021-08-07 12:22:13.564858,1343329,0.0,4.2
2021-08-07 12:22:13.722065,1343266,0.0,0.0
2021-08-07 12:22:13.722065,1343329,0.0,4.2
2021-08-07 12:22:13.877632,1343266,0.0,0.0
2021-08-07 12:22:13.877632,1343329,0.0,4.2
2021-08-07 12:22:14.032836,1343266,0.0,0.0
2021-08-07 12:22:14.032836,1343329,0.0,4.2
2021-08-07 12:22:14.188583,1343266,0.0,0.0
2021-08-07 12:22:14.188583,1343329,0.0,4.2
2021-08-07 12:22:14.345064,1343266,0.0,0.0
2021-08-07 12:22:14.345064,1343329,0.0,4.2
2021-08-07 12:22:14.509678,1343266,0.0,0.0
2021-08-07 12:22:14.509678,1343329,0.0,4.2
2021-08-07 12:22:14.666114,1343266,0.0,0.0
2021-08-07 12:22:14.666114,1343329,0.0,4.2
2021-08-07 12:22:14.822960,1343266,0.0,0.0
2021-08-07 12:22:14.822960,1343329,0.0,4.2
2021-08-07 12:22:14.981030,1343266,0.0,0.0
2021-08-07 12:22:14.981030,1343329,0.0,4.2
2021-08-07 12:22:15.137526,1343266,0.0,0.0
2021-08-07 12:22:15.137526,1343329,0.0,4.2
2021-08-07 12:22:15.294190,1343266,0.0,0.0
2021-08-07 12:22:15.294190,1343329,0.0,4.2
2021-08-07 12:22:15.452975,1343266,0.0,0.0
2021-08-07 12:22:15.452975,1343329,0.0,4.2
2021-08-07 12:22:15.609204,1343266,0.0,0.0
2021-08-07 12:22:15.609204,1343329,0.0,4.2
2021-08-07 12:22:15.764953,1343266,0.0,0.0
2021-08-07 12:22:15.764953,1343329,0.0,4.2
2021-08-07 12:22:15.920529,1343266,0.0,0.0
2021-08-07 12:22:15.920529,1343329,0.0,4.2
2021-08-07 12:22:16.076090,1343266,0.0,0.0
2021-08-07 12:22:16.076090,1343329,0.0,4.2
2021-08-07 12:22:16.232832,1343266,0.0,0.0
2021-08-07 12:22:16.232832,1343329,0.0,4.2
2021-08-07 12:22:16.395858,1343266,0.0,0.0
2021-08-07 12:22:16.395858,1343329,0.0,4.2
2021-08-07 12:22:16.552305,1343266,0.0,0.0
2021-08-07 12:22:16.552305,1343329,0.0,4.2
2021-08-07 12:22:16.709363,1343266,0.0,0.0
2021-08-07 12:22:16.709363,1343329,0.0,4.2
2021-08-07 12:22:16.879935,1343266,0.0,0.0
2021-08-07 12:22:16.879935,1343329,0.0,4.2
2021-08-07 12:22:17.035453,1343266,0.0,0.0
2021-08-07 12:22:17.035453,1343329,0.0,4.2
2021-08-07 12:22:17.192258,1343266,0.0,0.0
2021-08-07 12:22:17.192258,1343329,0.0,4.2
2021-08-07 12:22:17.354751,1343266,0.0,0.0
2021-08-07 12:22:17.354751,1343329,0.0,4.2
2021-08-07 12:22:17.511337,1343266,0.0,0.0
2021-08-07 12:22:17.511337,1343329,0.0,4.2
2021-08-07 12:22:17.666418,1343266,0.0,0.0
2021-08-07 12:22:17.666418,1343329,0.0,4.2
2021-08-07 12:22:17.822231,1343266,0.0,0.0
2021-08-07 12:22:17.822231,1343329,0.0,4.2
2021-08-07 12:22:17.979441,1343266,0.0,0.0
2021-08-07 12:22:17.979441,1343329,0.0,4.2
2021-08-07 12:22:18.134992,1343266,0.0,0.0
2021-08-07 12:22:18.134992,1343329,0.0,4.2
2021-08-07 12:22:18.291381,1343266,0.0,0.0
2021-08-07 12:22:18.291381,1343329,0.0,4.2
2021-08-07 12:22:18.453823,1343266,0.0,0.0
2021-08-07 12:22:18.453823,1343329,0.0,4.2
2021-08-07 12:22:18.609597,1343266,0.0,0.0
2021-08-07 12:22:18.609597,1343329,0.0,4.2
2021-08-07 12:22:18.766280,1343266,0.0,0.0
2021-08-07 12:22:18.766280,1343329,0.0,4.2
2021-08-07 12:22:18.936009,1343266,0.0,0.0
2021-08-07 12:22:18.936009,1343329,0.0,4.2
2021-08-07 12:22:19.091778,1343329,6.7,4.2
2021-08-07 12:22:19.091778,1343266,0.0,0.0
2021-08-07 12:22:19.247597,1343266,0.0,0.0
2021-08-07 12:22:19.247597,1343329,0.0,4.2
2021-08-07 12:22:19.408708,1343266,0.0,0.0
2021-08-07 12:22:19.408708,1343329,0.0,4.2
2021-08-07 12:22:19.564200,1343266,0.0,0.0
2021-08-07 12:22:19.564200,1343329,0.0,4.2
2021-08-07 12:22:19.718963,1343266,0.0,0.0
2021-08-07 12:22:19.718963,1343329,0.0,4.2
2021-08-07 12:22:19.876078,1343266,0.0,0.0
2021-08-07 12:22:19.876078,1343329,0.0,4.2
2021-08-07 12:22:20.039011,1343266,0.0,0.0
2021-08-07 12:22:20.039011,1343329,0.0,4.2
2021-08-07 12:22:20.195812,1343266,0.0,0.0
2021-08-07 12:22:20.195812,1343329,0.0,4.2
2021-08-07 12:22:20.353006,1343266,0.0,0.0
2021-08-07 12:22:20.353006,1343329,0.0,4.2
2021-08-07 12:22:20.509985,1343266,0.0,0.0
2021-08-07 12:22:20.509985,1343329,0.0,4.2
2021-08-07 12:22:20.666476,1343266,0.0,0.0
2021-08-07 12:22:20.666476,1343329,0.0,4.2
2021-08-07 12:22:20.821336,1343266,0.0,0.0
2021-08-07 12:22:20.821336,1343329,0.0,4.2
2021-08-07 12:22:20.976325,1343266,0.0,0.0
2021-08-07 12:22:20.976325,1343329,0.0,4.2
2021-08-07 12:22:21.132135,1343266,0.0,0.0
2021-08-07 12:22:21.132135,1343329,0.0,4.2
2021-08-07 12:22:21.289649,1343266,0.0,0.0
2021-08-07 12:22:21.289649,1343329,0.0,4.2
2021-08-07 12:22:21.449611,1343266,0.0,0.0
2021-08-07 12:22:21.449611,1343329,0.0,4.2
2021-08-07 12:22:21.611477,1343266,0.0,0.0
2021-08-07 12:22:21.611477,1343329,0.0,4.2
2021-08-07 12:22:21.768975,1343266,0.0,0.0
2021-08-07 12:22:21.768975,1343329,0.0,4.2
2021-08-07 12:22:21.927482,1343266,0.0,0.0
2021-08-07 12:22:21.927482,1343329,0.0,4.2
2021-08-07 12:22:22.084830,1343266,0.0,0.0
2021-08-07 12:22:22.084830,1343329,0.0,4.2
2021-08-07 12:22:22.243061,1343266,0.0,0.0
2021-08-07 12:22:22.243061,1343329,0.0,4.2
2021-08-07 12:22:22.405171,1343266,0.0,0.0
2021-08-07 12:22:22.405171,1343329,0.0,4.2
2021-08-07 12:22:22.562728,1343266,0.0,0.0
2021-08-07 12:22:22.562728,1343329,0.0,4.2
2021-08-07 12:22:22.720366,1343266,0.0,0.0
2021-08-07 12:22:22.720366,1343329,0.0,4.2
2021-08-07 12:22:22.883155,1343266,0.0,0.0
2021-08-07 12:22:22.883155,1343329,0.0,4.2
2021-08-07 12:22:23.039387,1343266,0.0,0.0
2021-08-07 12:22:23.039387,1343329,0.0,4.2
2021-08-07 12:22:23.196743,1343266,0.0,0.0
2021-08-07 12:22:23.196743,1343329,0.0,4.2
2021-08-07 12:22:23.359905,1343266,0.0,0.0
2021-08-07 12:22:23.359905,1343329,0.0,4.2
2021-08-07 12:22:23.517699,1343266,0.0,0.0
2021-08-07 12:22:23.517699,1343329,0.0,4.2
2021-08-07 12:22:23.678195,1343266,0.0,0.0
2021-08-07 12:22:23.678195,1343329,0.0,4.2
2021-08-07 12:22:23.834791,1343266,0.0,0.0
2021-08-07 12:22:23.834791,1343329,0.0,4.2
2021-08-07 12:22:23.992571,1343266,0.0,0.0
2021-08-07 12:22:23.992571,1343329,0.0,4.2
2021-08-07 12:22:24.155894,1343266,0.0,0.0
2021-08-07 12:22:24.155894,1343329,0.0,4.2
2021-08-07 12:22:24.312579,1343266,0.0,0.0
2021-08-07 12:22:24.312579,1343329,0.0,4.2
2021-08-07 12:22:24.468849,1343266,0.0,0.0
2021-08-07 12:22:24.468849,1343329,0.0,4.2
2021-08-07 12:22:24.627950,1343266,0.0,0.0
2021-08-07 12:22:24.627950,1343329,0.0,4.2
2021-08-07 12:22:24.785810,1343266,0.0,0.0
2021-08-07 12:22:24.785810,1343329,0.0,4.2
2021-08-07 12:22:24.947630,1343266,0.0,0.0
2021-08-07 12:22:24.947630,1343329,0.0,4.2
2021-08-07 12:22:25.103320,1343266,0.0,0.0
2021-08-07 12:22:25.103320,1343329,0.0,4.2
2021-08-07 12:22:25.260193,1343266,0.0,0.0
2021-08-07 12:22:25.260193,1343329,0.0,4.2
2021-08-07 12:22:25.423661,1343266,0.0,0.0
2021-08-07 12:22:25.423661,1343329,0.0,4.2
2021-08-07 12:22:25.580878,1343266,0.0,0.0
2021-08-07 12:22:25.580878,1343329,0.0,4.2
2021-08-07 12:22:25.742147,1343266,0.0,0.0
2021-08-07 12:22:25.742147,1343329,0.0,4.2
2021-08-07 12:22:25.898298,1343266,0.0,0.0
2021-08-07 12:22:25.898298,1343329,0.0,4.2
2021-08-07 12:22:26.053398,1343266,0.0,0.0
2021-08-07 12:22:26.053398,1343329,0.0,4.2
2021-08-07 12:22:26.208706,1343266,0.0,0.0
2021-08-07 12:22:26.208706,1343329,0.0,4.2
2021-08-07 12:22:26.364972,1343266,0.0,0.0
2021-08-07 12:22:26.364972,1343329,0.0,4.2
2021-08-07 12:22:26.519903,1343266,0.0,0.0
2021-08-07 12:22:26.519903,1343329,0.0,4.2
2021-08-07 12:22:26.675532,1343266,0.0,0.0
2021-08-07 12:22:26.675532,1343329,0.0,4.2
2021-08-07 12:22:26.834207,1343266,0.0,0.0
2021-08-07 12:22:26.834207,1343329,0.0,4.2
2021-08-07 12:22:26.991409,1343266,0.0,0.0
2021-08-07 12:22:26.991409,1343329,0.0,4.2
2021-08-07 12:22:27.149451,1343266,0.0,0.0
2021-08-07 12:22:27.149451,1343329,0.0,4.2
2021-08-07 12:22:27.307273,1343266,0.0,0.0
2021-08-07 12:22:27.307273,1343329,0.0,4.2
2021-08-07 12:22:27.468328,1343266,0.0,0.0
2021-08-07 12:22:27.468328,1343329,0.0,4.2
2021-08-07 12:22:27.624731,1343266,0.0,0.0
2021-08-07 12:22:27.624731,1343329,0.0,4.2
2021-08-07 12:22:27.780507,1343266,0.0,0.0
2021-08-07 12:22:27.780507,1343329,0.0,4.2
2021-08-07 12:22:27.936499,1343266,0.0,0.0
2021-08-07 12:22:27.936499,1343329,0.0,4.2
2021-08-07 12:22:28.092422,1343266,0.0,0.0
2021-08-07 12:22:28.092422,1343329,0.0,4.2
2021-08-07 12:22:28.247724,1343266,0.0,0.0
2021-08-07 12:22:28.247724,1343329,0.0,4.2
2021-08-07 12:22:28.403236,1343266,0.0,0.0
2021-08-07 12:22:28.403236,1343329,0.0,4.2
2021-08-07 12:22:28.558486,1343266,0.0,0.0
2021-08-07 12:22:28.558486,1343329,0.0,4.2
2021-08-07 12:22:28.714398,1343266,0.0,0.0
2021-08-07 12:22:28.714398,1343329,0.0,4.2
2021-08-07 12:22:28.869716,1343266,0.0,0.0
2021-08-07 12:22:28.869716,1343329,0.0,4.2
2021-08-07 12:22:29.025550,1343266,0.0,0.0
2021-08-07 12:22:29.025550,1343329,0.0,4.2
2021-08-07 12:22:29.181952,1343266,0.0,0.0
2021-08-07 12:22:29.181952,1343329,0.0,4.2
2021-08-07 12:22:29.338439,1343266,0.0,0.0
2021-08-07 12:22:29.338439,1343329,0.0,4.2
2021-08-07 12:22:29.493438,1343266,0.0,0.0
2021-08-07 12:22:29.493438,1343329,0.0,4.2
2021-08-07 12:22:29.648623,1343266,0.0,0.0
2021-08-07 12:22:29.648623,1343329,0.0,4.2
2021-08-07 12:22:29.804160,1343266,0.0,0.0
2021-08-07 12:22:29.804160,1343329,0.0,4.2
2021-08-07 12:22:29.959689,1343266,0.0,0.0
2021-08-07 12:22:29.959689,1343329,0.0,4.2
2021-08-07 12:22:30.115285,1343266,0.0,0.0
2021-08-07 12:22:30.115285,1343329,0.0,4.2
2021-08-07 12:22:30.270340,1343266,0.0,0.0
2021-08-07 12:22:30.270340,1343329,0.0,4.2
2021-08-07 12:22:30.426247,1343266,0.0,0.0
2021-08-07 12:22:30.426247,1343329,0.0,4.2
2021-08-07 12:22:30.581314,1343266,0.0,0.0
2021-08-07 12:22:30.581314,1343329,0.0,4.2
2021-08-07 12:22:30.736327,1343266,0.0,0.0
2021-08-07 12:22:30.736327,1343329,0.0,4.2
2021-08-07 12:22:30.891885,1343266,0.0,0.0
2021-08-07 12:22:30.891885,1343329,0.0,4.2
2021-08-07 12:22:31.046962,1343266,0.0,0.0
2021-08-07 12:22:31.046962,1343329,0.0,4.2
2021-08-07 12:22:31.202456,1343266,0.0,0.0
2021-08-07 12:22:31.202456,1343329,0.0,4.2
2021-08-07 12:22:31.357834,1343266,0.0,0.0
2021-08-07 12:22:31.357834,1343329,0.0,4.2
2021-08-07 12:22:31.513425,1343266,0.0,0.0
2021-08-07 12:22:31.513425,1343329,0.0,4.2
2021-08-07 12:22:31.668842,1343266,0.0,0.0
2021-08-07 12:22:31.668842,1343329,0.0,4.2
2021-08-07 12:22:31.824080,1343266,0.0,0.0
2021-08-07 12:22:31.824080,1343329,0.0,4.2
2021-08-07 12:22:31.979938,1343266,0.0,0.0
2021-08-07 12:22:31.979938,1343329,0.0,4.2
2021-08-07 12:22:32.134944,1343266,0.0,0.0
2021-08-07 12:22:32.134944,1343329,0.0,4.2
2021-08-07 12:22:32.290845,1343266,0.0,0.0
2021-08-07 12:22:32.290845,1343329,0.0,4.2
2021-08-07 12:22:32.445674,1343266,0.0,0.0
2021-08-07 12:22:32.445674,1343329,0.0,4.2
2021-08-07 12:22:32.601194,1343266,0.0,0.0
2021-08-07 12:22:32.601194,1343329,0.0,4.2
2021-08-07 12:22:32.756701,1343266,0.0,0.0
2021-08-07 12:22:32.756701,1343329,0.0,4.2
2021-08-07 12:22:32.912102,1343266,0.0,0.0
2021-08-07 12:22:32.912102,1343329,0.0,4.2
2021-08-07 12:22:33.068076,1343266,0.0,0.0
2021-08-07 12:22:33.068076,1343329,0.0,4.2
2021-08-07 12:22:33.223253,1343329,6.7,4.2
2021-08-07 12:22:33.223253,1343266,0.0,0.0
2021-08-07 12:22:33.379111,1343266,0.0,0.0
2021-08-07 12:22:33.379111,1343329,0.0,4.2
2021-08-07 12:22:33.534372,1343266,0.0,0.0
2021-08-07 12:22:33.534372,1343329,0.0,4.2
2021-08-07 12:22:33.689900,1343266,0.0,0.0
2021-08-07 12:22:33.689900,1343329,0.0,4.2
2021-08-07 12:22:33.845495,1343266,0.0,0.0
2021-08-07 12:22:33.845495,1343329,0.0,4.2
2021-08-07 12:22:34.000632,1343266,0.0,0.0
2021-08-07 12:22:34.000632,1343329,0.0,4.2
2021-08-07 12:22:34.155957,1343266,0.0,0.0
2021-08-07 12:22:34.155957,1343329,0.0,4.2
2021-08-07 12:22:34.312266,1343266,0.0,0.0
2021-08-07 12:22:34.312266,1343329,0.0,4.2
2021-08-07 12:22:34.467762,1343266,0.0,0.0
2021-08-07 12:22:34.467762,1343329,0.0,4.2
2021-08-07 12:22:34.623863,1343266,0.0,0.0
2021-08-07 12:22:34.623863,1343329,0.0,4.2
2021-08-07 12:22:34.778982,1343266,0.0,0.0
2021-08-07 12:22:34.778982,1343329,0.0,4.2
2021-08-07 12:22:34.933999,1343266,0.0,0.0
2021-08-07 12:22:34.933999,1343329,0.0,4.2
2021-08-07 12:22:35.090363,1343266,0.0,0.0
2021-08-07 12:22:35.090363,1343329,0.0,4.2
2021-08-07 12:22:35.245541,1343266,0.0,0.0
2021-08-07 12:22:35.245541,1343329,0.0,4.2
2021-08-07 12:22:35.401556,1343266,0.0,0.0
2021-08-07 12:22:35.401556,1343329,0.0,4.2
2021-08-07 12:22:35.557021,1343266,0.0,0.0
2021-08-07 12:22:35.557021,1343329,0.0,4.2
2021-08-07 12:22:35.712630,1343266,0.0,0.0
2021-08-07 12:22:35.712630,1343329,0.0,4.2
2021-08-07 12:22:35.869192,1343266,0.0,0.0
2021-08-07 12:22:35.869192,1343329,0.0,4.2
2021-08-07 12:22:36.026133,1343266,0.0,0.0
2021-08-07 12:22:36.026133,1343329,0.0,4.2
2021-08-07 12:22:36.183089,1343266,0.0,0.0
2021-08-07 12:22:36.183089,1343329,0.0,4.2
2021-08-07 12:22:36.339256,1343266,0.0,0.0
2021-08-07 12:22:36.339256,1343329,0.0,4.2
2021-08-07 12:22:36.497055,1343266,0.0,0.0
2021-08-07 12:22:36.497055,1343329,0.0,4.2
2021-08-07 12:22:36.654004,1343266,0.0,0.0
2021-08-07 12:22:36.654004,1343329,0.0,4.2
2021-08-07 12:22:36.810685,1343266,0.0,0.0
2021-08-07 12:22:36.810685,1343329,0.0,4.2
2021-08-07 12:22:36.968089,1343266,0.0,0.0
2021-08-07 12:22:36.968089,1343329,0.0,4.2
2021-08-07 12:22:37.124568,1343266,0.0,0.0
2021-08-07 12:22:37.124568,1343329,0.0,4.2
2021-08-07 12:22:37.281764,1343266,0.0,0.0
2021-08-07 12:22:37.281764,1343329,0.0,4.2
2021-08-07 12:22:37.439012,1343266,0.0,0.0
2021-08-07 12:22:37.439012,1343329,0.0,4.2
2021-08-07 12:22:37.596228,1343266,0.0,0.0
2021-08-07 12:22:37.596228,1343329,0.0,4.2
2021-08-07 12:22:37.752716,1343266,0.0,0.0
2021-08-07 12:22:37.752716,1343329,0.0,4.2
2021-08-07 12:22:37.910356,1343329,6.7,4.2
2021-08-07 12:22:37.910356,1343266,0.0,0.0
2021-08-07 12:22:38.068140,1343266,0.0,0.0
2021-08-07 12:22:38.068140,1343329,0.0,4.2
2021-08-07 12:22:38.225482,1343266,0.0,0.0
2021-08-07 12:22:38.225482,1343329,0.0,4.2
2021-08-07 12:22:38.382496,1343266,0.0,0.0
2021-08-07 12:22:38.382496,1343329,0.0,4.2
2021-08-07 12:22:38.539685,1343266,0.0,0.0
2021-08-07 12:22:38.539685,1343329,0.0,4.2
2021-08-07 12:22:38.698826,1343266,0.0,0.0
2021-08-07 12:22:38.698826,1343329,0.0,4.2
2021-08-07 12:22:38.856523,1343266,0.0,0.0
2021-08-07 12:22:38.856523,1343329,0.0,4.2
2021-08-07 12:22:39.012866,1343266,0.0,0.0
2021-08-07 12:22:39.012866,1343329,0.0,4.2
2021-08-07 12:22:39.171077,1343266,0.0,0.0
2021-08-07 12:22:39.171077,1343329,0.0,4.2
2021-08-07 12:22:39.327974,1343266,0.0,0.0
2021-08-07 12:22:39.327974,1343329,0.0,4.2
2021-08-07 12:22:39.485397,1343266,0.0,0.0
2021-08-07 12:22:39.485397,1343329,0.0,4.2
2021-08-07 12:22:39.643767,1343266,0.0,0.0
2021-08-07 12:22:39.643767,1343329,0.0,4.2
2021-08-07 12:22:39.801053,1343329,6.7,4.2
2021-08-07 12:22:39.801053,1343266,0.0,0.0
2021-08-07 12:22:39.961346,1343266,0.0,0.0
2021-08-07 12:22:39.961346,1343329,0.0,4.2
2021-08-07 12:22:40.117925,1343266,0.0,0.0
2021-08-07 12:22:40.117925,1343329,0.0,4.2
2021-08-07 12:22:40.275228,1343329,6.2,4.2
2021-08-07 12:22:40.275228,1343266,0.0,0.0
2021-08-07 12:22:40.431737,1343266,0.0,0.0
2021-08-07 12:22:40.431737,1343329,0.0,4.2
2021-08-07 12:22:40.588372,1343266,0.0,0.0
2021-08-07 12:22:40.588372,1343329,0.0,4.2
2021-08-07 12:22:40.744372,1343266,0.0,0.0
2021-08-07 12:22:40.744372,1343329,0.0,4.2
2021-08-07 12:22:40.900542,1343266,0.0,0.0
2021-08-07 12:22:40.900542,1343329,0.0,4.2
2021-08-07 12:22:41.058057,1343266,0.0,0.0
2021-08-07 12:22:41.058057,1343329,0.0,4.2
2021-08-07 12:22:41.216039,1343266,0.0,0.0
2021-08-07 12:22:41.216039,1343329,0.0,4.2
2021-08-07 12:22:41.376103,1343329,6.7,4.2
2021-08-07 12:22:41.376103,1343266,0.0,0.0
2021-08-07 12:22:41.533559,1343266,0.0,0.0
2021-08-07 12:22:41.533559,1343329,0.0,4.2
2021-08-07 12:22:41.691473,1343266,0.0,0.0
2021-08-07 12:22:41.691473,1343329,0.0,4.2
2021-08-07 12:22:41.849578,1343266,0.0,0.0
2021-08-07 12:22:41.849578,1343329,0.0,4.2
2021-08-07 12:22:42.006952,1343266,0.0,0.0
2021-08-07 12:22:42.006952,1343329,0.0,4.2
2021-08-07 12:22:42.164793,1343266,0.0,0.0
2021-08-07 12:22:42.164793,1343329,0.0,4.2
2021-08-07 12:22:42.322227,1343266,0.0,0.0
2021-08-07 12:22:42.322227,1343329,0.0,4.2
2021-08-07 12:22:42.483499,1343266,0.0,0.0
2021-08-07 12:22:42.483499,1343329,0.0,4.2
2021-08-07 12:22:42.641594,1343266,0.0,0.0
2021-08-07 12:22:42.641594,1343329,0.0,4.2
2021-08-07 12:22:42.799915,1343266,0.0,0.0
2021-08-07 12:22:42.799915,1343329,0.0,4.2
2021-08-07 12:22:42.956662,1343266,0.0,0.0
2021-08-07 12:22:42.956662,1343329,0.0,4.2
2021-08-07 12:22:43.117086,1343266,0.0,0.0
2021-08-07 12:22:43.117086,1343329,0.0,4.2
2021-08-07 12:22:43.274779,1343266,0.0,0.0
2021-08-07 12:22:43.274779,1343329,0.0,4.2
2021-08-07 12:22:43.432753,1343329,6.7,4.2
2021-08-07 12:22:43.432753,1343266,0.0,0.0
2021-08-07 12:22:43.590569,1343266,0.0,0.0
2021-08-07 12:22:43.590569,1343329,0.0,4.2
2021-08-07 12:22:43.749612,1343266,0.0,0.0
2021-08-07 12:22:43.749612,1343329,0.0,4.2
2021-08-07 12:22:43.907027,1343266,0.0,0.0
2021-08-07 12:22:43.907027,1343329,0.0,4.2
2021-08-07 12:22:44.063769,1343266,0.0,0.0
2021-08-07 12:22:44.063769,1343329,0.0,4.2
2021-08-07 12:22:44.219149,1343266,0.0,0.0
2021-08-07 12:22:44.219149,1343329,0.0,4.2
2021-08-07 12:22:44.374082,1343266,0.0,0.0
2021-08-07 12:22:44.374082,1343329,0.0,4.2
2021-08-07 12:22:44.528803,1343266,0.0,0.0
2021-08-07 12:22:44.528803,1343329,0.0,4.2
2021-08-07 12:22:44.683424,1343266,0.0,0.0
2021-08-07 12:22:44.683424,1343329,0.0,4.2
2021-08-07 12:22:44.838247,1343266,0.0,0.0
2021-08-07 12:22:44.838247,1343329,0.0,4.2
2021-08-07 12:22:44.994319,1343266,0.0,0.0
2021-08-07 12:22:44.994319,1343329,0.0,4.2
2021-08-07 12:22:45.149914,1343329,6.7,4.2
2021-08-07 12:22:45.149914,1343266,0.0,0.0
2021-08-07 12:22:45.305952,1343266,0.0,0.0
2021-08-07 12:22:45.305952,1343329,0.0,4.2
2021-08-07 12:22:45.461739,1343266,0.0,0.0
2021-08-07 12:22:45.461739,1343329,0.0,4.2
2021-08-07 12:22:45.617314,1343266,0.0,0.0
2021-08-07 12:22:45.617314,1343329,0.0,4.2
2021-08-07 12:22:45.772810,1343266,0.0,0.0
2021-08-07 12:22:45.772810,1343329,0.0,4.2
2021-08-07 12:22:45.928360,1343266,0.0,0.0
2021-08-07 12:22:45.928360,1343329,0.0,4.2
2021-08-07 12:22:46.083905,1343266,0.0,0.0
2021-08-07 12:22:46.083905,1343329,0.0,4.2
2021-08-07 12:22:46.239710,1343266,0.0,0.0
2021-08-07 12:22:46.239710,1343329,0.0,4.2
2021-08-07 12:22:46.395609,1343266,0.0,0.0
2021-08-07 12:22:46.395609,1343329,0.0,4.2
2021-08-07 12:22:46.551425,1343266,0.0,0.0
2021-08-07 12:22:46.551425,1343329,0.0,4.2
2021-08-07 12:22:46.707071,1343266,0.0,0.0
2021-08-07 12:22:46.707071,1343329,0.0,4.2
2021-08-07 12:22:46.862653,1343266,0.0,0.0
2021-08-07 12:22:46.862653,1343329,0.0,4.2
2021-08-07 12:22:47.018238,1343266,0.0,0.0
2021-08-07 12:22:47.018238,1343329,0.0,4.2
2021-08-07 12:22:47.173791,1343266,0.0,0.0
2021-08-07 12:22:47.173791,1343329,0.0,4.2
2021-08-07 12:22:47.329588,1343266,0.0,0.0
2021-08-07 12:22:47.329588,1343329,0.0,4.2
2021-08-07 12:22:47.485114,1343266,0.0,0.0
2021-08-07 12:22:47.485114,1343329,0.0,4.2
2021-08-07 12:22:47.640779,1343266,0.0,0.0
2021-08-07 12:22:47.640779,1343329,0.0,4.2
2021-08-07 12:22:47.796417,1343266,0.0,0.0
2021-08-07 12:22:47.796417,1343329,0.0,4.2
2021-08-07 12:22:47.951935,1343266,0.0,0.0
2021-08-07 12:22:47.951935,1343329,0.0,4.2
2021-08-07 12:22:48.107724,1343266,0.0,0.0
2021-08-07 12:22:48.107724,1343329,0.0,4.2
2021-08-07 12:22:48.263594,1343329,20.0,4.2
2021-08-07 12:22:48.263594,1343266,0.0,0.0
