timestamp,PID,CPU,RAM
2021-08-06 04:18:48.889203,3912504,0.0,0.0
2021-08-06 04:18:48.889203,3912567,0.0,3.9
2021-08-06 04:18:49.046741,3912504,0.0,0.0
2021-08-06 04:18:49.046741,3912567,0.0,3.9
2021-08-06 04:18:49.204044,3912504,0.0,0.0
2021-08-06 04:18:49.204044,3912567,0.0,3.9
2021-08-06 04:18:49.361259,3912504,0.0,0.0
2021-08-06 04:18:49.361259,3912567,0.0,3.9
2021-08-06 04:18:49.518176,3912504,0.0,0.0
2021-08-06 04:18:49.518176,3912567,0.0,3.9
2021-08-06 04:18:49.675474,3912504,0.0,0.0
2021-08-06 04:18:49.675474,3912567,0.0,3.9
2021-08-06 04:18:49.832708,3912504,0.0,0.0
2021-08-06 04:18:49.832708,3912567,0.0,3.9
2021-08-06 04:18:49.989863,3912504,0.0,0.0
2021-08-06 04:18:49.989863,3912567,0.0,3.9
2021-08-06 04:18:50.147118,3912504,0.0,0.0
2021-08-06 04:18:50.147118,3912567,0.0,3.9
2021-08-06 04:18:50.304340,3912504,0.0,0.0
2021-08-06 04:18:50.304340,3912567,0.0,3.9
2021-08-06 04:18:50.461608,3912504,0.0,0.0
2021-08-06 04:18:50.461608,3912567,0.0,3.9
2021-08-06 04:18:50.618781,3912504,0.0,0.0
2021-08-06 04:18:50.618781,3912567,0.0,3.9
2021-08-06 04:18:50.775969,3912504,0.0,0.0
2021-08-06 04:18:50.775969,3912567,0.0,3.9
2021-08-06 04:18:50.933227,3912504,0.0,0.0
2021-08-06 04:18:50.933227,3912567,0.0,3.9
2021-08-06 04:18:51.090388,3912504,0.0,0.0
2021-08-06 04:18:51.090388,3912567,0.0,3.9
2021-08-06 04:18:51.247596,3912504,0.0,0.0
2021-08-06 04:18:51.247596,3912567,0.0,3.9
2021-08-06 04:18:51.404794,3912504,0.0,0.0
2021-08-06 04:18:51.404794,3912567,0.0,3.9
2021-08-06 04:18:51.562019,3912504,0.0,0.0
2021-08-06 04:18:51.562019,3912567,0.0,3.9
2021-08-06 04:18:51.719203,3912504,0.0,0.0
2021-08-06 04:18:51.719203,3912567,0.0,3.9
2021-08-06 04:18:51.876319,3912504,0.0,0.0
2021-08-06 04:18:51.876319,3912567,0.0,3.9
2021-08-06 04:18:52.033500,3912504,0.0,0.0
2021-08-06 04:18:52.033500,3912567,0.0,3.9
2021-08-06 04:18:52.191057,3912567,26.7,3.9
2021-08-06 04:18:52.191057,3912504,0.0,0.0
2021-08-06 04:18:52.348642,3912504,0.0,0.0
2021-08-06 04:18:52.348642,3912567,0.0,3.9
2021-08-06 04:18:52.505250,3912504,0.0,0.0
2021-08-06 04:18:52.505250,3912567,0.0,3.9
2021-08-06 04:18:52.662747,3912504,0.0,0.0
2021-08-06 04:18:52.662747,3912567,0.0,3.9
2021-08-06 04:18:52.819973,3912504,0.0,0.0
2021-08-06 04:18:52.819973,3912567,0.0,3.9
2021-08-06 04:18:52.976785,3912504,0.0,0.0
2021-08-06 04:18:52.976785,3912567,0.0,3.9
2021-08-06 04:18:53.133398,3912504,0.0,0.0
2021-08-06 04:18:53.133398,3912567,0.0,3.9
2021-08-06 04:18:53.290666,3912504,0.0,0.0
2021-08-06 04:18:53.290666,3912567,0.0,3.9
2021-08-06 04:18:53.448082,3912504,0.0,0.0
2021-08-06 04:18:53.448082,3912567,0.0,3.9
2021-08-06 04:18:53.604920,3912504,0.0,0.0
2021-08-06 04:18:53.604920,3912567,0.0,3.9
2021-08-06 04:18:53.762080,3912504,0.0,0.0
2021-08-06 04:18:53.762080,3912567,0.0,3.9
2021-08-06 04:18:53.917710,3912504,0.0,0.0
2021-08-06 04:18:53.917710,3912567,0.0,3.9
2021-08-06 04:18:54.074364,3912504,0.0,0.0
2021-08-06 04:18:54.074364,3912567,0.0,3.9
2021-08-06 04:18:54.230962,3912504,0.0,0.0
2021-08-06 04:18:54.230962,3912567,0.0,3.9
2021-08-06 04:18:54.388175,3912504,0.0,0.0
2021-08-06 04:18:54.388175,3912567,0.0,3.9
2021-08-06 04:18:54.544453,3912504,0.0,0.0
2021-08-06 04:18:54.544453,3912567,0.0,3.9
2021-08-06 04:18:54.701215,3912504,0.0,0.0
2021-08-06 04:18:54.701215,3912567,0.0,3.9
2021-08-06 04:18:54.857079,3912504,0.0,0.0
2021-08-06 04:18:54.857079,3912567,0.0,3.9
2021-08-06 04:18:55.013796,3912504,0.0,0.0
2021-08-06 04:18:55.013796,3912567,0.0,3.9
2021-08-06 04:18:55.170413,3912504,0.0,0.0
2021-08-06 04:18:55.170413,3912567,0.0,3.9
2021-08-06 04:18:55.327976,3912504,0.0,0.0
2021-08-06 04:18:55.327976,3912567,0.0,3.9
2021-08-06 04:18:55.484108,3912504,0.0,0.0
2021-08-06 04:18:55.484108,3912567,0.0,3.9
2021-08-06 04:18:55.641222,3912504,0.0,0.0
2021-08-06 04:18:55.641222,3912567,0.0,3.9
2021-08-06 04:18:55.798317,3912504,0.0,0.0
2021-08-06 04:18:55.798317,3912567,0.0,3.9
2021-08-06 04:18:55.956786,3912504,0.0,0.0
2021-08-06 04:18:55.956786,3912567,0.0,3.9
2021-08-06 04:18:56.113812,3912504,0.0,0.0
2021-08-06 04:18:56.113812,3912567,0.0,3.9
2021-08-06 04:18:56.269382,3912504,0.0,0.0
2021-08-06 04:18:56.269382,3912567,0.0,3.9
2021-08-06 04:18:56.425909,3912504,0.0,0.0
2021-08-06 04:18:56.425909,3912567,0.0,3.9
2021-08-06 04:18:56.581910,3912504,0.0,0.0
2021-08-06 04:18:56.581910,3912567,0.0,3.9
2021-08-06 04:18:56.739204,3912504,0.0,0.0
2021-08-06 04:18:56.739204,3912567,0.0,3.9
2021-08-06 04:18:56.896954,3912504,0.0,0.0
2021-08-06 04:18:56.896954,3912567,0.0,3.9
2021-08-06 04:18:57.053724,3912504,0.0,0.0
2021-08-06 04:18:57.053724,3912567,0.0,3.9
2021-08-06 04:18:57.209535,3912504,0.0,0.0
2021-08-06 04:18:57.209535,3912567,0.0,3.9
2021-08-06 04:18:57.366856,3912504,0.0,0.0
2021-08-06 04:18:57.366856,3912567,0.0,3.9
2021-08-06 04:18:57.523514,3912504,0.0,0.0
2021-08-06 04:18:57.523514,3912567,0.0,3.9
2021-08-06 04:18:57.681300,3912504,0.0,0.0
2021-08-06 04:18:57.681300,3912567,0.0,3.9
2021-08-06 04:18:57.838896,3912504,0.0,0.0
2021-08-06 04:18:57.838896,3912567,0.0,3.9
2021-08-06 04:18:57.996315,3912504,0.0,0.0
2021-08-06 04:18:57.996315,3912567,0.0,3.9
2021-08-06 04:18:58.153292,3912504,0.0,0.0
2021-08-06 04:18:58.153292,3912567,0.0,3.9
2021-08-06 04:18:58.310713,3912504,0.0,0.0
2021-08-06 04:18:58.310713,3912567,0.0,3.9
2021-08-06 04:18:58.468015,3912504,0.0,0.0
2021-08-06 04:18:58.468015,3912567,0.0,3.9
2021-08-06 04:18:58.625543,3912504,0.0,0.0
2021-08-06 04:18:58.625543,3912567,0.0,3.9
2021-08-06 04:18:58.782823,3912504,0.0,0.0
2021-08-06 04:18:58.782823,3912567,0.0,3.9
2021-08-06 04:18:58.939996,3912504,0.0,0.0
2021-08-06 04:18:58.939996,3912567,0.0,3.9
2021-08-06 04:18:59.097285,3912504,0.0,0.0
2021-08-06 04:18:59.097285,3912567,0.0,3.9
2021-08-06 04:18:59.254594,3912504,0.0,0.0
2021-08-06 04:18:59.254594,3912567,0.0,3.9
2021-08-06 04:18:59.411875,3912504,0.0,0.0
2021-08-06 04:18:59.411875,3912567,0.0,3.9
2021-08-06 04:18:59.567976,3912504,0.0,0.0
2021-08-06 04:18:59.567976,3912567,0.0,3.9
2021-08-06 04:18:59.725318,3912504,0.0,0.0
2021-08-06 04:18:59.725318,3912567,0.0,3.9
2021-08-06 04:18:59.882531,3912504,0.0,0.0
2021-08-06 04:18:59.882531,3912567,0.0,3.9
2021-08-06 04:19:00.039776,3912504,0.0,0.0
2021-08-06 04:19:00.039776,3912567,0.0,3.9
2021-08-06 04:19:00.196942,3912504,0.0,0.0
2021-08-06 04:19:00.196942,3912567,0.0,3.9
2021-08-06 04:19:00.353911,3912504,0.0,0.0
2021-08-06 04:19:00.353911,3912567,0.0,3.9
2021-08-06 04:19:00.511013,3912504,0.0,0.0
2021-08-06 04:19:00.511013,3912567,0.0,3.9
2021-08-06 04:19:00.668115,3912504,0.0,0.0
2021-08-06 04:19:00.668115,3912567,0.0,3.9
2021-08-06 04:19:00.825256,3912567,6.7,3.9
2021-08-06 04:19:00.825256,3912504,0.0,0.0
2021-08-06 04:19:00.982553,3912504,0.0,0.0
2021-08-06 04:19:00.982553,3912567,0.0,3.9
2021-08-06 04:19:01.140241,3912504,0.0,0.0
2021-08-06 04:19:01.140241,3912567,0.0,3.9
2021-08-06 04:19:01.296743,3912504,0.0,0.0
2021-08-06 04:19:01.296743,3912567,0.0,3.9
2021-08-06 04:19:01.453038,3912504,0.0,0.0
2021-08-06 04:19:01.453038,3912567,0.0,3.9
2021-08-06 04:19:01.612928,3912504,0.0,0.0
2021-08-06 04:19:01.612928,3912567,0.0,3.9
2021-08-06 04:19:01.771914,3912504,0.0,0.0
2021-08-06 04:19:01.771914,3912567,0.0,3.9
2021-08-06 04:19:01.930961,3912504,0.0,0.0
2021-08-06 04:19:01.930961,3912567,0.0,3.9
2021-08-06 04:19:02.090664,3912504,0.0,0.0
2021-08-06 04:19:02.090664,3912567,0.0,3.9
2021-08-06 04:19:02.248454,3912504,0.0,0.0
2021-08-06 04:19:02.248454,3912567,0.0,3.9
2021-08-06 04:19:02.405506,3912504,0.0,0.0
2021-08-06 04:19:02.405506,3912567,0.0,3.9
2021-08-06 04:19:02.562150,3912504,0.0,0.0
2021-08-06 04:19:02.562150,3912567,0.0,3.9
2021-08-06 04:19:02.718643,3912504,0.0,0.0
2021-08-06 04:19:02.718643,3912567,0.0,3.9
2021-08-06 04:19:02.875895,3912504,0.0,0.0
2021-08-06 04:19:02.875895,3912567,0.0,3.9
2021-08-06 04:19:03.033488,3912504,0.0,0.0
2021-08-06 04:19:03.033488,3912567,0.0,3.9
2021-08-06 04:19:03.189753,3912504,0.0,0.0
2021-08-06 04:19:03.189753,3912567,0.0,3.9
2021-08-06 04:19:03.347394,3912504,0.0,0.0
2021-08-06 04:19:03.347394,3912567,0.0,3.9
2021-08-06 04:19:03.504801,3912504,0.0,0.0
2021-08-06 04:19:03.504801,3912567,0.0,3.9
2021-08-06 04:19:03.660918,3912504,0.0,0.0
2021-08-06 04:19:03.660918,3912567,0.0,3.9
2021-08-06 04:19:03.817850,3912504,0.0,0.0
2021-08-06 04:19:03.817850,3912567,0.0,3.9
2021-08-06 04:19:03.974756,3912504,0.0,0.0
2021-08-06 04:19:03.974756,3912567,0.0,3.9
2021-08-06 04:19:04.133023,3912504,0.0,0.0
2021-08-06 04:19:04.133023,3912567,0.0,3.9
2021-08-06 04:19:04.289213,3912504,0.0,0.0
2021-08-06 04:19:04.289213,3912567,0.0,3.9
2021-08-06 04:19:04.446208,3912504,0.0,0.0
2021-08-06 04:19:04.446208,3912567,0.0,3.9
2021-08-06 04:19:04.603634,3912504,0.0,0.0
2021-08-06 04:19:04.603634,3912567,0.0,3.9
2021-08-06 04:19:04.761009,3912504,0.0,0.0
2021-08-06 04:19:04.761009,3912567,0.0,3.9
2021-08-06 04:19:04.917923,3912504,0.0,0.0
2021-08-06 04:19:04.917923,3912567,0.0,3.9
2021-08-06 04:19:05.075287,3912504,0.0,0.0
2021-08-06 04:19:05.075287,3912567,0.0,3.9
2021-08-06 04:19:05.235190,3912504,0.0,0.0
2021-08-06 04:19:05.235190,3912567,0.0,3.9
2021-08-06 04:19:05.392840,3912504,0.0,0.0
2021-08-06 04:19:05.392840,3912567,0.0,3.9
2021-08-06 04:19:05.550679,3912504,0.0,0.0
2021-08-06 04:19:05.550679,3912567,0.0,3.9
2021-08-06 04:19:05.707942,3912504,0.0,0.0
2021-08-06 04:19:05.707942,3912567,0.0,3.9
2021-08-06 04:19:05.865227,3912504,0.0,0.0
2021-08-06 04:19:05.865227,3912567,0.0,3.9
2021-08-06 04:19:06.023038,3912504,0.0,0.0
2021-08-06 04:19:06.023038,3912567,0.0,3.9
2021-08-06 04:19:06.179887,3912504,0.0,0.0
2021-08-06 04:19:06.179887,3912567,0.0,3.9
2021-08-06 04:19:06.336209,3912504,0.0,0.0
2021-08-06 04:19:06.336209,3912567,0.0,3.9
2021-08-06 04:19:06.492118,3912504,0.0,0.0
2021-08-06 04:19:06.492118,3912567,0.0,3.9
2021-08-06 04:19:06.648467,3912504,0.0,0.0
2021-08-06 04:19:06.648467,3912567,0.0,3.9
2021-08-06 04:19:06.805369,3912504,0.0,0.0
2021-08-06 04:19:06.805369,3912567,0.0,3.9
2021-08-06 04:19:06.962925,3912504,0.0,0.0
2021-08-06 04:19:06.962925,3912567,0.0,3.9
2021-08-06 04:19:07.120274,3912504,0.0,0.0
2021-08-06 04:19:07.120274,3912567,0.0,3.9
2021-08-06 04:19:07.276124,3912504,0.0,0.0
2021-08-06 04:19:07.276124,3912567,0.0,3.9
2021-08-06 04:19:07.431809,3912504,0.0,0.0
2021-08-06 04:19:07.431809,3912567,0.0,3.9
2021-08-06 04:19:07.587482,3912504,0.0,0.0
2021-08-06 04:19:07.587482,3912567,0.0,3.9
2021-08-06 04:19:07.742471,3912504,0.0,0.0
2021-08-06 04:19:07.742471,3912567,0.0,3.9
2021-08-06 04:19:07.898606,3912504,0.0,0.0
2021-08-06 04:19:07.898606,3912567,0.0,3.9
2021-08-06 04:19:08.055165,3912504,0.0,0.0
2021-08-06 04:19:08.055165,3912567,0.0,3.9
2021-08-06 04:19:08.211848,3912504,0.0,0.0
2021-08-06 04:19:08.211848,3912567,0.0,3.9
2021-08-06 04:19:08.367614,3912504,0.0,0.0
2021-08-06 04:19:08.367614,3912567,0.0,3.9
2021-08-06 04:19:08.524070,3912504,0.0,0.0
2021-08-06 04:19:08.524070,3912567,0.0,3.9
2021-08-06 04:19:08.679867,3912504,0.0,0.0
2021-08-06 04:19:08.679867,3912567,0.0,3.9
2021-08-06 04:19:08.835878,3912504,0.0,0.0
2021-08-06 04:19:08.835878,3912567,0.0,3.9
2021-08-06 04:19:08.991736,3912504,0.0,0.0
2021-08-06 04:19:08.991736,3912567,0.0,3.9
2021-08-06 04:19:09.148206,3912504,0.0,0.0
2021-08-06 04:19:09.148206,3912567,0.0,3.9
2021-08-06 04:19:09.304779,3912504,0.0,0.0
2021-08-06 04:19:09.304779,3912567,0.0,3.9
2021-08-06 04:19:09.462016,3912504,0.0,0.0
2021-08-06 04:19:09.462016,3912567,0.0,3.9
2021-08-06 04:19:09.618642,3912504,0.0,0.0
2021-08-06 04:19:09.618642,3912567,0.0,3.9
2021-08-06 04:19:09.775157,3912504,0.0,0.0
2021-08-06 04:19:09.775157,3912567,0.0,3.9
2021-08-06 04:19:09.931998,3912504,0.0,0.0
2021-08-06 04:19:09.931998,3912567,0.0,3.9
2021-08-06 04:19:10.090489,3912504,0.0,0.0
2021-08-06 04:19:10.090489,3912567,0.0,3.9
2021-08-06 04:19:10.247617,3912504,0.0,0.0
2021-08-06 04:19:10.247617,3912567,0.0,3.9
2021-08-06 04:19:10.404240,3912504,0.0,0.0
2021-08-06 04:19:10.404240,3912567,0.0,3.9
2021-08-06 04:19:10.560772,3912504,0.0,0.0
2021-08-06 04:19:10.560772,3912567,0.0,3.9
2021-08-06 04:19:10.716762,3912504,0.0,0.0
2021-08-06 04:19:10.716762,3912567,0.0,3.9
2021-08-06 04:19:10.871583,3912504,0.0,0.0
2021-08-06 04:19:10.871583,3912567,0.0,3.9
2021-08-06 04:19:11.026287,3912504,0.0,0.0
2021-08-06 04:19:11.026287,3912567,0.0,3.9
2021-08-06 04:19:11.182213,3912504,0.0,0.0
2021-08-06 04:19:11.182213,3912567,0.0,3.9
2021-08-06 04:19:11.338028,3912504,0.0,0.0
2021-08-06 04:19:11.338028,3912567,0.0,3.9
2021-08-06 04:19:11.493220,3912567,6.7,3.9
2021-08-06 04:19:11.493220,3912504,0.0,0.0
2021-08-06 04:19:11.648848,3912504,0.0,0.0
2021-08-06 04:19:11.648848,3912567,0.0,3.9
2021-08-06 04:19:11.804369,3912504,0.0,0.0
2021-08-06 04:19:11.804369,3912567,0.0,3.9
2021-08-06 04:19:11.960120,3912504,0.0,0.0
2021-08-06 04:19:11.960120,3912567,0.0,3.9
2021-08-06 04:19:12.116118,3912504,0.0,0.0
2021-08-06 04:19:12.116118,3912567,0.0,3.9
2021-08-06 04:19:12.272389,3912504,0.0,0.0
2021-08-06 04:19:12.272389,3912567,0.0,3.9
2021-08-06 04:19:12.428309,3912504,0.0,0.0
2021-08-06 04:19:12.428309,3912567,0.0,3.9
2021-08-06 04:19:12.584794,3912504,0.0,0.0
2021-08-06 04:19:12.584794,3912567,0.0,3.9
2021-08-06 04:19:12.740681,3912504,0.0,0.0
2021-08-06 04:19:12.740681,3912567,0.0,3.9
2021-08-06 04:19:12.897085,3912504,0.0,0.0
2021-08-06 04:19:12.897085,3912567,0.0,3.9
2021-08-06 04:19:13.053535,3912504,0.0,0.0
2021-08-06 04:19:13.053535,3912567,0.0,3.9
2021-08-06 04:19:13.209269,3912504,0.0,0.0
2021-08-06 04:19:13.209269,3912567,0.0,3.9
2021-08-06 04:19:13.365587,3912504,0.0,0.0
2021-08-06 04:19:13.365587,3912567,0.0,3.9
2021-08-06 04:19:13.523079,3912504,0.0,0.0
2021-08-06 04:19:13.523079,3912567,0.0,3.9
2021-08-06 04:19:13.680257,3912504,0.0,0.0
2021-08-06 04:19:13.680257,3912567,0.0,3.9
2021-08-06 04:19:13.836753,3912504,0.0,0.0
2021-08-06 04:19:13.836753,3912567,0.0,3.9
2021-08-06 04:19:13.993029,3912504,0.0,0.0
2021-08-06 04:19:13.993029,3912567,0.0,3.9
2021-08-06 04:19:14.149677,3912504,0.0,0.0
2021-08-06 04:19:14.149677,3912567,0.0,3.9
2021-08-06 04:19:14.306400,3912504,0.0,0.0
2021-08-06 04:19:14.306400,3912567,0.0,3.9
2021-08-06 04:19:14.463424,3912504,0.0,0.0
2021-08-06 04:19:14.463424,3912567,0.0,3.9
2021-08-06 04:19:14.620208,3912504,0.0,0.0
2021-08-06 04:19:14.620208,3912567,0.0,3.9
2021-08-06 04:19:14.777900,3912504,0.0,0.0
2021-08-06 04:19:14.777900,3912567,0.0,3.9
2021-08-06 04:19:14.935850,3912504,0.0,0.0
2021-08-06 04:19:14.935850,3912567,0.0,3.9
2021-08-06 04:19:15.092514,3912504,0.0,0.0
2021-08-06 04:19:15.092514,3912567,0.0,3.9
2021-08-06 04:19:15.249164,3912504,0.0,0.0
2021-08-06 04:19:15.249164,3912567,0.0,3.9
2021-08-06 04:19:15.405461,3912504,0.0,0.0
2021-08-06 04:19:15.405461,3912567,0.0,3.9
2021-08-06 04:19:15.562833,3912504,0.0,0.0
2021-08-06 04:19:15.562833,3912567,0.0,3.9
2021-08-06 04:19:15.719543,3912504,0.0,0.0
2021-08-06 04:19:15.719543,3912567,0.0,3.9
2021-08-06 04:19:15.876571,3912504,0.0,0.0
2021-08-06 04:19:15.876571,3912567,0.0,3.9
2021-08-06 04:19:16.034450,3912504,0.0,0.0
2021-08-06 04:19:16.034450,3912567,0.0,3.9
2021-08-06 04:19:16.192086,3912504,0.0,0.0
2021-08-06 04:19:16.192086,3912567,0.0,3.9
2021-08-06 04:19:16.348370,3912504,0.0,0.0
2021-08-06 04:19:16.348370,3912567,0.0,3.9
2021-08-06 04:19:16.504317,3912504,0.0,0.0
2021-08-06 04:19:16.504317,3912567,0.0,3.9
2021-08-06 04:19:16.659887,3912504,0.0,0.0
2021-08-06 04:19:16.659887,3912567,0.0,3.9
2021-08-06 04:19:16.815579,3912504,0.0,0.0
2021-08-06 04:19:16.815579,3912567,0.0,3.9
2021-08-06 04:19:16.971329,3912504,0.0,0.0
2021-08-06 04:19:16.971329,3912567,0.0,3.9
2021-08-06 04:19:17.126584,3912504,0.0,0.0
2021-08-06 04:19:17.126584,3912567,0.0,3.9
2021-08-06 04:19:17.281458,3912504,0.0,0.0
2021-08-06 04:19:17.281458,3912567,0.0,3.9
2021-08-06 04:19:17.437070,3912504,0.0,0.0
2021-08-06 04:19:17.437070,3912567,0.0,3.9
2021-08-06 04:19:17.592746,3912504,0.0,0.0
2021-08-06 04:19:17.592746,3912567,0.0,3.9
2021-08-06 04:19:17.748594,3912504,0.0,0.0
2021-08-06 04:19:17.748594,3912567,0.0,3.9
2021-08-06 04:19:17.905076,3912504,0.0,0.0
2021-08-06 04:19:17.905076,3912567,0.0,3.9
2021-08-06 04:19:18.061304,3912504,0.0,0.0
2021-08-06 04:19:18.061304,3912567,0.0,3.9
2021-08-06 04:19:18.216480,3912504,0.0,0.0
2021-08-06 04:19:18.216480,3912567,0.0,3.9
2021-08-06 04:19:18.371877,3912504,0.0,0.0
2021-08-06 04:19:18.371877,3912567,0.0,3.9
2021-08-06 04:19:18.526830,3912504,0.0,0.0
2021-08-06 04:19:18.526830,3912567,0.0,3.9
2021-08-06 04:19:18.682245,3912504,0.0,0.0
2021-08-06 04:19:18.682245,3912567,0.0,3.9
2021-08-06 04:19:18.837184,3912504,0.0,0.0
2021-08-06 04:19:18.837184,3912567,0.0,3.9
2021-08-06 04:19:18.992992,3912504,0.0,0.0
2021-08-06 04:19:18.992992,3912567,0.0,3.9
2021-08-06 04:19:19.148234,3912504,0.0,0.0
2021-08-06 04:19:19.148234,3912567,0.0,3.9
2021-08-06 04:19:19.303796,3912504,0.0,0.0
2021-08-06 04:19:19.303796,3912567,0.0,3.9
2021-08-06 04:19:19.459532,3912504,0.0,0.0
2021-08-06 04:19:19.459532,3912567,0.0,3.9
2021-08-06 04:19:19.615579,3912504,0.0,0.0
2021-08-06 04:19:19.615579,3912567,0.0,3.9
2021-08-06 04:19:19.772237,3912504,0.0,0.0
2021-08-06 04:19:19.772237,3912567,0.0,3.9
2021-08-06 04:19:19.928274,3912504,0.0,0.0
2021-08-06 04:19:19.928274,3912567,0.0,3.9
2021-08-06 04:19:20.084969,3912504,0.0,0.0
2021-08-06 04:19:20.084969,3912567,0.0,3.9
2021-08-06 04:19:20.241478,3912504,0.0,0.0
2021-08-06 04:19:20.241478,3912567,0.0,3.9
2021-08-06 04:19:20.397279,3912504,0.0,0.0
2021-08-06 04:19:20.397279,3912567,0.0,3.9
2021-08-06 04:19:20.552960,3912504,0.0,0.0
2021-08-06 04:19:20.552960,3912567,0.0,3.9
2021-08-06 04:19:20.708826,3912504,0.0,0.0
2021-08-06 04:19:20.708826,3912567,0.0,3.9
2021-08-06 04:19:20.865385,3912504,0.0,0.0
2021-08-06 04:19:20.865385,3912567,0.0,3.9
2021-08-06 04:19:21.021069,3912504,0.0,0.0
2021-08-06 04:19:21.021069,3912567,0.0,3.9
2021-08-06 04:19:21.176820,3912504,0.0,0.0
2021-08-06 04:19:21.176820,3912567,0.0,3.9
2021-08-06 04:19:21.333082,3912504,0.0,0.0
2021-08-06 04:19:21.333082,3912567,0.0,3.9
2021-08-06 04:19:21.488999,3912504,0.0,0.0
2021-08-06 04:19:21.488999,3912567,0.0,3.9
2021-08-06 04:19:21.644751,3912504,0.0,0.0
2021-08-06 04:19:21.644751,3912567,0.0,3.9
2021-08-06 04:19:21.802323,3912504,0.0,0.0
2021-08-06 04:19:21.802323,3912567,0.0,3.9
2021-08-06 04:19:21.960865,3912504,0.0,0.0
2021-08-06 04:19:21.960865,3912567,0.0,3.9
2021-08-06 04:19:22.119001,3912504,0.0,0.0
2021-08-06 04:19:22.119001,3912567,0.0,3.9
2021-08-06 04:19:22.275619,3912504,0.0,0.0
2021-08-06 04:19:22.275619,3912567,0.0,3.9
2021-08-06 04:19:22.432288,3912504,0.0,0.0
2021-08-06 04:19:22.432288,3912567,0.0,3.9
2021-08-06 04:19:22.589150,3912504,0.0,0.0
2021-08-06 04:19:22.589150,3912567,0.0,3.9
2021-08-06 04:19:22.746737,3912504,0.0,0.0
2021-08-06 04:19:22.746737,3912567,0.0,3.9
2021-08-06 04:19:22.903934,3912504,0.0,0.0
2021-08-06 04:19:22.903934,3912567,0.0,3.9
2021-08-06 04:19:23.060343,3912504,0.0,0.0
2021-08-06 04:19:23.060343,3912567,0.0,3.9
2021-08-06 04:19:23.216295,3912504,0.0,0.0
2021-08-06 04:19:23.216295,3912567,0.0,3.9
2021-08-06 04:19:23.371730,3912504,0.0,0.0
2021-08-06 04:19:23.371730,3912567,0.0,3.9
2021-08-06 04:19:23.527348,3912504,0.0,0.0
2021-08-06 04:19:23.527348,3912567,0.0,3.9
2021-08-06 04:19:23.682085,3912504,0.0,0.0
2021-08-06 04:19:23.682085,3912567,0.0,3.9
2021-08-06 04:19:23.836789,3912504,0.0,0.0
2021-08-06 04:19:23.836789,3912567,0.0,3.9
2021-08-06 04:19:23.992994,3912504,0.0,0.0
2021-08-06 04:19:23.992994,3912567,0.0,3.9
2021-08-06 04:19:24.148932,3912504,0.0,0.0
2021-08-06 04:19:24.148932,3912567,0.0,3.9
2021-08-06 04:19:24.304700,3912504,0.0,0.0
2021-08-06 04:19:24.304700,3912567,0.0,3.9
2021-08-06 04:19:24.460280,3912504,0.0,0.0
2021-08-06 04:19:24.460280,3912567,0.0,3.9
2021-08-06 04:19:24.615045,3912504,0.0,0.0
2021-08-06 04:19:24.615045,3912567,0.0,3.9
2021-08-06 04:19:24.769711,3912504,0.0,0.0
2021-08-06 04:19:24.769711,3912567,0.0,3.9
2021-08-06 04:19:24.924596,3912504,0.0,0.0
2021-08-06 04:19:24.924596,3912567,0.0,3.9
2021-08-06 04:19:25.080007,3912504,0.0,0.0
2021-08-06 04:19:25.080007,3912567,0.0,3.9
2021-08-06 04:19:25.235416,3912504,0.0,0.0
2021-08-06 04:19:25.235416,3912567,0.0,3.9
2021-08-06 04:19:25.390933,3912504,0.0,0.0
2021-08-06 04:19:25.390933,3912567,0.0,3.9
2021-08-06 04:19:25.546221,3912504,0.0,0.0
2021-08-06 04:19:25.546221,3912567,0.0,3.9
2021-08-06 04:19:25.702028,3912504,0.0,0.0
2021-08-06 04:19:25.702028,3912567,0.0,3.9
2021-08-06 04:19:25.857654,3912504,0.0,0.0
2021-08-06 04:19:25.857654,3912567,0.0,3.9
2021-08-06 04:19:26.013407,3912504,0.0,0.0
2021-08-06 04:19:26.013407,3912567,0.0,3.9
2021-08-06 04:19:26.169251,3912504,0.0,0.0
2021-08-06 04:19:26.169251,3912567,0.0,3.9
2021-08-06 04:19:26.324252,3912504,0.0,0.0
2021-08-06 04:19:26.324252,3912567,0.0,3.9
2021-08-06 04:19:26.479865,3912504,0.0,0.0
2021-08-06 04:19:26.479865,3912567,0.0,3.9
2021-08-06 04:19:26.635781,3912504,0.0,0.0
2021-08-06 04:19:26.635781,3912567,0.0,3.9
2021-08-06 04:19:26.791000,3912504,0.0,0.0
2021-08-06 04:19:26.791000,3912567,0.0,3.9
2021-08-06 04:19:26.947593,3912504,0.0,0.0
2021-08-06 04:19:26.947593,3912567,0.0,3.9
2021-08-06 04:19:27.104306,3912504,0.0,0.0
2021-08-06 04:19:27.104306,3912567,0.0,3.9
2021-08-06 04:19:27.260142,3912504,0.0,0.0
2021-08-06 04:19:27.260142,3912567,0.0,3.9
2021-08-06 04:19:27.416393,3912504,0.0,0.0
2021-08-06 04:19:27.416393,3912567,0.0,3.9
2021-08-06 04:19:27.572253,3912504,0.0,0.0
2021-08-06 04:19:27.572253,3912567,0.0,3.9
2021-08-06 04:19:27.728408,3912504,0.0,0.0
2021-08-06 04:19:27.728408,3912567,0.0,3.9
2021-08-06 04:19:27.884300,3912504,0.0,0.0
2021-08-06 04:19:27.884300,3912567,0.0,3.9
2021-08-06 04:19:28.040036,3912504,0.0,0.0
2021-08-06 04:19:28.040036,3912567,0.0,3.9
2021-08-06 04:19:28.195850,3912504,0.0,0.0
2021-08-06 04:19:28.195850,3912567,0.0,3.9
2021-08-06 04:19:28.351513,3912504,0.0,0.0
2021-08-06 04:19:28.351513,3912567,0.0,3.9
2021-08-06 04:19:28.508308,3912504,0.0,0.0
2021-08-06 04:19:28.508308,3912567,0.0,3.9
2021-08-06 04:19:28.665978,3912504,0.0,0.0
2021-08-06 04:19:28.665978,3912567,0.0,3.9
2021-08-06 04:19:28.823400,3912504,0.0,0.0
2021-08-06 04:19:28.823400,3912567,0.0,3.9
2021-08-06 04:19:28.982796,3912504,0.0,0.0
2021-08-06 04:19:28.982796,3912567,0.0,3.9
2021-08-06 04:19:29.139625,3912504,0.0,0.0
2021-08-06 04:19:29.139625,3912567,0.0,3.9
2021-08-06 04:19:29.296415,3912504,0.0,0.0
2021-08-06 04:19:29.296415,3912567,0.0,3.9
2021-08-06 04:19:29.453780,3912504,0.0,0.0
2021-08-06 04:19:29.453780,3912567,0.0,3.9
2021-08-06 04:19:29.610493,3912504,0.0,0.0
2021-08-06 04:19:29.610493,3912567,0.0,3.9
2021-08-06 04:19:29.767651,3912504,0.0,0.0
2021-08-06 04:19:29.767651,3912567,0.0,3.9
2021-08-06 04:19:29.924356,3912504,0.0,0.0
2021-08-06 04:19:29.924356,3912567,0.0,3.9
2021-08-06 04:19:30.081319,3912504,0.0,0.0
2021-08-06 04:19:30.081319,3912567,0.0,3.9
2021-08-06 04:19:30.238873,3912504,0.0,0.0
2021-08-06 04:19:30.238873,3912567,0.0,3.9
2021-08-06 04:19:30.395982,3912504,0.0,0.0
2021-08-06 04:19:30.395982,3912567,0.0,3.9
2021-08-06 04:19:30.553691,3912504,0.0,0.0
2021-08-06 04:19:30.553691,3912567,0.0,3.9
2021-08-06 04:19:30.710334,3912504,0.0,0.0
2021-08-06 04:19:30.710334,3912567,0.0,3.9
2021-08-06 04:19:30.866322,3912504,0.0,0.0
2021-08-06 04:19:30.866322,3912567,0.0,3.9
2021-08-06 04:19:31.023278,3912504,0.0,0.0
2021-08-06 04:19:31.023278,3912567,0.0,3.9
2021-08-06 04:19:31.180038,3912504,0.0,0.0
2021-08-06 04:19:31.180038,3912567,0.0,3.9
2021-08-06 04:19:31.336585,3912504,0.0,0.0
2021-08-06 04:19:31.336585,3912567,0.0,3.9
2021-08-06 04:19:31.494259,3912504,0.0,0.0
2021-08-06 04:19:31.494259,3912567,0.0,3.9
2021-08-06 04:19:31.652511,3912504,0.0,0.0
2021-08-06 04:19:31.652511,3912567,0.0,3.9
2021-08-06 04:19:31.810272,3912504,0.0,0.0
2021-08-06 04:19:31.810272,3912567,0.0,3.9
2021-08-06 04:19:31.967429,3912504,0.0,0.0
2021-08-06 04:19:31.967429,3912567,0.0,3.9
2021-08-06 04:19:32.124428,3912504,0.0,0.0
2021-08-06 04:19:32.124428,3912567,0.0,3.9
2021-08-06 04:19:32.281458,3912504,0.0,0.0
2021-08-06 04:19:32.281458,3912567,0.0,3.9
2021-08-06 04:19:32.439109,3912504,0.0,0.0
2021-08-06 04:19:32.439109,3912567,0.0,3.9
2021-08-06 04:19:32.596989,3912504,0.0,0.0
2021-08-06 04:19:32.596989,3912567,0.0,3.9
2021-08-06 04:19:32.753589,3912504,0.0,0.0
2021-08-06 04:19:32.753589,3912567,0.0,3.9
2021-08-06 04:19:32.911374,3912504,0.0,0.0
2021-08-06 04:19:32.911374,3912567,0.0,3.9
2021-08-06 04:19:33.068505,3912504,0.0,0.0
2021-08-06 04:19:33.068505,3912567,0.0,3.9
2021-08-06 04:19:33.226934,3912504,0.0,0.0
2021-08-06 04:19:33.226934,3912567,0.0,3.9
2021-08-06 04:19:33.383825,3912504,0.0,0.0
2021-08-06 04:19:33.383825,3912567,0.0,3.9
2021-08-06 04:19:33.541028,3912504,0.0,0.0
2021-08-06 04:19:33.541028,3912567,0.0,3.9
2021-08-06 04:19:33.699296,3912504,0.0,0.0
2021-08-06 04:19:33.699296,3912567,0.0,3.9
2021-08-06 04:19:33.857316,3912504,0.0,0.0
2021-08-06 04:19:33.857316,3912567,0.0,3.9
2021-08-06 04:19:34.015179,3912504,0.0,0.0
2021-08-06 04:19:34.015179,3912567,0.0,3.9
2021-08-06 04:19:34.173581,3912504,0.0,0.0
2021-08-06 04:19:34.173581,3912567,0.0,3.9
2021-08-06 04:19:34.330572,3912504,0.0,0.0
2021-08-06 04:19:34.330572,3912567,0.0,3.9
2021-08-06 04:19:34.487235,3912504,0.0,0.0
2021-08-06 04:19:34.487235,3912567,0.0,3.9
2021-08-06 04:19:34.643782,3912504,0.0,0.0
2021-08-06 04:19:34.643782,3912567,0.0,3.9
2021-08-06 04:19:34.798948,3912504,0.0,0.0
2021-08-06 04:19:34.798948,3912567,0.0,3.9
2021-08-06 04:19:34.954486,3912504,0.0,0.0
2021-08-06 04:19:34.954486,3912567,0.0,3.9
2021-08-06 04:19:35.109942,3912504,0.0,0.0
2021-08-06 04:19:35.109942,3912567,0.0,3.9
2021-08-06 04:19:35.265525,3912504,0.0,0.0
2021-08-06 04:19:35.265525,3912567,0.0,3.9
2021-08-06 04:19:35.421275,3912504,0.0,0.0
2021-08-06 04:19:35.421275,3912567,0.0,3.9
2021-08-06 04:19:35.576777,3912504,0.0,0.0
2021-08-06 04:19:35.576777,3912567,0.0,3.9
2021-08-06 04:19:35.732455,3912504,0.0,0.0
2021-08-06 04:19:35.732455,3912567,0.0,3.9
2021-08-06 04:19:35.887256,3912504,0.0,0.0
2021-08-06 04:19:35.887256,3912567,0.0,3.9
2021-08-06 04:19:36.043066,3912504,0.0,0.0
2021-08-06 04:19:36.043066,3912567,0.0,3.9
2021-08-06 04:19:36.198342,3912504,0.0,0.0
2021-08-06 04:19:36.198342,3912567,0.0,3.9
2021-08-06 04:19:36.354056,3912504,0.0,0.0
2021-08-06 04:19:36.354056,3912567,0.0,3.9
2021-08-06 04:19:36.509612,3912504,0.0,0.0
2021-08-06 04:19:36.509612,3912567,0.0,3.9
2021-08-06 04:19:36.664635,3912504,0.0,0.0
2021-08-06 04:19:36.664635,3912567,0.0,3.9
2021-08-06 04:19:36.820404,3912504,0.0,0.0
2021-08-06 04:19:36.820404,3912567,0.0,3.9
2021-08-06 04:19:36.975680,3912504,0.0,0.0
2021-08-06 04:19:36.975680,3912567,0.0,3.9
2021-08-06 04:19:37.131292,3912504,0.0,0.0
2021-08-06 04:19:37.131292,3912567,0.0,3.9
2021-08-06 04:19:37.286430,3912504,0.0,0.0
2021-08-06 04:19:37.286430,3912567,0.0,3.9
2021-08-06 04:19:37.441887,3912504,0.0,0.0
2021-08-06 04:19:37.441887,3912567,0.0,3.9
2021-08-06 04:19:37.597011,3912504,0.0,0.0
2021-08-06 04:19:37.597011,3912567,0.0,3.9
2021-08-06 04:19:37.752462,3912504,0.0,0.0
2021-08-06 04:19:37.752462,3912567,0.0,3.9
2021-08-06 04:19:37.907899,3912504,0.0,0.0
2021-08-06 04:19:37.907899,3912567,0.0,3.9
2021-08-06 04:19:38.063683,3912504,0.0,0.0
2021-08-06 04:19:38.063683,3912567,0.0,3.9
2021-08-06 04:19:38.218976,3912504,0.0,0.0
2021-08-06 04:19:38.218976,3912567,0.0,3.9
2021-08-06 04:19:38.374449,3912504,0.0,0.0
2021-08-06 04:19:38.374449,3912567,0.0,3.9
2021-08-06 04:19:38.530126,3912504,0.0,0.0
2021-08-06 04:19:38.530126,3912567,0.0,3.9
2021-08-06 04:19:38.684859,3912504,0.0,0.0
2021-08-06 04:19:38.684859,3912567,0.0,3.9
2021-08-06 04:19:38.839714,3912504,0.0,0.0
2021-08-06 04:19:38.839714,3912567,0.0,3.9
2021-08-06 04:19:38.995761,3912504,0.0,0.0
2021-08-06 04:19:38.995761,3912567,0.0,3.9
2021-08-06 04:19:39.151413,3912504,0.0,0.0
2021-08-06 04:19:39.151413,3912567,0.0,3.9
2021-08-06 04:19:39.306224,3912504,0.0,0.0
2021-08-06 04:19:39.306224,3912567,0.0,3.9
2021-08-06 04:19:39.461366,3912504,0.0,0.0
2021-08-06 04:19:39.461366,3912567,0.0,3.9
2021-08-06 04:19:39.616083,3912504,0.0,0.0
2021-08-06 04:19:39.616083,3912567,0.0,3.9
2021-08-06 04:19:39.772167,3912504,0.0,0.0
2021-08-06 04:19:39.772167,3912567,0.0,3.9
2021-08-06 04:19:39.927859,3912504,0.0,0.0
2021-08-06 04:19:39.927859,3912567,0.0,3.9
2021-08-06 04:19:40.083615,3912504,0.0,0.0
2021-08-06 04:19:40.083615,3912567,0.0,3.9
2021-08-06 04:19:40.239088,3912504,0.0,0.0
2021-08-06 04:19:40.239088,3912567,0.0,3.9
2021-08-06 04:19:40.394494,3912504,0.0,0.0
2021-08-06 04:19:40.394494,3912567,0.0,3.9
2021-08-06 04:19:40.549939,3912504,0.0,0.0
2021-08-06 04:19:40.549939,3912567,0.0,3.9
2021-08-06 04:19:40.706610,3912504,0.0,0.0
2021-08-06 04:19:40.706610,3912567,0.0,3.9
2021-08-06 04:19:40.863262,3912504,0.0,0.0
2021-08-06 04:19:40.863262,3912567,0.0,3.9
2021-08-06 04:19:41.019077,3912504,0.0,0.0
2021-08-06 04:19:41.019077,3912567,0.0,3.9
2021-08-06 04:19:41.175845,3912504,0.0,0.0
2021-08-06 04:19:41.175845,3912567,0.0,3.9
2021-08-06 04:19:41.331516,3912504,0.0,0.0
2021-08-06 04:19:41.331516,3912567,0.0,3.9
2021-08-06 04:19:41.487482,3912504,0.0,0.0
2021-08-06 04:19:41.487482,3912567,0.0,3.9
2021-08-06 04:19:41.644069,3912504,0.0,0.0
2021-08-06 04:19:41.644069,3912567,0.0,3.9
2021-08-06 04:19:41.800286,3912504,0.0,0.0
2021-08-06 04:19:41.800286,3912567,0.0,3.9
2021-08-06 04:19:41.956247,3912504,0.0,0.0
2021-08-06 04:19:41.956247,3912567,0.0,3.9
2021-08-06 04:19:42.112300,3912504,0.0,0.0
2021-08-06 04:19:42.112300,3912567,0.0,3.9
2021-08-06 04:19:42.268397,3912504,0.0,0.0
2021-08-06 04:19:42.268397,3912567,0.0,3.9
2021-08-06 04:19:42.425512,3912504,0.0,0.0
2021-08-06 04:19:42.425512,3912567,0.0,3.9
2021-08-06 04:19:42.581175,3912504,0.0,0.0
2021-08-06 04:19:42.581175,3912567,0.0,3.9
2021-08-06 04:19:42.737488,3912504,0.0,0.0
2021-08-06 04:19:42.737488,3912567,0.0,3.9
2021-08-06 04:19:42.893283,3912504,0.0,0.0
2021-08-06 04:19:42.893283,3912567,0.0,3.9
2021-08-06 04:19:43.048908,3912504,0.0,0.0
2021-08-06 04:19:43.048908,3912567,0.0,3.9
2021-08-06 04:19:43.204915,3912504,0.0,0.0
2021-08-06 04:19:43.204915,3912567,0.0,3.9
2021-08-06 04:19:43.360908,3912504,0.0,0.0
2021-08-06 04:19:43.360908,3912567,0.0,3.9
2021-08-06 04:19:43.516482,3912504,0.0,0.0
2021-08-06 04:19:43.516482,3912567,0.0,3.9
2021-08-06 04:19:43.672899,3912504,0.0,0.0
2021-08-06 04:19:43.672899,3912567,0.0,3.9
2021-08-06 04:19:43.829346,3912504,0.0,0.0
2021-08-06 04:19:43.829346,3912567,0.0,3.9
2021-08-06 04:19:43.986355,3912567,6.2,3.9
2021-08-06 04:19:43.986355,3912504,0.0,0.0
2021-08-06 04:19:44.144485,3912504,0.0,0.0
2021-08-06 04:19:44.144485,3912567,0.0,3.9
2021-08-06 04:19:44.301866,3912504,0.0,0.0
2021-08-06 04:19:44.301866,3912567,0.0,3.9
2021-08-06 04:19:44.458334,3912504,0.0,0.0
2021-08-06 04:19:44.458334,3912567,0.0,3.9
2021-08-06 04:19:44.616113,3912504,0.0,0.0
2021-08-06 04:19:44.616113,3912567,0.0,3.9
2021-08-06 04:19:44.775780,3912504,0.0,0.0
2021-08-06 04:19:44.775780,3912567,0.0,3.9
2021-08-06 04:19:44.934822,3912504,0.0,0.0
2021-08-06 04:19:44.934822,3912567,0.0,3.9
2021-08-06 04:19:45.092022,3912504,0.0,0.0
2021-08-06 04:19:45.092022,3912567,0.0,3.9
2021-08-06 04:19:45.249001,3912504,0.0,0.0
2021-08-06 04:19:45.249001,3912567,0.0,3.9
2021-08-06 04:19:45.405860,3912504,0.0,0.0
2021-08-06 04:19:45.405860,3912567,0.0,3.9
2021-08-06 04:19:45.562639,3912504,0.0,0.0
2021-08-06 04:19:45.562639,3912567,0.0,3.9
2021-08-06 04:19:45.719567,3912504,0.0,0.0
2021-08-06 04:19:45.719567,3912567,0.0,3.9
2021-08-06 04:19:45.877257,3912504,0.0,0.0
2021-08-06 04:19:45.877257,3912567,0.0,3.9
2021-08-06 04:19:46.034577,3912504,0.0,0.0
2021-08-06 04:19:46.034577,3912567,0.0,3.9
2021-08-06 04:19:46.190973,3912504,0.0,0.0
2021-08-06 04:19:46.190973,3912567,0.0,3.9
2021-08-06 04:19:46.346848,3912504,0.0,0.0
2021-08-06 04:19:46.346848,3912567,0.0,3.9
2021-08-06 04:19:46.505745,3912504,0.0,0.0
2021-08-06 04:19:46.505745,3912567,0.0,3.9
2021-08-06 04:19:46.662575,3912504,0.0,0.0
2021-08-06 04:19:46.662575,3912567,0.0,3.9
2021-08-06 04:19:46.819390,3912504,0.0,0.0
2021-08-06 04:19:46.819390,3912567,0.0,3.9
2021-08-06 04:19:46.976289,3912504,0.0,0.0
2021-08-06 04:19:46.976289,3912567,0.0,3.9
2021-08-06 04:19:47.133243,3912504,0.0,0.0
2021-08-06 04:19:47.133243,3912567,0.0,3.9
2021-08-06 04:19:47.291124,3912504,0.0,0.0
2021-08-06 04:19:47.291124,3912567,0.0,3.9
2021-08-06 04:19:47.448909,3912504,0.0,0.0
2021-08-06 04:19:47.448909,3912567,0.0,3.9
2021-08-06 04:19:47.606802,3912504,0.0,0.0
2021-08-06 04:19:47.606802,3912567,0.0,3.9
2021-08-06 04:19:47.764782,3912504,0.0,0.0
2021-08-06 04:19:47.764782,3912567,0.0,3.9
2021-08-06 04:19:47.922408,3912504,0.0,0.0
2021-08-06 04:19:47.922408,3912567,0.0,3.9
2021-08-06 04:19:48.079824,3912504,0.0,0.0
2021-08-06 04:19:48.079824,3912567,0.0,3.9
2021-08-06 04:19:48.236992,3912504,0.0,0.0
2021-08-06 04:19:48.236992,3912567,0.0,3.9
2021-08-06 04:19:48.395793,3912504,0.0,0.0
2021-08-06 04:19:48.395793,3912567,0.0,3.9
2021-08-06 04:19:48.553302,3912504,0.0,0.0
2021-08-06 04:19:48.553302,3912567,0.0,3.9
2021-08-06 04:19:48.709287,3912504,0.0,0.0
2021-08-06 04:19:48.709287,3912567,0.0,3.9
2021-08-06 04:19:48.865192,3912504,0.0,0.0
2021-08-06 04:19:48.865192,3912567,0.0,3.9
2021-08-06 04:19:49.020956,3912504,0.0,0.0
2021-08-06 04:19:49.020956,3912567,0.0,3.9
2021-08-06 04:19:49.176034,3912504,0.0,0.0
2021-08-06 04:19:49.176034,3912567,0.0,3.9
2021-08-06 04:19:49.331849,3912504,0.0,0.0
2021-08-06 04:19:49.331849,3912567,0.0,3.9
2021-08-06 04:19:49.487536,3912504,0.0,0.0
2021-08-06 04:19:49.487536,3912567,0.0,3.9
2021-08-06 04:19:49.643264,3912504,0.0,0.0
2021-08-06 04:19:49.643264,3912567,0.0,3.9
2021-08-06 04:19:49.798541,3912504,0.0,0.0
2021-08-06 04:19:49.798541,3912567,0.0,3.9
2021-08-06 04:19:49.953402,3912504,0.0,0.0
2021-08-06 04:19:49.953402,3912567,0.0,3.9
2021-08-06 04:19:50.108977,3912504,0.0,0.0
2021-08-06 04:19:50.108977,3912567,0.0,3.9
2021-08-06 04:19:50.263584,3912504,0.0,0.0
2021-08-06 04:19:50.263584,3912567,0.0,3.9
2021-08-06 04:19:50.419087,3912504,0.0,0.0
2021-08-06 04:19:50.419087,3912567,0.0,3.9
2021-08-06 04:19:50.574621,3912504,0.0,0.0
2021-08-06 04:19:50.574621,3912567,0.0,3.9
2021-08-06 04:19:50.730316,3912504,0.0,0.0
2021-08-06 04:19:50.730316,3912567,0.0,3.9
2021-08-06 04:19:50.885007,3912504,0.0,0.0
2021-08-06 04:19:50.885007,3912567,0.0,3.9
2021-08-06 04:19:51.039799,3912504,0.0,0.0
2021-08-06 04:19:51.039799,3912567,0.0,3.9
2021-08-06 04:19:51.195055,3912504,0.0,0.0
2021-08-06 04:19:51.195055,3912567,0.0,3.9
2021-08-06 04:19:51.350345,3912504,0.0,0.0
2021-08-06 04:19:51.350345,3912567,0.0,3.9
2021-08-06 04:19:51.505669,3912504,0.0,0.0
2021-08-06 04:19:51.505669,3912567,0.0,3.9
2021-08-06 04:19:51.661318,3912504,0.0,0.0
2021-08-06 04:19:51.661318,3912567,0.0,3.9
2021-08-06 04:19:51.817150,3912504,0.0,0.0
2021-08-06 04:19:51.817150,3912567,0.0,3.9
2021-08-06 04:19:51.972688,3912504,0.0,0.0
2021-08-06 04:19:51.972688,3912567,0.0,3.9
2021-08-06 04:19:52.128090,3912504,0.0,0.0
2021-08-06 04:19:52.128090,3912567,0.0,3.9
2021-08-06 04:19:52.283761,3912504,0.0,0.0
2021-08-06 04:19:52.283761,3912567,0.0,3.9
2021-08-06 04:19:52.438765,3912504,0.0,0.0
2021-08-06 04:19:52.438765,3912567,0.0,3.9
2021-08-06 04:19:52.594172,3912504,0.0,0.0
2021-08-06 04:19:52.594172,3912567,0.0,3.9
2021-08-06 04:19:52.749039,3912504,0.0,0.0
2021-08-06 04:19:52.749039,3912567,0.0,3.9
2021-08-06 04:19:52.904209,3912504,0.0,0.0
2021-08-06 04:19:52.904209,3912567,0.0,3.9
2021-08-06 04:19:53.059667,3912504,0.0,0.0
2021-08-06 04:19:53.059667,3912567,0.0,3.9
2021-08-06 04:19:53.215121,3912504,0.0,0.0
2021-08-06 04:19:53.215121,3912567,0.0,3.9
2021-08-06 04:19:53.370503,3912504,0.0,0.0
2021-08-06 04:19:53.370503,3912567,0.0,3.9
2021-08-06 04:19:53.525508,3912504,0.0,0.0
2021-08-06 04:19:53.525508,3912567,0.0,3.9
2021-08-06 04:19:53.680284,3912504,0.0,0.0
2021-08-06 04:19:53.680284,3912567,0.0,3.9
2021-08-06 04:19:53.836169,3912504,0.0,0.0
2021-08-06 04:19:53.836169,3912567,0.0,3.9
2021-08-06 04:19:53.992177,3912504,0.0,0.0
2021-08-06 04:19:53.992177,3912567,0.0,3.9
2021-08-06 04:19:54.147868,3912504,0.0,0.0
2021-08-06 04:19:54.147868,3912567,0.0,3.9
2021-08-06 04:19:54.303344,3912504,0.0,0.0
2021-08-06 04:19:54.303344,3912567,0.0,3.9
2021-08-06 04:19:54.458790,3912504,0.0,0.0
2021-08-06 04:19:54.458790,3912567,0.0,3.9
2021-08-06 04:19:54.613995,3912504,0.0,0.0
2021-08-06 04:19:54.613995,3912567,0.0,3.9
2021-08-06 04:19:54.769566,3912504,0.0,0.0
2021-08-06 04:19:54.769566,3912567,0.0,3.9
2021-08-06 04:19:54.925197,3912504,0.0,0.0
2021-08-06 04:19:54.925197,3912567,0.0,3.9
2021-08-06 04:19:55.079985,3912504,0.0,0.0
2021-08-06 04:19:55.079985,3912567,0.0,3.9
2021-08-06 04:19:55.235055,3912504,0.0,0.0
2021-08-06 04:19:55.235055,3912567,0.0,3.9
2021-08-06 04:19:55.389758,3912504,0.0,0.0
2021-08-06 04:19:55.389758,3912567,0.0,3.9
2021-08-06 04:19:55.545491,3912504,0.0,0.0
2021-08-06 04:19:55.545491,3912567,0.0,3.9
2021-08-06 04:19:55.700792,3912504,0.0,0.0
2021-08-06 04:19:55.700792,3912567,0.0,3.9
2021-08-06 04:19:55.856127,3912504,0.0,0.0
2021-08-06 04:19:55.856127,3912567,0.0,3.9
2021-08-06 04:19:56.011936,3912504,0.0,0.0
2021-08-06 04:19:56.011936,3912567,0.0,3.9
2021-08-06 04:19:56.167578,3912504,0.0,0.0
2021-08-06 04:19:56.167578,3912567,0.0,3.9
2021-08-06 04:19:56.324137,3912504,0.0,0.0
2021-08-06 04:19:56.324137,3912567,0.0,3.9
2021-08-06 04:19:56.481631,3912504,0.0,0.0
2021-08-06 04:19:56.481631,3912567,0.0,3.9
2021-08-06 04:19:56.637776,3912504,0.0,0.0
2021-08-06 04:19:56.637776,3912567,0.0,3.9
2021-08-06 04:19:56.794492,3912504,0.0,0.0
2021-08-06 04:19:56.794492,3912567,0.0,3.9
2021-08-06 04:19:56.951239,3912504,0.0,0.0
2021-08-06 04:19:56.951239,3912567,0.0,3.9
2021-08-06 04:19:57.107985,3912504,0.0,0.0
2021-08-06 04:19:57.107985,3912567,0.0,3.9
2021-08-06 04:19:57.265775,3912504,0.0,0.0
2021-08-06 04:19:57.265775,3912567,0.0,3.9
2021-08-06 04:19:57.422069,3912504,0.0,0.0
2021-08-06 04:19:57.422069,3912567,0.0,3.9
2021-08-06 04:19:57.577784,3912504,0.0,0.0
2021-08-06 04:19:57.577784,3912567,0.0,3.9
2021-08-06 04:19:57.733511,3912504,0.0,0.0
2021-08-06 04:19:57.733511,3912567,0.0,3.9
2021-08-06 04:19:57.889085,3912504,0.0,0.0
2021-08-06 04:19:57.889085,3912567,0.0,3.9
2021-08-06 04:19:58.043850,3912504,0.0,0.0
2021-08-06 04:19:58.043850,3912567,0.0,3.9
2021-08-06 04:19:58.198672,3912504,0.0,0.0
2021-08-06 04:19:58.198672,3912567,0.0,3.9
2021-08-06 04:19:58.353547,3912504,0.0,0.0
2021-08-06 04:19:58.353547,3912567,0.0,3.9
2021-08-06 04:19:58.509376,3912504,0.0,0.0
2021-08-06 04:19:58.509376,3912567,0.0,3.9
2021-08-06 04:19:58.665394,3912504,0.0,0.0
2021-08-06 04:19:58.665394,3912567,0.0,3.9
2021-08-06 04:19:58.820386,3912504,0.0,0.0
2021-08-06 04:19:58.820386,3912567,0.0,3.9
2021-08-06 04:19:58.975310,3912504,0.0,0.0
2021-08-06 04:19:58.975310,3912567,0.0,3.9
2021-08-06 04:19:59.131702,3912504,0.0,0.0
2021-08-06 04:19:59.131702,3912567,0.0,3.9
2021-08-06 04:19:59.287328,3912504,0.0,0.0
2021-08-06 04:19:59.287328,3912567,0.0,3.9
2021-08-06 04:19:59.443579,3912504,0.0,0.0
2021-08-06 04:19:59.443579,3912567,0.0,3.9
2021-08-06 04:19:59.599367,3912504,0.0,0.0
2021-08-06 04:19:59.599367,3912567,0.0,3.9
2021-08-06 04:19:59.755473,3912504,0.0,0.0
2021-08-06 04:19:59.755473,3912567,0.0,3.9
2021-08-06 04:19:59.911773,3912504,0.0,0.0
2021-08-06 04:19:59.911773,3912567,0.0,3.9
2021-08-06 04:20:00.067420,3912504,0.0,0.0
2021-08-06 04:20:00.067420,3912567,0.0,3.9
2021-08-06 04:20:00.223892,3912504,0.0,0.0
2021-08-06 04:20:00.223892,3912567,0.0,3.9
2021-08-06 04:20:00.379638,3912504,0.0,0.0
2021-08-06 04:20:00.379638,3912567,0.0,3.9
2021-08-06 04:20:00.535344,3912504,0.0,0.0
2021-08-06 04:20:00.535344,3912567,0.0,3.9
2021-08-06 04:20:00.691603,3912504,0.0,0.0
2021-08-06 04:20:00.691603,3912567,0.0,3.9
2021-08-06 04:20:00.847919,3912504,0.0,0.0
2021-08-06 04:20:00.847919,3912567,0.0,3.9
2021-08-06 04:20:01.005251,3912504,0.0,0.0
2021-08-06 04:20:01.005251,3912567,0.0,3.9
2021-08-06 04:20:01.162371,3912504,0.0,0.0
2021-08-06 04:20:01.162371,3912567,0.0,3.9
2021-08-06 04:20:01.319376,3912504,0.0,0.0
2021-08-06 04:20:01.319376,3912567,0.0,3.9
2021-08-06 04:20:01.476653,3912504,0.0,0.0
2021-08-06 04:20:01.476653,3912567,0.0,3.9
2021-08-06 04:20:01.633992,3912504,0.0,0.0
2021-08-06 04:20:01.633992,3912567,0.0,3.9
2021-08-06 04:20:01.791100,3912504,0.0,0.0
2021-08-06 04:20:01.791100,3912567,0.0,3.9
2021-08-06 04:20:01.948815,3912504,0.0,0.0
2021-08-06 04:20:01.948815,3912567,0.0,3.9
2021-08-06 04:20:02.106501,3912504,0.0,0.0
2021-08-06 04:20:02.106501,3912567,0.0,3.9
2021-08-06 04:20:02.263770,3912504,0.0,0.0
2021-08-06 04:20:02.263770,3912567,0.0,3.9
2021-08-06 04:20:02.420440,3912504,0.0,0.0
2021-08-06 04:20:02.420440,3912567,0.0,3.9
2021-08-06 04:20:02.578134,3912504,0.0,0.0
2021-08-06 04:20:02.578134,3912567,0.0,3.9
2021-08-06 04:20:02.735379,3912504,0.0,0.0
2021-08-06 04:20:02.735379,3912567,0.0,3.9
2021-08-06 04:20:02.892195,3912504,0.0,0.0
2021-08-06 04:20:02.892195,3912567,0.0,3.9
2021-08-06 04:20:03.050194,3912504,0.0,0.0
2021-08-06 04:20:03.050194,3912567,0.0,3.9
2021-08-06 04:20:03.207291,3912504,0.0,0.0
2021-08-06 04:20:03.207291,3912567,0.0,3.9
2021-08-06 04:20:03.364332,3912567,6.7,3.9
2021-08-06 04:20:03.364332,3912504,0.0,0.0
2021-08-06 04:20:03.521284,3912504,0.0,0.0
2021-08-06 04:20:03.521284,3912567,0.0,3.9
2021-08-06 04:20:03.678483,3912504,0.0,0.0
2021-08-06 04:20:03.678483,3912567,0.0,3.9
2021-08-06 04:20:03.836228,3912504,0.0,0.0
2021-08-06 04:20:03.836228,3912567,0.0,3.9
2021-08-06 04:20:03.993741,3912504,0.0,0.0
2021-08-06 04:20:03.993741,3912567,0.0,3.9
2021-08-06 04:20:04.150476,3912504,0.0,0.0
2021-08-06 04:20:04.150476,3912567,0.0,3.9
2021-08-06 04:20:04.307692,3912504,0.0,0.0
2021-08-06 04:20:04.307692,3912567,0.0,3.9
2021-08-06 04:20:04.465315,3912504,0.0,0.0
2021-08-06 04:20:04.465315,3912567,0.0,3.9
2021-08-06 04:20:04.621786,3912504,0.0,0.0
2021-08-06 04:20:04.621786,3912567,0.0,3.9
2021-08-06 04:20:04.778729,3912504,0.0,0.0
2021-08-06 04:20:04.778729,3912567,0.0,3.9
2021-08-06 04:20:04.935888,3912504,0.0,0.0
2021-08-06 04:20:04.935888,3912567,0.0,3.9
2021-08-06 04:20:05.093954,3912504,0.0,0.0
2021-08-06 04:20:05.093954,3912567,0.0,3.9
2021-08-06 04:20:05.250928,3912504,0.0,0.0
2021-08-06 04:20:05.250928,3912567,0.0,3.9
2021-08-06 04:20:05.408918,3912504,0.0,0.0
2021-08-06 04:20:05.408918,3912567,0.0,3.9
2021-08-06 04:20:05.566518,3912504,0.0,0.0
2021-08-06 04:20:05.566518,3912567,0.0,3.9
2021-08-06 04:20:05.723057,3912504,0.0,0.0
2021-08-06 04:20:05.723057,3912567,0.0,3.9
2021-08-06 04:20:05.880422,3912504,0.0,0.0
2021-08-06 04:20:05.880422,3912567,0.0,3.9
2021-08-06 04:20:06.037607,3912504,0.0,0.0
2021-08-06 04:20:06.037607,3912567,0.0,3.9
2021-08-06 04:20:06.192863,3912567,6.7,3.9
2021-08-06 04:20:06.192863,3912504,0.0,0.0
2021-08-06 04:20:06.348572,3912504,0.0,0.0
2021-08-06 04:20:06.348572,3912567,0.0,3.9
2021-08-06 04:20:06.503365,3912504,0.0,0.0
2021-08-06 04:20:06.503365,3912567,0.0,3.9
2021-08-06 04:20:06.659113,3912504,0.0,0.0
2021-08-06 04:20:06.659113,3912567,0.0,3.9
2021-08-06 04:20:06.814400,3912504,0.0,0.0
2021-08-06 04:20:06.814400,3912567,0.0,3.9
2021-08-06 04:20:06.970070,3912504,0.0,0.0
2021-08-06 04:20:06.970070,3912567,0.0,3.9
2021-08-06 04:20:07.125024,3912504,0.0,0.0
2021-08-06 04:20:07.125024,3912567,0.0,3.9
2021-08-06 04:20:07.280409,3912504,0.0,0.0
2021-08-06 04:20:07.280409,3912567,0.0,3.9
2021-08-06 04:20:07.435840,3912504,0.0,0.0
2021-08-06 04:20:07.435840,3912567,0.0,3.9
2021-08-06 04:20:07.591274,3912504,0.0,0.0
2021-08-06 04:20:07.591274,3912567,0.0,3.9
2021-08-06 04:20:07.745891,3912504,0.0,0.0
2021-08-06 04:20:07.745891,3912567,0.0,3.9
2021-08-06 04:20:07.901650,3912504,0.0,0.0
2021-08-06 04:20:07.901650,3912567,0.0,3.9
2021-08-06 04:20:08.056960,3912504,0.0,0.0
2021-08-06 04:20:08.056960,3912567,0.0,3.9
2021-08-06 04:20:08.212595,3912504,0.0,0.0
2021-08-06 04:20:08.212595,3912567,0.0,3.9
2021-08-06 04:20:08.368267,3912504,0.0,0.0
2021-08-06 04:20:08.368267,3912567,0.0,3.9
2021-08-06 04:20:08.524094,3912504,0.0,0.0
2021-08-06 04:20:08.524094,3912567,0.0,3.9
2021-08-06 04:20:08.679679,3912504,0.0,0.0
2021-08-06 04:20:08.679679,3912567,0.0,3.9
2021-08-06 04:20:08.835368,3912504,0.0,0.0
2021-08-06 04:20:08.835368,3912567,0.0,3.9
2021-08-06 04:20:08.990614,3912504,0.0,0.0
2021-08-06 04:20:08.990614,3912567,0.0,3.9
2021-08-06 04:20:09.146337,3912504,0.0,0.0
2021-08-06 04:20:09.146337,3912567,0.0,3.9
2021-08-06 04:20:09.301552,3912504,0.0,0.0
2021-08-06 04:20:09.301552,3912567,0.0,3.9
2021-08-06 04:20:09.457199,3912504,0.0,0.0
2021-08-06 04:20:09.457199,3912567,0.0,3.9
2021-08-06 04:20:09.613016,3912504,0.0,0.0
2021-08-06 04:20:09.613016,3912567,0.0,3.9
2021-08-06 04:20:09.767933,3912504,0.0,0.0
2021-08-06 04:20:09.767933,3912567,0.0,3.9
2021-08-06 04:20:09.923519,3912504,0.0,0.0
2021-08-06 04:20:09.923519,3912567,0.0,3.9
2021-08-06 04:20:10.078982,3912504,0.0,0.0
2021-08-06 04:20:10.078982,3912567,0.0,3.9
2021-08-06 04:20:10.234261,3912504,0.0,0.0
2021-08-06 04:20:10.234261,3912567,0.0,3.9
2021-08-06 04:20:10.389415,3912504,0.0,0.0
2021-08-06 04:20:10.389415,3912567,0.0,3.9
2021-08-06 04:20:10.545437,3912504,0.0,0.0
2021-08-06 04:20:10.545437,3912567,0.0,3.9
2021-08-06 04:20:10.701167,3912504,0.0,0.0
2021-08-06 04:20:10.701167,3912567,0.0,3.9
2021-08-06 04:20:10.856667,3912504,0.0,0.0
2021-08-06 04:20:10.856667,3912567,0.0,3.9
2021-08-06 04:20:11.012333,3912504,0.0,0.0
2021-08-06 04:20:11.012333,3912567,0.0,3.9
2021-08-06 04:20:11.168077,3912504,0.0,0.0
2021-08-06 04:20:11.168077,3912567,0.0,3.9
2021-08-06 04:20:11.323299,3912504,0.0,0.0
2021-08-06 04:20:11.323299,3912567,0.0,3.9
2021-08-06 04:20:11.478877,3912504,0.0,0.0
2021-08-06 04:20:11.478877,3912567,0.0,3.9
2021-08-06 04:20:11.633597,3912504,0.0,0.0
2021-08-06 04:20:11.633597,3912567,0.0,3.9
2021-08-06 04:20:11.789543,3912504,0.0,0.0
2021-08-06 04:20:11.789543,3912567,0.0,3.9
2021-08-06 04:20:11.945567,3912504,0.0,0.0
2021-08-06 04:20:11.945567,3912567,0.0,3.9
2021-08-06 04:20:12.100947,3912504,0.0,0.0
2021-08-06 04:20:12.100947,3912567,0.0,3.9
2021-08-06 04:20:12.256440,3912504,0.0,0.0
2021-08-06 04:20:12.256440,3912567,0.0,3.9
2021-08-06 04:20:12.412130,3912504,0.0,0.0
2021-08-06 04:20:12.412130,3912567,0.0,3.9
2021-08-06 04:20:12.567127,3912504,0.0,0.0
2021-08-06 04:20:12.567127,3912567,0.0,3.9
2021-08-06 04:20:12.722340,3912504,0.0,0.0
2021-08-06 04:20:12.722340,3912567,0.0,3.9
2021-08-06 04:20:12.877809,3912504,0.0,0.0
2021-08-06 04:20:12.877809,3912567,0.0,3.9
2021-08-06 04:20:13.033172,3912504,0.0,0.0
2021-08-06 04:20:13.033172,3912567,0.0,3.9
2021-08-06 04:20:13.188730,3912504,0.0,0.0
2021-08-06 04:20:13.188730,3912567,0.0,3.9
2021-08-06 04:20:13.344086,3912504,0.0,0.0
2021-08-06 04:20:13.344086,3912567,0.0,3.9
2021-08-06 04:20:13.499848,3912504,0.0,0.0
2021-08-06 04:20:13.499848,3912567,0.0,3.9
2021-08-06 04:20:13.655691,3912504,0.0,0.0
2021-08-06 04:20:13.655691,3912567,0.0,3.9
2021-08-06 04:20:13.811276,3912504,0.0,0.0
2021-08-06 04:20:13.811276,3912567,0.0,3.9
2021-08-06 04:20:13.966362,3912504,0.0,0.0
2021-08-06 04:20:13.966362,3912567,0.0,3.9
2021-08-06 04:20:14.122230,3912504,0.0,0.0
2021-08-06 04:20:14.122230,3912567,0.0,3.9
2021-08-06 04:20:14.277260,3912504,0.0,0.0
2021-08-06 04:20:14.277260,3912567,0.0,3.9
2021-08-06 04:20:14.432891,3912504,0.0,0.0
2021-08-06 04:20:14.432891,3912567,0.0,3.9
2021-08-06 04:20:14.588036,3912504,0.0,0.0
2021-08-06 04:20:14.588036,3912567,0.0,3.9
2021-08-06 04:20:14.743779,3912504,0.0,0.0
2021-08-06 04:20:14.743779,3912567,0.0,3.9
2021-08-06 04:20:14.900829,3912504,0.0,0.0
2021-08-06 04:20:14.900829,3912567,0.0,3.9
2021-08-06 04:20:15.057058,3912504,0.0,0.0
2021-08-06 04:20:15.057058,3912567,0.0,3.9
2021-08-06 04:20:15.213097,3912504,0.0,0.0
2021-08-06 04:20:15.213097,3912567,0.0,3.9
2021-08-06 04:20:15.370126,3912504,0.0,0.0
2021-08-06 04:20:15.370126,3912567,0.0,3.9
2021-08-06 04:20:15.526329,3912504,0.0,0.0
2021-08-06 04:20:15.526329,3912567,0.0,3.9
2021-08-06 04:20:15.683009,3912504,0.0,0.0
2021-08-06 04:20:15.683009,3912567,0.0,3.9
2021-08-06 04:20:15.838701,3912504,0.0,0.0
2021-08-06 04:20:15.838701,3912567,0.0,3.9
2021-08-06 04:20:15.995326,3912504,0.0,0.0
2021-08-06 04:20:15.995326,3912567,0.0,3.9
2021-08-06 04:20:16.150988,3912504,0.0,0.0
2021-08-06 04:20:16.150988,3912567,0.0,3.9
2021-08-06 04:20:16.307397,3912504,0.0,0.0
2021-08-06 04:20:16.307397,3912567,0.0,3.9
2021-08-06 04:20:16.463636,3912504,0.0,0.0
2021-08-06 04:20:16.463636,3912567,0.0,3.9
2021-08-06 04:20:16.619364,3912504,0.0,0.0
2021-08-06 04:20:16.619364,3912567,0.0,3.9
2021-08-06 04:20:16.775561,3912504,0.0,0.0
2021-08-06 04:20:16.775561,3912567,0.0,3.9
2021-08-06 04:20:16.931330,3912504,0.0,0.0
2021-08-06 04:20:16.931330,3912567,0.0,3.9
2021-08-06 04:20:17.087673,3912504,0.0,0.0
2021-08-06 04:20:17.087673,3912567,0.0,3.9
2021-08-06 04:20:17.243648,3912504,0.0,0.0
2021-08-06 04:20:17.243648,3912567,0.0,3.9
2021-08-06 04:20:17.399692,3912504,0.0,0.0
2021-08-06 04:20:17.399692,3912567,0.0,3.9
2021-08-06 04:20:17.558559,3912504,0.0,0.0
2021-08-06 04:20:17.558559,3912567,0.0,3.9
2021-08-06 04:20:17.715660,3912504,0.0,0.0
2021-08-06 04:20:17.715660,3912567,0.0,3.9
2021-08-06 04:20:17.873270,3912504,0.0,0.0
2021-08-06 04:20:17.873270,3912567,0.0,3.9
2021-08-06 04:20:18.031558,3912504,0.0,0.0
2021-08-06 04:20:18.031558,3912567,0.0,3.9
2021-08-06 04:20:18.188759,3912504,0.0,0.0
2021-08-06 04:20:18.188759,3912567,0.0,3.9
2021-08-06 04:20:18.347796,3912504,0.0,0.0
2021-08-06 04:20:18.347796,3912567,0.0,3.9
2021-08-06 04:20:18.503922,3912504,0.0,0.0
2021-08-06 04:20:18.503922,3912567,0.0,3.9
2021-08-06 04:20:18.663561,3912504,0.0,0.0
2021-08-06 04:20:18.663561,3912567,0.0,3.9
2021-08-06 04:20:18.821033,3912504,0.0,0.0
2021-08-06 04:20:18.821033,3912567,0.0,3.9
2021-08-06 04:20:18.977729,3912504,0.0,0.0
2021-08-06 04:20:18.977729,3912567,0.0,3.9
2021-08-06 04:20:19.134061,3912504,0.0,0.0
2021-08-06 04:20:19.134061,3912567,0.0,3.9
2021-08-06 04:20:19.290491,3912504,0.0,0.0
2021-08-06 04:20:19.290491,3912567,0.0,3.9
2021-08-06 04:20:19.446863,3912504,0.0,0.0
2021-08-06 04:20:19.446863,3912567,0.0,3.9
2021-08-06 04:20:19.603351,3912504,0.0,0.0
2021-08-06 04:20:19.603351,3912567,0.0,3.9
2021-08-06 04:20:19.759522,3912504,0.0,0.0
2021-08-06 04:20:19.759522,3912567,0.0,3.9
2021-08-06 04:20:19.917011,3912504,0.0,0.0
2021-08-06 04:20:19.917011,3912567,0.0,3.9
2021-08-06 04:20:20.074686,3912504,0.0,0.0
2021-08-06 04:20:20.074686,3912567,0.0,3.9
2021-08-06 04:20:20.232335,3912504,0.0,0.0
2021-08-06 04:20:20.232335,3912567,0.0,3.9
2021-08-06 04:20:20.389520,3912504,0.0,0.0
2021-08-06 04:20:20.389520,3912567,0.0,3.9
2021-08-06 04:20:20.545521,3912504,0.0,0.0
2021-08-06 04:20:20.545521,3912567,0.0,3.9
2021-08-06 04:20:20.703596,3912504,0.0,0.0
2021-08-06 04:20:20.703596,3912567,0.0,3.9
2021-08-06 04:20:20.860892,3912504,0.0,0.0
2021-08-06 04:20:20.860892,3912567,0.0,3.9
2021-08-06 04:20:21.018407,3912504,0.0,0.0
2021-08-06 04:20:21.018407,3912567,0.0,3.9
2021-08-06 04:20:21.175350,3912504,0.0,0.0
2021-08-06 04:20:21.175350,3912567,0.0,3.9
2021-08-06 04:20:21.331276,3912504,0.0,0.0
2021-08-06 04:20:21.331276,3912567,0.0,3.9
2021-08-06 04:20:21.486653,3912504,0.0,0.0
2021-08-06 04:20:21.486653,3912567,0.0,3.9
2021-08-06 04:20:21.641647,3912504,0.0,0.0
2021-08-06 04:20:21.641647,3912567,0.0,3.9
2021-08-06 04:20:21.797339,3912504,0.0,0.0
2021-08-06 04:20:21.797339,3912567,0.0,3.9
2021-08-06 04:20:21.953061,3912504,0.0,0.0
2021-08-06 04:20:21.953061,3912567,0.0,3.9
2021-08-06 04:20:22.108820,3912504,0.0,0.0
2021-08-06 04:20:22.108820,3912567,0.0,3.9
2021-08-06 04:20:22.263786,3912504,0.0,0.0
2021-08-06 04:20:22.263786,3912567,0.0,3.9
2021-08-06 04:20:22.419364,3912504,0.0,0.0
2021-08-06 04:20:22.419364,3912567,0.0,3.9
2021-08-06 04:20:22.574303,3912504,0.0,0.0
2021-08-06 04:20:22.574303,3912567,0.0,3.9
2021-08-06 04:20:22.729817,3912504,0.0,0.0
2021-08-06 04:20:22.729817,3912567,0.0,3.9
2021-08-06 04:20:22.885309,3912504,0.0,0.0
2021-08-06 04:20:22.885309,3912567,0.0,3.9
2021-08-06 04:20:23.041076,3912504,0.0,0.0
2021-08-06 04:20:23.041076,3912567,0.0,3.9
2021-08-06 04:20:23.196734,3912504,0.0,0.0
2021-08-06 04:20:23.196734,3912567,0.0,3.9
2021-08-06 04:20:23.351408,3912504,0.0,0.0
2021-08-06 04:20:23.351408,3912567,0.0,3.9
2021-08-06 04:20:23.507105,3912504,0.0,0.0
2021-08-06 04:20:23.507105,3912567,0.0,3.9
2021-08-06 04:20:23.662377,3912504,0.0,0.0
2021-08-06 04:20:23.662377,3912567,0.0,3.9
2021-08-06 04:20:23.817492,3912504,0.0,0.0
2021-08-06 04:20:23.817492,3912567,0.0,3.9
2021-08-06 04:20:23.972510,3912504,0.0,0.0
2021-08-06 04:20:23.972510,3912567,0.0,3.9
2021-08-06 04:20:24.127531,3912504,0.0,0.0
2021-08-06 04:20:24.127531,3912567,0.0,3.9
2021-08-06 04:20:24.283424,3912504,0.0,0.0
2021-08-06 04:20:24.283424,3912567,0.0,3.9
2021-08-06 04:20:24.439119,3912504,0.0,0.0
2021-08-06 04:20:24.439119,3912567,0.0,3.9
2021-08-06 04:20:24.594014,3912504,0.0,0.0
2021-08-06 04:20:24.594014,3912567,0.0,3.9
2021-08-06 04:20:24.749088,3912504,0.0,0.0
2021-08-06 04:20:24.749088,3912567,0.0,3.9
2021-08-06 04:20:24.904954,3912504,0.0,0.0
2021-08-06 04:20:24.904954,3912567,0.0,3.9
2021-08-06 04:20:25.060463,3912504,0.0,0.0
2021-08-06 04:20:25.060463,3912567,0.0,3.9
2021-08-06 04:20:25.215748,3912504,0.0,0.0
2021-08-06 04:20:25.215748,3912567,0.0,3.9
2021-08-06 04:20:25.371185,3912504,0.0,0.0
2021-08-06 04:20:25.371185,3912567,0.0,3.9
2021-08-06 04:20:25.526861,3912504,0.0,0.0
2021-08-06 04:20:25.526861,3912567,0.0,3.9
2021-08-06 04:20:25.681530,3912504,0.0,0.0
2021-08-06 04:20:25.681530,3912567,0.0,3.9
2021-08-06 04:20:25.836515,3912504,0.0,0.0
2021-08-06 04:20:25.836515,3912567,0.0,3.9
2021-08-06 04:20:25.992159,3912504,0.0,0.0
2021-08-06 04:20:25.992159,3912567,0.0,3.9
2021-08-06 04:20:26.146822,3912504,0.0,0.0
2021-08-06 04:20:26.146822,3912567,0.0,3.9
2021-08-06 04:20:26.302720,3912504,0.0,0.0
2021-08-06 04:20:26.302720,3912567,0.0,3.9
2021-08-06 04:20:26.457919,3912504,0.0,0.0
2021-08-06 04:20:26.457919,3912567,0.0,3.9
2021-08-06 04:20:26.612719,3912504,0.0,0.0
2021-08-06 04:20:26.612719,3912567,0.0,3.9
2021-08-06 04:20:26.767476,3912504,0.0,0.0
2021-08-06 04:20:26.767476,3912567,0.0,3.9
2021-08-06 04:20:26.923011,3912504,0.0,0.0
2021-08-06 04:20:26.923011,3912567,0.0,3.9
2021-08-06 04:20:27.077899,3912504,0.0,0.0
2021-08-06 04:20:27.077899,3912567,0.0,3.9
2021-08-06 04:20:27.233347,3912504,0.0,0.0
2021-08-06 04:20:27.233347,3912567,0.0,3.9
2021-08-06 04:20:27.388952,3912504,0.0,0.0
2021-08-06 04:20:27.388952,3912567,0.0,3.9
2021-08-06 04:20:27.544492,3912504,0.0,0.0
2021-08-06 04:20:27.544492,3912567,0.0,3.9
2021-08-06 04:20:27.699060,3912504,0.0,0.0
2021-08-06 04:20:27.699060,3912567,0.0,3.9
2021-08-06 04:20:27.854672,3912504,0.0,0.0
2021-08-06 04:20:27.854672,3912567,0.0,3.9
2021-08-06 04:20:28.009657,3912504,0.0,0.0
2021-08-06 04:20:28.009657,3912567,0.0,3.9
2021-08-06 04:20:28.165332,3912504,0.0,0.0
2021-08-06 04:20:28.165332,3912567,0.0,3.9
2021-08-06 04:20:28.320442,3912504,0.0,0.0
2021-08-06 04:20:28.320442,3912567,0.0,3.9
2021-08-06 04:20:28.475972,3912504,0.0,0.0
2021-08-06 04:20:28.475972,3912567,0.0,3.9
2021-08-06 04:20:28.631323,3912504,0.0,0.0
2021-08-06 04:20:28.631323,3912567,0.0,3.9
2021-08-06 04:20:28.787296,3912504,0.0,0.0
2021-08-06 04:20:28.787296,3912567,0.0,3.9
2021-08-06 04:20:28.943576,3912504,0.0,0.0
2021-08-06 04:20:28.943576,3912567,0.0,3.9
2021-08-06 04:20:29.099390,3912504,0.0,0.0
2021-08-06 04:20:29.099390,3912567,0.0,3.9
2021-08-06 04:20:29.255028,3912504,0.0,0.0
2021-08-06 04:20:29.255028,3912567,0.0,3.9
2021-08-06 04:20:29.410667,3912504,0.0,0.0
2021-08-06 04:20:29.410667,3912567,0.0,3.9
2021-08-06 04:20:29.565659,3912504,0.0,0.0
2021-08-06 04:20:29.565659,3912567,0.0,3.9
2021-08-06 04:20:29.720514,3912504,0.0,0.0
2021-08-06 04:20:29.720514,3912567,0.0,3.9
2021-08-06 04:20:29.876071,3912504,0.0,0.0
2021-08-06 04:20:29.876071,3912567,0.0,3.9
2021-08-06 04:20:30.030759,3912504,0.0,0.0
2021-08-06 04:20:30.030759,3912567,0.0,3.9
2021-08-06 04:20:30.186302,3912504,0.0,0.0
2021-08-06 04:20:30.186302,3912567,0.0,3.9
2021-08-06 04:20:30.341302,3912504,0.0,0.0
2021-08-06 04:20:30.341302,3912567,0.0,3.9
2021-08-06 04:20:30.496052,3912504,0.0,0.0
2021-08-06 04:20:30.496052,3912567,0.0,3.9
2021-08-06 04:20:30.651867,3912504,0.0,0.0
2021-08-06 04:20:30.651867,3912567,0.0,3.9
2021-08-06 04:20:30.807109,3912504,0.0,0.0
2021-08-06 04:20:30.807109,3912567,0.0,3.9
2021-08-06 04:20:30.961911,3912504,0.0,0.0
2021-08-06 04:20:30.961911,3912567,0.0,3.9
2021-08-06 04:20:31.117955,3912504,0.0,0.0
2021-08-06 04:20:31.117955,3912567,0.0,3.9
2021-08-06 04:20:31.274508,3912504,0.0,0.0
2021-08-06 04:20:31.274508,3912567,0.0,3.9
2021-08-06 04:20:31.431235,3912504,0.0,0.0
2021-08-06 04:20:31.431235,3912567,0.0,3.9
2021-08-06 04:20:31.588735,3912504,0.0,0.0
2021-08-06 04:20:31.588735,3912567,0.0,3.9
2021-08-06 04:20:31.746029,3912504,0.0,0.0
2021-08-06 04:20:31.746029,3912567,0.0,3.9
2021-08-06 04:20:31.901955,3912504,0.0,0.0
2021-08-06 04:20:31.901955,3912567,0.0,3.9
2021-08-06 04:20:32.058740,3912504,0.0,0.0
2021-08-06 04:20:32.058740,3912567,0.0,3.9
2021-08-06 04:20:32.215150,3912504,0.0,0.0
2021-08-06 04:20:32.215150,3912567,0.0,3.9
2021-08-06 04:20:32.371171,3912504,0.0,0.0
2021-08-06 04:20:32.371171,3912567,0.0,3.9
2021-08-06 04:20:32.527911,3912504,0.0,0.0
2021-08-06 04:20:32.527911,3912567,0.0,3.9
2021-08-06 04:20:32.683615,3912504,0.0,0.0
2021-08-06 04:20:32.683615,3912567,0.0,3.9
2021-08-06 04:20:32.839940,3912504,0.0,0.0
2021-08-06 04:20:32.839940,3912567,0.0,3.9
2021-08-06 04:20:32.996161,3912504,0.0,0.0
2021-08-06 04:20:32.996161,3912567,0.0,3.9
2021-08-06 04:20:33.152317,3912567,6.7,3.9
2021-08-06 04:20:33.152317,3912504,0.0,0.0
2021-08-06 04:20:33.308606,3912504,0.0,0.0
2021-08-06 04:20:33.308606,3912567,0.0,3.9
2021-08-06 04:20:33.464458,3912504,0.0,0.0
2021-08-06 04:20:33.464458,3912567,0.0,3.9
2021-08-06 04:20:33.620981,3912504,0.0,0.0
2021-08-06 04:20:33.620981,3912567,0.0,3.9
2021-08-06 04:20:33.776704,3912504,0.0,0.0
2021-08-06 04:20:33.776704,3912567,0.0,3.9
2021-08-06 04:20:33.932953,3912504,0.0,0.0
2021-08-06 04:20:33.932953,3912567,0.0,3.9
2021-08-06 04:20:34.089348,3912504,0.0,0.0
2021-08-06 04:20:34.089348,3912567,0.0,3.9
2021-08-06 04:20:34.245664,3912504,0.0,0.0
2021-08-06 04:20:34.245664,3912567,0.0,3.9
2021-08-06 04:20:34.401472,3912504,0.0,0.0
2021-08-06 04:20:34.401472,3912567,0.0,3.9
2021-08-06 04:20:34.557925,3912504,0.0,0.0
2021-08-06 04:20:34.557925,3912567,0.0,3.9
2021-08-06 04:20:34.713842,3912504,0.0,0.0
2021-08-06 04:20:34.713842,3912567,0.0,3.9
2021-08-06 04:20:34.870461,3912504,0.0,0.0
2021-08-06 04:20:34.870461,3912567,0.0,3.9
2021-08-06 04:20:35.026199,3912504,0.0,0.0
2021-08-06 04:20:35.026199,3912567,0.0,3.9
2021-08-06 04:20:35.182012,3912504,0.0,0.0
2021-08-06 04:20:35.182012,3912567,0.0,3.9
2021-08-06 04:20:35.341336,3912504,0.0,0.0
2021-08-06 04:20:35.341336,3912567,0.0,3.9
2021-08-06 04:20:35.498524,3912504,0.0,0.0
2021-08-06 04:20:35.498524,3912567,0.0,3.9
2021-08-06 04:20:35.655178,3912504,0.0,0.0
2021-08-06 04:20:35.655178,3912567,0.0,3.9
2021-08-06 04:20:35.812692,3912504,0.0,0.0
2021-08-06 04:20:35.812692,3912567,0.0,3.9
2021-08-06 04:20:35.970064,3912504,0.0,0.0
2021-08-06 04:20:35.970064,3912567,0.0,3.9
2021-08-06 04:20:36.127539,3912504,0.0,0.0
2021-08-06 04:20:36.127539,3912567,0.0,3.9
2021-08-06 04:20:36.284974,3912504,0.0,0.0
2021-08-06 04:20:36.284974,3912567,0.0,3.9
2021-08-06 04:20:36.441948,3912504,0.0,0.0
2021-08-06 04:20:36.441948,3912567,0.0,3.9
2021-08-06 04:20:36.599836,3912504,0.0,0.0
2021-08-06 04:20:36.599836,3912567,0.0,3.9
2021-08-06 04:20:36.756381,3912504,0.0,0.0
2021-08-06 04:20:36.756381,3912567,0.0,3.9
2021-08-06 04:20:36.913332,3912504,0.0,0.0
2021-08-06 04:20:36.913332,3912567,0.0,3.9
2021-08-06 04:20:37.070662,3912504,0.0,0.0
2021-08-06 04:20:37.070662,3912567,0.0,3.9
2021-08-06 04:20:37.227434,3912504,0.0,0.0
2021-08-06 04:20:37.227434,3912567,0.0,3.9
2021-08-06 04:20:37.385157,3912504,0.0,0.0
2021-08-06 04:20:37.385157,3912567,0.0,3.9
2021-08-06 04:20:37.542359,3912504,0.0,0.0
2021-08-06 04:20:37.542359,3912567,0.0,3.9
2021-08-06 04:20:37.702679,3912504,0.0,0.0
2021-08-06 04:20:37.702679,3912567,0.0,3.9
2021-08-06 04:20:37.861953,3912504,0.0,0.0
2021-08-06 04:20:37.861953,3912567,0.0,3.9
2021-08-06 04:20:38.025666,3912504,0.0,0.0
2021-08-06 04:20:38.025666,3912567,0.0,3.9
2021-08-06 04:20:38.182550,3912504,0.0,0.0
2021-08-06 04:20:38.182550,3912567,0.0,3.9
2021-08-06 04:20:38.339549,3912504,0.0,0.0
2021-08-06 04:20:38.339549,3912567,0.0,3.9
2021-08-06 04:20:38.497323,3912504,0.0,0.0
2021-08-06 04:20:38.497323,3912567,0.0,3.9
2021-08-06 04:20:38.654434,3912504,0.0,0.0
2021-08-06 04:20:38.654434,3912567,0.0,3.9
2021-08-06 04:20:38.811387,3912504,0.0,0.0
2021-08-06 04:20:38.811387,3912567,0.0,3.9
2021-08-06 04:20:38.968852,3912504,0.0,0.0
2021-08-06 04:20:38.968852,3912567,0.0,3.9
2021-08-06 04:20:39.126447,3912504,0.0,0.0
2021-08-06 04:20:39.126447,3912567,0.0,3.9
2021-08-06 04:20:39.285090,3912504,0.0,0.0
2021-08-06 04:20:39.285090,3912567,0.0,3.9
2021-08-06 04:20:39.443454,3912504,0.0,0.0
2021-08-06 04:20:39.443454,3912567,0.0,3.9
2021-08-06 04:20:39.600966,3912504,0.0,0.0
2021-08-06 04:20:39.600966,3912567,0.0,3.9
2021-08-06 04:20:39.758551,3912504,0.0,0.0
2021-08-06 04:20:39.758551,3912567,0.0,3.9
2021-08-06 04:20:39.917657,3912504,0.0,0.0
2021-08-06 04:20:39.917657,3912567,0.0,3.9
2021-08-06 04:20:40.076506,3912504,0.0,0.0
2021-08-06 04:20:40.076506,3912567,0.0,3.9
2021-08-06 04:20:40.232815,3912504,0.0,0.0
2021-08-06 04:20:40.232815,3912567,0.0,3.9
2021-08-06 04:20:40.391268,3912504,0.0,0.0
2021-08-06 04:20:40.391268,3912567,0.0,3.9
2021-08-06 04:20:40.548385,3912504,0.0,0.0
2021-08-06 04:20:40.548385,3912567,0.0,3.9
2021-08-06 04:20:40.706475,3912504,0.0,0.0
2021-08-06 04:20:40.706475,3912567,0.0,3.9
2021-08-06 04:20:40.865874,3912504,0.0,0.0
2021-08-06 04:20:40.865874,3912567,0.0,3.9
2021-08-06 04:20:41.025558,3912504,0.0,0.0
2021-08-06 04:20:41.025558,3912567,0.0,3.9
2021-08-06 04:20:41.184600,3912504,0.0,0.0
2021-08-06 04:20:41.184600,3912567,0.0,3.9
2021-08-06 04:20:41.341942,3912504,0.0,0.0
2021-08-06 04:20:41.341942,3912567,0.0,3.9
2021-08-06 04:20:41.498716,3912504,0.0,0.0
2021-08-06 04:20:41.498716,3912567,0.0,3.9
2021-08-06 04:20:41.654733,3912504,0.0,0.0
2021-08-06 04:20:41.654733,3912567,0.0,3.9
2021-08-06 04:20:41.811205,3912504,0.0,0.0
2021-08-06 04:20:41.811205,3912567,0.0,3.9
2021-08-06 04:20:41.967340,3912504,0.0,0.0
2021-08-06 04:20:41.967340,3912567,0.0,3.9
2021-08-06 04:20:42.123368,3912504,0.0,0.0
2021-08-06 04:20:42.123368,3912567,0.0,3.9
2021-08-06 04:20:42.279881,3912504,0.0,0.0
2021-08-06 04:20:42.279881,3912567,0.0,3.9
2021-08-06 04:20:42.437404,3912504,0.0,0.0
2021-08-06 04:20:42.437404,3912567,0.0,3.9
2021-08-06 04:20:42.595758,3912504,0.0,0.0
2021-08-06 04:20:42.595758,3912567,0.0,3.9
2021-08-06 04:20:42.755399,3912504,0.0,0.0
2021-08-06 04:20:42.755399,3912567,0.0,3.9
2021-08-06 04:20:42.911578,3912504,0.0,0.0
2021-08-06 04:20:42.911578,3912567,0.0,3.9
2021-08-06 04:20:43.067256,3912504,0.0,0.0
2021-08-06 04:20:43.067256,3912567,0.0,3.9
2021-08-06 04:20:43.224346,3912504,0.0,0.0
2021-08-06 04:20:43.224346,3912567,0.0,3.9
2021-08-06 04:20:43.381679,3912504,0.0,0.0
2021-08-06 04:20:43.381679,3912567,0.0,3.9
2021-08-06 04:20:43.539432,3912504,0.0,0.0
2021-08-06 04:20:43.539432,3912567,0.0,3.9
2021-08-06 04:20:43.699915,3912504,0.0,0.0
2021-08-06 04:20:43.699915,3912567,0.0,3.9
2021-08-06 04:20:43.857340,3912504,0.0,0.0
2021-08-06 04:20:43.857340,3912567,0.0,3.9
2021-08-06 04:20:44.013619,3912504,0.0,0.0
2021-08-06 04:20:44.013619,3912567,0.0,3.9
2021-08-06 04:20:44.169733,3912504,0.0,0.0
2021-08-06 04:20:44.169733,3912567,0.0,3.9
2021-08-06 04:20:44.328158,3912504,0.0,0.0
2021-08-06 04:20:44.328158,3912567,0.0,3.9
2021-08-06 04:20:44.490545,3912504,0.0,0.0
2021-08-06 04:20:44.490545,3912567,0.0,3.9
2021-08-06 04:20:44.646421,3912504,0.0,0.0
2021-08-06 04:20:44.646421,3912567,0.0,3.9
2021-08-06 04:20:44.802654,3912504,0.0,0.0
2021-08-06 04:20:44.802654,3912567,0.0,3.9
2021-08-06 04:20:44.959889,3912504,0.0,0.0
2021-08-06 04:20:44.959889,3912567,0.0,3.9
2021-08-06 04:20:45.115676,3912504,0.0,0.0
2021-08-06 04:20:45.115676,3912567,0.0,3.9
2021-08-06 04:20:45.273091,3912504,0.0,0.0
2021-08-06 04:20:45.273091,3912567,0.0,3.9
2021-08-06 04:20:45.428931,3912504,0.0,0.0
2021-08-06 04:20:45.428931,3912567,0.0,3.9
2021-08-06 04:20:45.584570,3912504,0.0,0.0
2021-08-06 04:20:45.584570,3912567,0.0,3.9
2021-08-06 04:20:45.739270,3912504,0.0,0.0
2021-08-06 04:20:45.739270,3912567,0.0,3.9
2021-08-06 04:20:45.894913,3912504,0.0,0.0
2021-08-06 04:20:45.894913,3912567,0.0,3.9
2021-08-06 04:20:46.050524,3912504,0.0,0.0
2021-08-06 04:20:46.050524,3912567,0.0,3.9
2021-08-06 04:20:46.205433,3912504,0.0,0.0
2021-08-06 04:20:46.205433,3912567,0.0,3.9
2021-08-06 04:20:46.361341,3912504,0.0,0.0
2021-08-06 04:20:46.361341,3912567,0.0,3.9
2021-08-06 04:20:46.517044,3912504,0.0,0.0
2021-08-06 04:20:46.517044,3912567,0.0,3.9
2021-08-06 04:20:46.671838,3912504,0.0,0.0
2021-08-06 04:20:46.671838,3912567,0.0,3.9
2021-08-06 04:20:46.827317,3912504,0.0,0.0
2021-08-06 04:20:46.827317,3912567,0.0,3.9
2021-08-06 04:20:46.982051,3912504,0.0,0.0
2021-08-06 04:20:46.982051,3912567,0.0,3.9
2021-08-06 04:20:47.137614,3912504,0.0,0.0
2021-08-06 04:20:47.137614,3912567,0.0,3.9
2021-08-06 04:20:47.292920,3912504,0.0,0.0
2021-08-06 04:20:47.292920,3912567,0.0,3.9
2021-08-06 04:20:47.447793,3912504,0.0,0.0
2021-08-06 04:20:47.447793,3912567,0.0,3.9
2021-08-06 04:20:47.603441,3912504,0.0,0.0
2021-08-06 04:20:47.603441,3912567,0.0,3.9
2021-08-06 04:20:47.758541,3912504,0.0,0.0
2021-08-06 04:20:47.758541,3912567,0.0,3.9
2021-08-06 04:20:47.914144,3912504,0.0,0.0
2021-08-06 04:20:47.914144,3912567,0.0,3.9
2021-08-06 04:20:48.069992,3912504,0.0,0.0
2021-08-06 04:20:48.069992,3912567,0.0,3.9
2021-08-06 04:20:48.225055,3912504,0.0,0.0
2021-08-06 04:20:48.225055,3912567,0.0,3.9
2021-08-06 04:20:48.379826,3912504,0.0,0.0
2021-08-06 04:20:48.379826,3912567,0.0,3.9
2021-08-06 04:20:48.534701,3912504,0.0,0.0
2021-08-06 04:20:48.534701,3912567,0.0,3.9
2021-08-06 04:20:48.690095,3912504,0.0,0.0
2021-08-06 04:20:48.690095,3912567,0.0,3.9
2021-08-06 04:20:48.845037,3912504,0.0,0.0
2021-08-06 04:20:48.845037,3912567,0.0,3.9
2021-08-06 04:20:49.000346,3912504,0.0,0.0
2021-08-06 04:20:49.000346,3912567,0.0,3.9
2021-08-06 04:20:49.155850,3912504,0.0,0.0
2021-08-06 04:20:49.155850,3912567,0.0,3.9
2021-08-06 04:20:49.311559,3912504,0.0,0.0
2021-08-06 04:20:49.311559,3912567,0.0,3.9
2021-08-06 04:20:49.467366,3912504,0.0,0.0
2021-08-06 04:20:49.467366,3912567,0.0,3.9
2021-08-06 04:20:49.622774,3912504,0.0,0.0
2021-08-06 04:20:49.622774,3912567,0.0,3.9
2021-08-06 04:20:49.777778,3912504,0.0,0.0
2021-08-06 04:20:49.777778,3912567,0.0,3.9
2021-08-06 04:20:49.933365,3912504,0.0,0.0
2021-08-06 04:20:49.933365,3912567,0.0,3.9
2021-08-06 04:20:50.089089,3912504,0.0,0.0
2021-08-06 04:20:50.089089,3912567,0.0,3.9
2021-08-06 04:20:50.244239,3912504,0.0,0.0
2021-08-06 04:20:50.244239,3912567,0.0,3.9
2021-08-06 04:20:50.399772,3912504,0.0,0.0
2021-08-06 04:20:50.399772,3912567,0.0,3.9
2021-08-06 04:20:50.555484,3912504,0.0,0.0
2021-08-06 04:20:50.555484,3912567,0.0,3.9
2021-08-06 04:20:50.710308,3912504,0.0,0.0
2021-08-06 04:20:50.710308,3912567,0.0,3.9
2021-08-06 04:20:50.865911,3912504,0.0,0.0
2021-08-06 04:20:50.865911,3912567,0.0,3.9
2021-08-06 04:20:51.021029,3912504,0.0,0.0
2021-08-06 04:20:51.021029,3912567,0.0,3.9
2021-08-06 04:20:51.176617,3912504,0.0,0.0
2021-08-06 04:20:51.176617,3912567,0.0,3.9
2021-08-06 04:20:51.331387,3912504,0.0,0.0
2021-08-06 04:20:51.331387,3912567,0.0,3.9
2021-08-06 04:20:51.487090,3912504,0.0,0.0
2021-08-06 04:20:51.487090,3912567,0.0,3.9
2021-08-06 04:20:51.642474,3912504,0.0,0.0
2021-08-06 04:20:51.642474,3912567,0.0,3.9
2021-08-06 04:20:51.798138,3912504,0.0,0.0
2021-08-06 04:20:51.798138,3912567,0.0,3.9
2021-08-06 04:20:51.953273,3912504,0.0,0.0
2021-08-06 04:20:51.953273,3912567,0.0,3.9
2021-08-06 04:20:52.108687,3912504,0.0,0.0
2021-08-06 04:20:52.108687,3912567,0.0,3.9
2021-08-06 04:20:52.264319,3912504,0.0,0.0
2021-08-06 04:20:52.264319,3912567,0.0,3.9
2021-08-06 04:20:52.420114,3912504,0.0,0.0
2021-08-06 04:20:52.420114,3912567,0.0,3.9
2021-08-06 04:20:52.575205,3912504,0.0,0.0
2021-08-06 04:20:52.575205,3912567,0.0,3.9
2021-08-06 04:20:52.730688,3912504,0.0,0.0
2021-08-06 04:20:52.730688,3912567,0.0,3.9
2021-08-06 04:20:52.886578,3912504,0.0,0.0
2021-08-06 04:20:52.886578,3912567,0.0,3.9
2021-08-06 04:20:53.042227,3912504,0.0,0.0
2021-08-06 04:20:53.042227,3912567,0.0,3.9
2021-08-06 04:20:53.198034,3912504,0.0,0.0
2021-08-06 04:20:53.198034,3912567,0.0,3.9
2021-08-06 04:20:53.353558,3912504,0.0,0.0
2021-08-06 04:20:53.353558,3912567,0.0,3.9
2021-08-06 04:20:53.508536,3912504,0.0,0.0
2021-08-06 04:20:53.508536,3912567,0.0,3.9
2021-08-06 04:20:53.664177,3912504,0.0,0.0
2021-08-06 04:20:53.664177,3912567,0.0,3.9
2021-08-06 04:20:53.819045,3912504,0.0,0.0
2021-08-06 04:20:53.819045,3912567,0.0,3.9
2021-08-06 04:20:53.974001,3912504,0.0,0.0
2021-08-06 04:20:53.974001,3912567,0.0,3.9
2021-08-06 04:20:54.129782,3912504,0.0,0.0
2021-08-06 04:20:54.129782,3912567,0.0,3.9
2021-08-06 04:20:54.285490,3912504,0.0,0.0
2021-08-06 04:20:54.285490,3912567,0.0,3.9
2021-08-06 04:20:54.440433,3912504,0.0,0.0
2021-08-06 04:20:54.440433,3912567,0.0,3.9
2021-08-06 04:20:54.595373,3912504,0.0,0.0
2021-08-06 04:20:54.595373,3912567,0.0,3.9
2021-08-06 04:20:54.750762,3912504,0.0,0.0
2021-08-06 04:20:54.750762,3912567,0.0,3.9
2021-08-06 04:20:54.906554,3912504,0.0,0.0
2021-08-06 04:20:54.906554,3912567,0.0,3.9
2021-08-06 04:20:55.062232,3912504,0.0,0.0
2021-08-06 04:20:55.062232,3912567,0.0,3.9
2021-08-06 04:20:55.217985,3912504,0.0,0.0
2021-08-06 04:20:55.217985,3912567,0.0,3.9
2021-08-06 04:20:55.373577,3912504,0.0,0.0
2021-08-06 04:20:55.373577,3912567,0.0,3.9
2021-08-06 04:20:55.529265,3912504,0.0,0.0
2021-08-06 04:20:55.529265,3912567,0.0,3.9
2021-08-06 04:20:55.684925,3912504,0.0,0.0
2021-08-06 04:20:55.684925,3912567,0.0,3.9
2021-08-06 04:20:55.840927,3912504,0.0,0.0
2021-08-06 04:20:55.840927,3912567,0.0,3.9
2021-08-06 04:20:55.996185,3912504,0.0,0.0
2021-08-06 04:20:55.996185,3912567,0.0,3.9
2021-08-06 04:20:56.150956,3912504,0.0,0.0
2021-08-06 04:20:56.150956,3912567,0.0,3.9
2021-08-06 04:20:56.305772,3912504,0.0,0.0
2021-08-06 04:20:56.305772,3912567,0.0,3.9
2021-08-06 04:20:56.461621,3912504,0.0,0.0
2021-08-06 04:20:56.461621,3912567,0.0,3.9
2021-08-06 04:20:56.616712,3912504,0.0,0.0
2021-08-06 04:20:56.616712,3912567,0.0,3.9
2021-08-06 04:20:56.771703,3912567,6.7,3.9
2021-08-06 04:20:56.771703,3912504,0.0,0.0
2021-08-06 04:20:56.927057,3912504,0.0,0.0
2021-08-06 04:20:56.927057,3912567,0.0,3.9
2021-08-06 04:20:57.082856,3912504,0.0,0.0
2021-08-06 04:20:57.082856,3912567,0.0,3.9
2021-08-06 04:20:57.239059,3912504,0.0,0.0
2021-08-06 04:20:57.239059,3912567,0.0,3.9
2021-08-06 04:20:57.395914,3912504,0.0,0.0
2021-08-06 04:20:57.395914,3912567,0.0,3.9
2021-08-06 04:20:57.552815,3912504,0.0,0.0
2021-08-06 04:20:57.552815,3912567,0.0,3.9
2021-08-06 04:20:57.708823,3912504,0.0,0.0
2021-08-06 04:20:57.708823,3912567,0.0,3.9
2021-08-06 04:20:57.865303,3912504,0.0,0.0
2021-08-06 04:20:57.865303,3912567,0.0,3.9
2021-08-06 04:20:58.021751,3912504,0.0,0.0
2021-08-06 04:20:58.021751,3912567,0.0,3.9
2021-08-06 04:20:58.177839,3912504,0.0,0.0
2021-08-06 04:20:58.177839,3912567,0.0,3.9
2021-08-06 04:20:58.334208,3912504,0.0,0.0
2021-08-06 04:20:58.334208,3912567,0.0,3.9
2021-08-06 04:20:58.489980,3912504,0.0,0.0
2021-08-06 04:20:58.489980,3912567,0.0,3.9
2021-08-06 04:20:58.646413,3912504,0.0,0.0
2021-08-06 04:20:58.646413,3912567,0.0,3.9
2021-08-06 04:20:58.802753,3912504,0.0,0.0
2021-08-06 04:20:58.802753,3912567,0.0,3.9
2021-08-06 04:20:58.958449,3912504,0.0,0.0
2021-08-06 04:20:58.958449,3912567,0.0,3.9
2021-08-06 04:20:59.114247,3912504,0.0,0.0
2021-08-06 04:20:59.114247,3912567,0.0,3.9
2021-08-06 04:20:59.270718,3912504,0.0,0.0
2021-08-06 04:20:59.270718,3912567,0.0,3.9
2021-08-06 04:20:59.426792,3912504,0.0,0.0
2021-08-06 04:20:59.426792,3912567,0.0,3.9
2021-08-06 04:20:59.583356,3912504,0.0,0.0
2021-08-06 04:20:59.583356,3912567,0.0,3.9
2021-08-06 04:20:59.739553,3912504,0.0,0.0
2021-08-06 04:20:59.739553,3912567,0.0,3.9
2021-08-06 04:20:59.895337,3912504,0.0,0.0
2021-08-06 04:20:59.895337,3912567,0.0,3.9
2021-08-06 04:21:00.052442,3912504,0.0,0.0
2021-08-06 04:21:00.052442,3912567,0.0,3.9
2021-08-06 04:21:00.209758,3912504,0.0,0.0
2021-08-06 04:21:00.209758,3912567,0.0,3.9
2021-08-06 04:21:00.367261,3912504,0.0,0.0
2021-08-06 04:21:00.367261,3912567,0.0,3.9
2021-08-06 04:21:00.524805,3912504,0.0,0.0
2021-08-06 04:21:00.524805,3912567,0.0,3.9
2021-08-06 04:21:00.681946,3912504,0.0,0.0
2021-08-06 04:21:00.681946,3912567,0.0,3.9
2021-08-06 04:21:00.839498,3912504,0.0,0.0
2021-08-06 04:21:00.839498,3912567,0.0,3.9
2021-08-06 04:21:00.996384,3912504,0.0,0.0
2021-08-06 04:21:00.996384,3912567,0.0,3.9
2021-08-06 04:21:01.152246,3912504,0.0,0.0
2021-08-06 04:21:01.152246,3912567,0.0,3.9
2021-08-06 04:21:01.308798,3912504,0.0,0.0
2021-08-06 04:21:01.308798,3912567,0.0,3.9
2021-08-06 04:21:01.464595,3912504,0.0,0.0
2021-08-06 04:21:01.464595,3912567,0.0,3.9
2021-08-06 04:21:01.622200,3912504,0.0,0.0
2021-08-06 04:21:01.622200,3912567,0.0,3.9
2021-08-06 04:21:01.779370,3912504,0.0,0.0
2021-08-06 04:21:01.779370,3912567,0.0,3.9
2021-08-06 04:21:01.936947,3912504,0.0,0.0
2021-08-06 04:21:01.936947,3912567,0.0,3.9
2021-08-06 04:21:02.092844,3912504,0.0,0.0
2021-08-06 04:21:02.092844,3912567,0.0,3.9
2021-08-06 04:21:02.248614,3912504,0.0,0.0
2021-08-06 04:21:02.248614,3912567,0.0,3.9
2021-08-06 04:21:02.404951,3912504,0.0,0.0
2021-08-06 04:21:02.404951,3912567,0.0,3.9
2021-08-06 04:21:02.561787,3912504,0.0,0.0
2021-08-06 04:21:02.561787,3912567,0.0,3.9
2021-08-06 04:21:02.721819,3912504,0.0,0.0
2021-08-06 04:21:02.721819,3912567,0.0,3.9
2021-08-06 04:21:02.878682,3912504,0.0,0.0
2021-08-06 04:21:02.878682,3912567,0.0,3.9
2021-08-06 04:21:03.036419,3912504,0.0,0.0
2021-08-06 04:21:03.036419,3912567,0.0,3.9
2021-08-06 04:21:03.194148,3912504,0.0,0.0
2021-08-06 04:21:03.194148,3912567,0.0,3.9
2021-08-06 04:21:03.352062,3912504,0.0,0.0
2021-08-06 04:21:03.352062,3912567,0.0,3.9
2021-08-06 04:21:03.508376,3912504,0.0,0.0
2021-08-06 04:21:03.508376,3912567,0.0,3.9
2021-08-06 04:21:03.666006,3912504,0.0,0.0
2021-08-06 04:21:03.666006,3912567,0.0,3.9
2021-08-06 04:21:03.823561,3912504,0.0,0.0
2021-08-06 04:21:03.823561,3912567,0.0,3.9
2021-08-06 04:21:03.980467,3912504,0.0,0.0
2021-08-06 04:21:03.980467,3912567,0.0,3.9
2021-08-06 04:21:04.136172,3912504,0.0,0.0
2021-08-06 04:21:04.136172,3912567,0.0,3.9
2021-08-06 04:21:04.292603,3912504,0.0,0.0
2021-08-06 04:21:04.292603,3912567,0.0,3.9
2021-08-06 04:21:04.449583,3912504,0.0,0.0
2021-08-06 04:21:04.449583,3912567,0.0,3.9
2021-08-06 04:21:04.605624,3912504,0.0,0.0
2021-08-06 04:21:04.605624,3912567,0.0,3.9
2021-08-06 04:21:04.761420,3912504,0.0,0.0
2021-08-06 04:21:04.761420,3912567,0.0,3.9
2021-08-06 04:21:04.916775,3912504,0.0,0.0
2021-08-06 04:21:04.916775,3912567,0.0,3.9
2021-08-06 04:21:05.072054,3912504,0.0,0.0
2021-08-06 04:21:05.072054,3912567,0.0,3.9
2021-08-06 04:21:05.227705,3912504,0.0,0.0
2021-08-06 04:21:05.227705,3912567,0.0,3.9
2021-08-06 04:21:05.382568,3912504,0.0,0.0
2021-08-06 04:21:05.382568,3912567,0.0,3.9
2021-08-06 04:21:05.537932,3912504,0.0,0.0
2021-08-06 04:21:05.537932,3912567,0.0,3.9
2021-08-06 04:21:05.693421,3912504,0.0,0.0
2021-08-06 04:21:05.693421,3912567,0.0,3.9
2021-08-06 04:21:05.848722,3912504,0.0,0.0
2021-08-06 04:21:05.848722,3912567,0.0,3.9
2021-08-06 04:21:06.004501,3912504,0.0,0.0
2021-08-06 04:21:06.004501,3912567,0.0,3.9
2021-08-06 04:21:06.159885,3912504,0.0,0.0
2021-08-06 04:21:06.159885,3912567,0.0,3.9
2021-08-06 04:21:06.315313,3912504,0.0,0.0
2021-08-06 04:21:06.315313,3912567,0.0,3.9
2021-08-06 04:21:06.470587,3912504,0.0,0.0
2021-08-06 04:21:06.470587,3912567,0.0,3.9
2021-08-06 04:21:06.625904,3912504,0.0,0.0
2021-08-06 04:21:06.625904,3912567,0.0,3.9
2021-08-06 04:21:06.781678,3912504,0.0,0.0
2021-08-06 04:21:06.781678,3912567,0.0,3.9
2021-08-06 04:21:06.939564,3912504,0.0,0.0
2021-08-06 04:21:06.939564,3912567,0.0,3.9
2021-08-06 04:21:07.095194,3912504,0.0,0.0
2021-08-06 04:21:07.095194,3912567,0.0,3.9
2021-08-06 04:21:07.251157,3912504,0.0,0.0
2021-08-06 04:21:07.251157,3912567,0.0,3.9
2021-08-06 04:21:07.406687,3912504,0.0,0.0
2021-08-06 04:21:07.406687,3912567,0.0,3.9
2021-08-06 04:21:07.561411,3912504,0.0,0.0
2021-08-06 04:21:07.561411,3912567,0.0,3.9
2021-08-06 04:21:07.716990,3912504,0.0,0.0
2021-08-06 04:21:07.716990,3912567,0.0,3.9
2021-08-06 04:21:07.872052,3912504,0.0,0.0
2021-08-06 04:21:07.872052,3912567,0.0,3.9
2021-08-06 04:21:08.027511,3912504,0.0,0.0
2021-08-06 04:21:08.027511,3912567,0.0,3.9
2021-08-06 04:21:08.182672,3912504,0.0,0.0
2021-08-06 04:21:08.182672,3912567,0.0,3.9
2021-08-06 04:21:08.338198,3912504,0.0,0.0
2021-08-06 04:21:08.338198,3912567,0.0,3.9
2021-08-06 04:21:08.493342,3912504,0.0,0.0
2021-08-06 04:21:08.493342,3912567,0.0,3.9
2021-08-06 04:21:08.648000,3912504,0.0,0.0
2021-08-06 04:21:08.648000,3912567,0.0,3.9
2021-08-06 04:21:08.802879,3912504,0.0,0.0
2021-08-06 04:21:08.802879,3912567,0.0,3.9
2021-08-06 04:21:08.958983,3912504,0.0,0.0
2021-08-06 04:21:08.958983,3912567,0.0,3.9
2021-08-06 04:21:09.114273,3912504,0.0,0.0
2021-08-06 04:21:09.114273,3912567,0.0,3.9
2021-08-06 04:21:09.269713,3912504,0.0,0.0
2021-08-06 04:21:09.269713,3912567,0.0,3.9
2021-08-06 04:21:09.424847,3912504,0.0,0.0
2021-08-06 04:21:09.424847,3912567,0.0,3.9
2021-08-06 04:21:09.580431,3912504,0.0,0.0
2021-08-06 04:21:09.580431,3912567,0.0,3.9
2021-08-06 04:21:09.735603,3912504,0.0,0.0
2021-08-06 04:21:09.735603,3912567,0.0,3.9
2021-08-06 04:21:09.891259,3912504,0.0,0.0
2021-08-06 04:21:09.891259,3912567,0.0,3.9
2021-08-06 04:21:10.046999,3912504,0.0,0.0
2021-08-06 04:21:10.046999,3912567,0.0,3.9
2021-08-06 04:21:10.202020,3912504,0.0,0.0
2021-08-06 04:21:10.202020,3912567,0.0,3.9
2021-08-06 04:21:10.356565,3912504,0.0,0.0
2021-08-06 04:21:10.356565,3912567,0.0,3.9
2021-08-06 04:21:10.511338,3912504,0.0,0.0
2021-08-06 04:21:10.511338,3912567,0.0,3.9
2021-08-06 04:21:10.667284,3912504,0.0,0.0
2021-08-06 04:21:10.667284,3912567,0.0,3.9
2021-08-06 04:21:10.822759,3912504,0.0,0.0
2021-08-06 04:21:10.822759,3912567,0.0,3.9
2021-08-06 04:21:10.978420,3912504,0.0,0.0
2021-08-06 04:21:10.978420,3912567,0.0,3.9
2021-08-06 04:21:11.134363,3912504,0.0,0.0
2021-08-06 04:21:11.134363,3912567,0.0,3.9
2021-08-06 04:21:11.290434,3912504,0.0,0.0
2021-08-06 04:21:11.290434,3912567,0.0,3.9
2021-08-06 04:21:11.445698,3912504,0.0,0.0
2021-08-06 04:21:11.445698,3912567,0.0,3.9
2021-08-06 04:21:11.600621,3912504,0.0,0.0
2021-08-06 04:21:11.600621,3912567,0.0,3.9
2021-08-06 04:21:11.755446,3912504,0.0,0.0
2021-08-06 04:21:11.755446,3912567,0.0,3.9
2021-08-06 04:21:11.910907,3912504,0.0,0.0
2021-08-06 04:21:11.910907,3912567,0.0,3.9
2021-08-06 04:21:12.066457,3912504,0.0,0.0
2021-08-06 04:21:12.066457,3912567,0.0,3.9
2021-08-06 04:21:12.221726,3912504,0.0,0.0
2021-08-06 04:21:12.221726,3912567,0.0,3.9
2021-08-06 04:21:12.377106,3912504,0.0,0.0
2021-08-06 04:21:12.377106,3912567,0.0,3.9
2021-08-06 04:21:12.532730,3912504,0.0,0.0
2021-08-06 04:21:12.532730,3912567,0.0,3.9
2021-08-06 04:21:12.687795,3912504,0.0,0.0
2021-08-06 04:21:12.687795,3912567,0.0,3.9
2021-08-06 04:21:12.842892,3912504,0.0,0.0
2021-08-06 04:21:12.842892,3912567,0.0,3.9
2021-08-06 04:21:12.998310,3912504,0.0,0.0
2021-08-06 04:21:12.998310,3912567,0.0,3.9
2021-08-06 04:21:13.153419,3912504,0.0,0.0
2021-08-06 04:21:13.153419,3912567,0.0,3.9
2021-08-06 04:21:13.309237,3912504,0.0,0.0
2021-08-06 04:21:13.309237,3912567,0.0,3.9
2021-08-06 04:21:13.465025,3912504,0.0,0.0
2021-08-06 04:21:13.465025,3912567,0.0,3.9
2021-08-06 04:21:13.621261,3912504,0.0,0.0
2021-08-06 04:21:13.621261,3912567,0.0,3.9
2021-08-06 04:21:13.777057,3912504,0.0,0.0
2021-08-06 04:21:13.777057,3912567,0.0,3.9
2021-08-06 04:21:13.931826,3912504,0.0,0.0
2021-08-06 04:21:13.931826,3912567,0.0,3.9
2021-08-06 04:21:14.087332,3912504,0.0,0.0
2021-08-06 04:21:14.087332,3912567,0.0,3.9
2021-08-06 04:21:14.242858,3912504,0.0,0.0
2021-08-06 04:21:14.242858,3912567,0.0,3.9
2021-08-06 04:21:14.397982,3912504,0.0,0.0
2021-08-06 04:21:14.397982,3912567,0.0,3.9
2021-08-06 04:21:14.553495,3912504,0.0,0.0
2021-08-06 04:21:14.553495,3912567,0.0,3.9
2021-08-06 04:21:14.708620,3912504,0.0,0.0
2021-08-06 04:21:14.708620,3912567,0.0,3.9
2021-08-06 04:21:14.864097,3912504,0.0,0.0
2021-08-06 04:21:14.864097,3912567,0.0,3.9
2021-08-06 04:21:15.019834,3912504,0.0,0.0
2021-08-06 04:21:15.019834,3912567,0.0,3.9
2021-08-06 04:21:15.174669,3912504,0.0,0.0
2021-08-06 04:21:15.174669,3912567,0.0,3.9
2021-08-06 04:21:15.329399,3912504,0.0,0.0
2021-08-06 04:21:15.329399,3912567,0.0,3.9
2021-08-06 04:21:15.484251,3912504,0.0,0.0
2021-08-06 04:21:15.484251,3912567,0.0,3.9
2021-08-06 04:21:15.640119,3912504,0.0,0.0
2021-08-06 04:21:15.640119,3912567,0.0,3.9
2021-08-06 04:21:15.795358,3912504,0.0,0.0
2021-08-06 04:21:15.795358,3912567,0.0,3.9
2021-08-06 04:21:15.950869,3912504,0.0,0.0
2021-08-06 04:21:15.950869,3912567,0.0,3.9
2021-08-06 04:21:16.106113,3912504,0.0,0.0
2021-08-06 04:21:16.106113,3912567,0.0,3.9
2021-08-06 04:21:16.261774,3912504,0.0,0.0
2021-08-06 04:21:16.261774,3912567,0.0,3.9
2021-08-06 04:21:16.417993,3912504,0.0,0.0
2021-08-06 04:21:16.417993,3912567,0.0,3.9
2021-08-06 04:21:16.574210,3912504,0.0,0.0
2021-08-06 04:21:16.574210,3912567,0.0,3.9
2021-08-06 04:21:16.731029,3912504,0.0,0.0
2021-08-06 04:21:16.731029,3912567,0.0,3.9
2021-08-06 04:21:16.887886,3912504,0.0,0.0
2021-08-06 04:21:16.887886,3912567,0.0,3.9
2021-08-06 04:21:17.044816,3912504,0.0,0.0
2021-08-06 04:21:17.044816,3912567,0.0,3.9
2021-08-06 04:21:17.200931,3912504,0.0,0.0
2021-08-06 04:21:17.200931,3912567,0.0,3.9
2021-08-06 04:21:17.357655,3912504,0.0,0.0
2021-08-06 04:21:17.357655,3912567,0.0,3.9
2021-08-06 04:21:17.514684,3912504,0.0,0.0
2021-08-06 04:21:17.514684,3912567,0.0,3.9
2021-08-06 04:21:17.670782,3912504,0.0,0.0
2021-08-06 04:21:17.670782,3912567,0.0,3.9
2021-08-06 04:21:17.827449,3912504,0.0,0.0
2021-08-06 04:21:17.827449,3912567,0.0,3.9
2021-08-06 04:21:17.985269,3912504,0.0,0.0
2021-08-06 04:21:17.985269,3912567,0.0,3.9
2021-08-06 04:21:18.142597,3912504,0.0,0.0
2021-08-06 04:21:18.142597,3912567,0.0,3.9
2021-08-06 04:21:18.298718,3912504,0.0,0.0
2021-08-06 04:21:18.298718,3912567,0.0,3.9
2021-08-06 04:21:18.458699,3912504,0.0,0.0
2021-08-06 04:21:18.458699,3912567,0.0,3.9
2021-08-06 04:21:18.615890,3912504,0.0,0.0
2021-08-06 04:21:18.615890,3912567,0.0,3.9
2021-08-06 04:21:18.773343,3912504,0.0,0.0
2021-08-06 04:21:18.773343,3912567,0.0,3.9
2021-08-06 04:21:18.930728,3912504,0.0,0.0
2021-08-06 04:21:18.930728,3912567,0.0,3.9
2021-08-06 04:21:19.087749,3912504,0.0,0.0
2021-08-06 04:21:19.087749,3912567,0.0,3.9
2021-08-06 04:21:19.245117,3912504,0.0,0.0
2021-08-06 04:21:19.245117,3912567,0.0,3.9
2021-08-06 04:21:19.402458,3912504,0.0,0.0
2021-08-06 04:21:19.402458,3912567,0.0,3.9
2021-08-06 04:21:19.558395,3912504,0.0,0.0
2021-08-06 04:21:19.558395,3912567,0.0,3.9
2021-08-06 04:21:19.715143,3912504,0.0,0.0
2021-08-06 04:21:19.715143,3912567,0.0,3.9
2021-08-06 04:21:19.872799,3912504,0.0,0.0
2021-08-06 04:21:19.872799,3912567,0.0,3.9
2021-08-06 04:21:20.028563,3912504,0.0,0.0
2021-08-06 04:21:20.028563,3912567,0.0,3.9
2021-08-06 04:21:20.184458,3912504,0.0,0.0
2021-08-06 04:21:20.184458,3912567,0.0,3.9
2021-08-06 04:21:20.341498,3912504,0.0,0.0
2021-08-06 04:21:20.341498,3912567,0.0,3.9
2021-08-06 04:21:20.498381,3912504,0.0,0.0
2021-08-06 04:21:20.498381,3912567,0.0,3.9
2021-08-06 04:21:20.654916,3912504,0.0,0.0
2021-08-06 04:21:20.654916,3912567,0.0,3.9
2021-08-06 04:21:20.811724,3912504,0.0,0.0
2021-08-06 04:21:20.811724,3912567,0.0,3.9
2021-08-06 04:21:20.968998,3912504,0.0,0.0
2021-08-06 04:21:20.968998,3912567,0.0,3.9
2021-08-06 04:21:21.125759,3912504,0.0,0.0
2021-08-06 04:21:21.125759,3912567,0.0,3.9
2021-08-06 04:21:21.283257,3912504,0.0,0.0
2021-08-06 04:21:21.283257,3912567,0.0,3.9
2021-08-06 04:21:21.439598,3912504,0.0,0.0
2021-08-06 04:21:21.439598,3912567,0.0,3.9
2021-08-06 04:21:21.599116,3912504,0.0,0.0
2021-08-06 04:21:21.599116,3912567,0.0,3.9
2021-08-06 04:21:21.756869,3912504,0.0,0.0
2021-08-06 04:21:21.756869,3912567,0.0,3.9
2021-08-06 04:21:21.914485,3912504,0.0,0.0
2021-08-06 04:21:21.914485,3912567,0.0,3.9
2021-08-06 04:21:22.072335,3912504,0.0,0.0
2021-08-06 04:21:22.072335,3912567,0.0,3.9
2021-08-06 04:21:22.230505,3912504,0.0,0.0
2021-08-06 04:21:22.230505,3912567,0.0,3.9
2021-08-06 04:21:22.389424,3912504,0.0,0.0
2021-08-06 04:21:22.389424,3912567,0.0,3.9
2021-08-06 04:21:22.547153,3912504,0.0,0.0
2021-08-06 04:21:22.547153,3912567,0.0,3.9
2021-08-06 04:21:22.703186,3912504,0.0,0.0
2021-08-06 04:21:22.703186,3912567,0.0,3.9
2021-08-06 04:21:22.859770,3912504,0.0,0.0
2021-08-06 04:21:22.859770,3912567,0.0,3.9
2021-08-06 04:21:23.015866,3912504,0.0,0.0
2021-08-06 04:21:23.015866,3912567,0.0,3.9
2021-08-06 04:21:23.172695,3912504,0.0,0.0
2021-08-06 04:21:23.172695,3912567,0.0,3.9
2021-08-06 04:21:23.329525,3912504,0.0,0.0
2021-08-06 04:21:23.329525,3912567,0.0,3.9
2021-08-06 04:21:23.486285,3912504,0.0,0.0
2021-08-06 04:21:23.486285,3912567,0.0,3.9
2021-08-06 04:21:23.642766,3912504,0.0,0.0
2021-08-06 04:21:23.642766,3912567,0.0,3.9
2021-08-06 04:21:23.799264,3912504,0.0,0.0
2021-08-06 04:21:23.799264,3912567,0.0,3.9
2021-08-06 04:21:23.956200,3912504,0.0,0.0
2021-08-06 04:21:23.956200,3912567,0.0,3.9
2021-08-06 04:21:24.113689,3912504,0.0,0.0
2021-08-06 04:21:24.113689,3912567,0.0,3.9
2021-08-06 04:21:24.270249,3912504,0.0,0.0
2021-08-06 04:21:24.270249,3912567,0.0,3.9
2021-08-06 04:21:24.427716,3912504,0.0,0.0
2021-08-06 04:21:24.427716,3912567,0.0,3.9
2021-08-06 04:21:24.583644,3912504,0.0,0.0
2021-08-06 04:21:24.583644,3912567,0.0,3.9
2021-08-06 04:21:24.740218,3912504,0.0,0.0
2021-08-06 04:21:24.740218,3912567,0.0,3.9
2021-08-06 04:21:24.896452,3912504,0.0,0.0
2021-08-06 04:21:24.896452,3912567,0.0,3.9
2021-08-06 04:21:25.053203,3912504,0.0,0.0
2021-08-06 04:21:25.053203,3912567,0.0,3.9
2021-08-06 04:21:25.210039,3912504,0.0,0.0
2021-08-06 04:21:25.210039,3912567,0.0,3.9
2021-08-06 04:21:25.367551,3912567,6.7,3.9
2021-08-06 04:21:25.367551,3912504,0.0,0.0
2021-08-06 04:21:25.524877,3912504,0.0,0.0
2021-08-06 04:21:25.524877,3912567,0.0,3.9
2021-08-06 04:21:25.681801,3912504,0.0,0.0
2021-08-06 04:21:25.681801,3912567,0.0,3.9
2021-08-06 04:21:25.839439,3912504,0.0,0.0
2021-08-06 04:21:25.839439,3912567,0.0,3.9
2021-08-06 04:21:25.996894,3912504,0.0,0.0
2021-08-06 04:21:25.996894,3912567,0.0,3.9
2021-08-06 04:21:26.154333,3912504,0.0,0.0
2021-08-06 04:21:26.154333,3912567,0.0,3.9
2021-08-06 04:21:26.310802,3912504,0.0,0.0
2021-08-06 04:21:26.310802,3912567,0.0,3.9
2021-08-06 04:21:26.467334,3912504,0.0,0.0
2021-08-06 04:21:26.467334,3912567,0.0,3.9
2021-08-06 04:21:26.623770,3912504,0.0,0.0
2021-08-06 04:21:26.623770,3912567,0.0,3.9
2021-08-06 04:21:26.779303,3912504,0.0,0.0
2021-08-06 04:21:26.779303,3912567,0.0,3.9
2021-08-06 04:21:26.935938,3912504,0.0,0.0
2021-08-06 04:21:26.935938,3912567,0.0,3.9
2021-08-06 04:21:27.093135,3912504,0.0,0.0
2021-08-06 04:21:27.093135,3912567,0.0,3.9
2021-08-06 04:21:27.251383,3912504,0.0,0.0
2021-08-06 04:21:27.251383,3912567,0.0,3.9
2021-08-06 04:21:27.410949,3912504,0.0,0.0
2021-08-06 04:21:27.410949,3912567,0.0,3.9
2021-08-06 04:21:27.569103,3912504,0.0,0.0
2021-08-06 04:21:27.569103,3912567,0.0,3.9
2021-08-06 04:21:27.727303,3912504,0.0,0.0
2021-08-06 04:21:27.727303,3912567,0.0,3.9
2021-08-06 04:21:27.887895,3912504,0.0,0.0
2021-08-06 04:21:27.887895,3912567,0.0,3.9
2021-08-06 04:21:28.045487,3912504,0.0,0.0
2021-08-06 04:21:28.045487,3912567,0.0,3.9
2021-08-06 04:21:28.203614,3912504,0.0,0.0
2021-08-06 04:21:28.203614,3912567,0.0,3.9
2021-08-06 04:21:28.361859,3912504,0.0,0.0
2021-08-06 04:21:28.361859,3912567,0.0,3.9
2021-08-06 04:21:28.520265,3912504,0.0,0.0
2021-08-06 04:21:28.520265,3912567,0.0,3.9
2021-08-06 04:21:28.677905,3912504,0.0,0.0
2021-08-06 04:21:28.677905,3912567,0.0,3.9
2021-08-06 04:21:28.835252,3912504,0.0,0.0
2021-08-06 04:21:28.835252,3912567,0.0,3.9
2021-08-06 04:21:28.991049,3912504,0.0,0.0
2021-08-06 04:21:28.991049,3912567,0.0,3.9
2021-08-06 04:21:29.148371,3912504,0.0,0.0
2021-08-06 04:21:29.148371,3912567,0.0,3.9
2021-08-06 04:21:29.305936,3912504,0.0,0.0
2021-08-06 04:21:29.305936,3912567,0.0,3.9
2021-08-06 04:21:29.462352,3912504,0.0,0.0
2021-08-06 04:21:29.462352,3912567,0.0,3.9
2021-08-06 04:21:29.620014,3912504,0.0,0.0
2021-08-06 04:21:29.620014,3912567,0.0,3.9
2021-08-06 04:21:29.777993,3912504,0.0,0.0
2021-08-06 04:21:29.777993,3912567,0.0,3.9
2021-08-06 04:21:29.935240,3912504,0.0,0.0
2021-08-06 04:21:29.935240,3912567,0.0,3.9
2021-08-06 04:21:30.092219,3912504,0.0,0.0
2021-08-06 04:21:30.092219,3912567,0.0,3.9
2021-08-06 04:21:30.249909,3912504,0.0,0.0
2021-08-06 04:21:30.249909,3912567,0.0,3.9
2021-08-06 04:21:30.407624,3912504,0.0,0.0
2021-08-06 04:21:30.407624,3912567,0.0,3.9
2021-08-06 04:21:30.563904,3912504,0.0,0.0
2021-08-06 04:21:30.563904,3912567,0.0,3.9
2021-08-06 04:21:30.721702,3912504,0.0,0.0
2021-08-06 04:21:30.721702,3912567,0.0,3.9
2021-08-06 04:21:30.879562,3912504,0.0,0.0
2021-08-06 04:21:30.879562,3912567,0.0,3.9
2021-08-06 04:21:31.036817,3912504,0.0,0.0
2021-08-06 04:21:31.036817,3912567,0.0,3.9
2021-08-06 04:21:31.194580,3912504,0.0,0.0
2021-08-06 04:21:31.194580,3912567,0.0,3.9
2021-08-06 04:21:31.353363,3912504,0.0,0.0
2021-08-06 04:21:31.353363,3912567,0.0,3.9
2021-08-06 04:21:31.511264,3912504,0.0,0.0
2021-08-06 04:21:31.511264,3912567,0.0,3.9
2021-08-06 04:21:31.669037,3912504,0.0,0.0
2021-08-06 04:21:31.669037,3912567,0.0,3.9
2021-08-06 04:21:31.827344,3912504,0.0,0.0
2021-08-06 04:21:31.827344,3912567,0.0,3.9
2021-08-06 04:21:31.984908,3912504,0.0,0.0
2021-08-06 04:21:31.984908,3912567,0.0,3.9
2021-08-06 04:21:32.141819,3912504,0.0,0.0
2021-08-06 04:21:32.141819,3912567,0.0,3.9
2021-08-06 04:21:32.298456,3912504,0.0,0.0
2021-08-06 04:21:32.298456,3912567,0.0,3.9
2021-08-06 04:21:32.456005,3912504,0.0,0.0
2021-08-06 04:21:32.456005,3912567,0.0,3.9
2021-08-06 04:21:32.613183,3912504,0.0,0.0
2021-08-06 04:21:32.613183,3912567,0.0,3.9
2021-08-06 04:21:32.771257,3912504,0.0,0.0
2021-08-06 04:21:32.771257,3912567,0.0,3.9
2021-08-06 04:21:32.928544,3912504,0.0,0.0
2021-08-06 04:21:32.928544,3912567,0.0,3.9
2021-08-06 04:21:33.085675,3912504,0.0,0.0
2021-08-06 04:21:33.085675,3912567,0.0,3.9
2021-08-06 04:21:33.243551,3912504,0.0,0.0
2021-08-06 04:21:33.243551,3912567,0.0,3.9
2021-08-06 04:21:33.400766,3912504,0.0,0.0
2021-08-06 04:21:33.400766,3912567,0.0,3.9
2021-08-06 04:21:33.558641,3912504,0.0,0.0
2021-08-06 04:21:33.558641,3912567,0.0,3.9
2021-08-06 04:21:33.715601,3912504,0.0,0.0
2021-08-06 04:21:33.715601,3912567,0.0,3.9
2021-08-06 04:21:33.872460,3912504,0.0,0.0
2021-08-06 04:21:33.872460,3912567,0.0,3.9
2021-08-06 04:21:34.028520,3912504,0.0,0.0
2021-08-06 04:21:34.028520,3912567,0.0,3.9
2021-08-06 04:21:34.185246,3912504,0.0,0.0
2021-08-06 04:21:34.185246,3912567,0.0,3.9
2021-08-06 04:21:34.342196,3912504,0.0,0.0
2021-08-06 04:21:34.342196,3912567,0.0,3.9
2021-08-06 04:21:34.498713,3912504,0.0,0.0
2021-08-06 04:21:34.498713,3912567,0.0,3.9
2021-08-06 04:21:34.655160,3912504,0.0,0.0
2021-08-06 04:21:34.655160,3912567,0.0,3.9
2021-08-06 04:21:34.813458,3912504,0.0,0.0
2021-08-06 04:21:34.813458,3912567,0.0,3.9
2021-08-06 04:21:34.971591,3912504,0.0,0.0
2021-08-06 04:21:34.971591,3912567,0.0,3.9
2021-08-06 04:21:35.128605,3912504,0.0,0.0
2021-08-06 04:21:35.128605,3912567,0.0,3.9
2021-08-06 04:21:35.284986,3912567,6.7,3.9
2021-08-06 04:21:35.284986,3912504,0.0,0.0
2021-08-06 04:21:35.442478,3912567,6.7,3.9
2021-08-06 04:21:35.442478,3912504,0.0,0.0
2021-08-06 04:21:35.598278,3912504,0.0,0.0
2021-08-06 04:21:35.598278,3912567,0.0,3.9
2021-08-06 04:21:35.755413,3912504,0.0,0.0
2021-08-06 04:21:35.755413,3912567,0.0,3.9
2021-08-06 04:21:35.912886,3912504,0.0,0.0
2021-08-06 04:21:35.912886,3912567,0.0,3.9
2021-08-06 04:21:36.069319,3912504,0.0,0.0
2021-08-06 04:21:36.069319,3912567,0.0,3.9
2021-08-06 04:21:36.227131,3912504,0.0,0.0
2021-08-06 04:21:36.227131,3912567,0.0,3.9
2021-08-06 04:21:36.384124,3912504,0.0,0.0
2021-08-06 04:21:36.384124,3912567,0.0,3.9
2021-08-06 04:21:36.541352,3912504,0.0,0.0
2021-08-06 04:21:36.541352,3912567,0.0,3.9
2021-08-06 04:21:36.697983,3912504,0.0,0.0
2021-08-06 04:21:36.697983,3912567,0.0,3.9
2021-08-06 04:21:36.855972,3912567,6.2,3.9
2021-08-06 04:21:36.855972,3912504,0.0,0.0
2021-08-06 04:21:37.013583,3912504,0.0,0.0
2021-08-06 04:21:37.013583,3912567,0.0,3.9
2021-08-06 04:21:37.170926,3912504,0.0,0.0
2021-08-06 04:21:37.170926,3912567,0.0,3.9
2021-08-06 04:21:37.328710,3912504,0.0,0.0
2021-08-06 04:21:37.328710,3912567,0.0,3.9
2021-08-06 04:21:37.486017,3912504,0.0,0.0
2021-08-06 04:21:37.486017,3912567,0.0,3.9
2021-08-06 04:21:37.646249,3912504,0.0,0.0
2021-08-06 04:21:37.646249,3912567,0.0,3.9
2021-08-06 04:21:37.803001,3912504,0.0,0.0
2021-08-06 04:21:37.803001,3912567,0.0,3.9
2021-08-06 04:21:37.960928,3912567,6.7,3.9
2021-08-06 04:21:37.960928,3912504,0.0,0.0
2021-08-06 04:21:38.118438,3912504,0.0,0.0
2021-08-06 04:21:38.118438,3912567,0.0,3.9
2021-08-06 04:21:38.276829,3912504,0.0,0.0
2021-08-06 04:21:38.276829,3912567,0.0,3.9
2021-08-06 04:21:38.433424,3912504,0.0,0.0
2021-08-06 04:21:38.433424,3912567,0.0,3.9
2021-08-06 04:21:38.591343,3912504,0.0,0.0
2021-08-06 04:21:38.591343,3912567,0.0,3.9
2021-08-06 04:21:38.749166,3912567,6.7,3.9
2021-08-06 04:21:38.749166,3912504,0.0,0.0
2021-08-06 04:21:38.906674,3912504,0.0,0.0
2021-08-06 04:21:38.906674,3912567,0.0,3.9
2021-08-06 04:21:39.064098,3912504,0.0,0.0
2021-08-06 04:21:39.064098,3912567,0.0,3.9
2021-08-06 04:21:39.221139,3912504,0.0,0.0
2021-08-06 04:21:39.221139,3912567,0.0,3.9
2021-08-06 04:21:39.378267,3912504,0.0,0.0
2021-08-06 04:21:39.378267,3912567,0.0,3.9
2021-08-06 04:21:39.535960,3912504,0.0,0.0
2021-08-06 04:21:39.535960,3912567,0.0,3.9
2021-08-06 04:21:39.693097,3912567,6.7,3.9
2021-08-06 04:21:39.693097,3912504,0.0,0.0
2021-08-06 04:21:39.850368,3912504,0.0,0.0
2021-08-06 04:21:39.850368,3912567,0.0,3.9
2021-08-06 04:21:40.007509,3912504,0.0,0.0
2021-08-06 04:21:40.007509,3912567,0.0,3.9
2021-08-06 04:21:40.164755,3912504,0.0,0.0
2021-08-06 04:21:40.164755,3912567,0.0,3.9
2021-08-06 04:21:40.321900,3912504,0.0,0.0
2021-08-06 04:21:40.321900,3912567,0.0,3.9
2021-08-06 04:21:40.479023,3912504,0.0,0.0
2021-08-06 04:21:40.479023,3912567,0.0,3.9
2021-08-06 04:21:40.636273,3912504,0.0,0.0
2021-08-06 04:21:40.636273,3912567,0.0,3.9
2021-08-06 04:21:40.793660,3912504,0.0,0.0
2021-08-06 04:21:40.793660,3912567,0.0,3.9
2021-08-06 04:21:40.950869,3912504,0.0,0.0
2021-08-06 04:21:40.950869,3912567,0.0,3.9
2021-08-06 04:21:41.108203,3912504,0.0,0.0
2021-08-06 04:21:41.108203,3912567,0.0,3.9
2021-08-06 04:21:41.265465,3912504,0.0,0.0
2021-08-06 04:21:41.265465,3912567,0.0,3.9
2021-08-06 04:21:41.422732,3912504,0.0,0.0
2021-08-06 04:21:41.422732,3912567,0.0,3.9
2021-08-06 04:21:41.579915,3912504,0.0,0.0
2021-08-06 04:21:41.579915,3912567,0.0,3.9
2021-08-06 04:21:41.736451,3912504,0.0,0.0
2021-08-06 04:21:41.736451,3912567,0.0,3.9
2021-08-06 04:21:41.894028,3912504,0.0,0.0
2021-08-06 04:21:41.894028,3912567,0.0,3.9
2021-08-06 04:21:42.051417,3912504,0.0,0.0
2021-08-06 04:21:42.051417,3912567,0.0,3.9
2021-08-06 04:21:42.208540,3912504,0.0,0.0
2021-08-06 04:21:42.208540,3912567,0.0,3.9
2021-08-06 04:21:42.365724,3912504,0.0,0.0
2021-08-06 04:21:42.365724,3912567,0.0,3.9
2021-08-06 04:21:42.522856,3912504,0.0,0.0
2021-08-06 04:21:42.522856,3912567,0.0,3.9
2021-08-06 04:21:42.680025,3912504,0.0,0.0
2021-08-06 04:21:42.680025,3912567,0.0,3.9
2021-08-06 04:21:42.837199,3912504,0.0,0.0
2021-08-06 04:21:42.837199,3912567,0.0,3.9
2021-08-06 04:21:42.994344,3912504,0.0,0.0
2021-08-06 04:21:42.994344,3912567,0.0,3.9
2021-08-06 04:21:43.151581,3912504,0.0,0.0
2021-08-06 04:21:43.151581,3912567,0.0,3.9
2021-08-06 04:21:43.308995,3912504,0.0,0.0
2021-08-06 04:21:43.308995,3912567,0.0,3.9
2021-08-06 04:21:43.466222,3912504,0.0,0.0
2021-08-06 04:21:43.466222,3912567,0.0,3.9
2021-08-06 04:21:43.623408,3912567,6.7,3.9
2021-08-06 04:21:43.623408,3912504,0.0,0.0
