timestamp,PID,CPU,RAM
2021-07-27 11:44:59.002769,2697681,0.0,0.0
2021-07-27 11:44:59.002769,2697742,0.0,4.0
2021-07-27 11:44:59.160096,2697681,0.0,0.0
2021-07-27 11:44:59.160096,2697742,0.0,4.0
2021-07-27 11:44:59.317664,2697681,0.0,0.0
2021-07-27 11:44:59.317664,2697742,0.0,4.0
2021-07-27 11:44:59.475222,2697681,0.0,0.0
2021-07-27 11:44:59.475222,2697742,0.0,4.0
2021-07-27 11:44:59.632732,2697681,0.0,0.0
2021-07-27 11:44:59.632732,2697742,0.0,4.0
2021-07-27 11:44:59.789989,2697681,0.0,0.0
2021-07-27 11:44:59.789989,2697742,0.0,4.0
2021-07-27 11:44:59.947205,2697681,0.0,0.0
2021-07-27 11:44:59.947205,2697742,0.0,4.0
2021-07-27 11:45:00.104763,2697681,0.0,0.0
2021-07-27 11:45:00.104763,2697742,0.0,4.0
2021-07-27 11:45:00.262146,2697681,0.0,0.0
2021-07-27 11:45:00.262146,2697742,0.0,4.0
2021-07-27 11:45:00.419360,2697681,0.0,0.0
2021-07-27 11:45:00.419360,2697742,0.0,4.0
2021-07-27 11:45:00.576744,2697681,0.0,0.0
2021-07-27 11:45:00.576744,2697742,0.0,4.0
2021-07-27 11:45:00.734534,2697681,0.0,0.0
2021-07-27 11:45:00.734534,2697742,0.0,4.0
2021-07-27 11:45:00.891812,2697681,0.0,0.0
2021-07-27 11:45:00.891812,2697742,0.0,4.0
2021-07-27 11:45:01.049197,2697681,0.0,0.0
2021-07-27 11:45:01.049197,2697742,0.0,4.0
2021-07-27 11:45:01.206727,2697681,0.0,0.0
2021-07-27 11:45:01.206727,2697742,0.0,4.0
2021-07-27 11:45:01.364079,2697681,0.0,0.0
2021-07-27 11:45:01.364079,2697742,0.0,4.0
2021-07-27 11:45:01.521386,2697681,0.0,0.0
2021-07-27 11:45:01.521386,2697742,0.0,4.0
2021-07-27 11:45:01.678739,2697681,0.0,0.0
2021-07-27 11:45:01.678739,2697742,0.0,4.0
2021-07-27 11:45:01.836036,2697681,0.0,0.0
2021-07-27 11:45:01.836036,2697742,0.0,4.0
2021-07-27 11:45:01.993328,2697681,0.0,0.0
2021-07-27 11:45:01.993328,2697742,0.0,4.0
2021-07-27 11:45:02.150557,2697681,0.0,0.0
2021-07-27 11:45:02.150557,2697742,0.0,4.0
2021-07-27 11:45:02.307914,2697742,20.0,4.0
2021-07-27 11:45:02.307914,2697681,0.0,0.0
2021-07-27 11:45:02.465162,2697681,0.0,0.0
2021-07-27 11:45:02.465162,2697742,0.0,4.0
2021-07-27 11:45:02.622315,2697681,0.0,0.0
2021-07-27 11:45:02.622315,2697742,0.0,4.0
2021-07-27 11:45:02.779477,2697681,0.0,0.0
2021-07-27 11:45:02.779477,2697742,0.0,4.0
2021-07-27 11:45:02.936526,2697681,0.0,0.0
2021-07-27 11:45:02.936526,2697742,0.0,4.0
2021-07-27 11:45:03.093118,2697681,0.0,0.0
2021-07-27 11:45:03.093118,2697742,0.0,4.0
2021-07-27 11:45:03.249713,2697681,0.0,0.0
2021-07-27 11:45:03.249713,2697742,0.0,4.0
2021-07-27 11:45:03.406588,2697681,0.0,0.0
2021-07-27 11:45:03.406588,2697742,0.0,4.0
2021-07-27 11:45:03.563546,2697681,0.0,0.0
2021-07-27 11:45:03.563546,2697742,0.0,4.0
2021-07-27 11:45:03.720818,2697681,0.0,0.0
2021-07-27 11:45:03.720818,2697742,0.0,4.0
2021-07-27 11:45:03.877733,2697681,0.0,0.0
2021-07-27 11:45:03.877733,2697742,0.0,4.0
2021-07-27 11:45:04.034959,2697681,0.0,0.0
2021-07-27 11:45:04.034959,2697742,0.0,4.0
2021-07-27 11:45:04.191389,2697681,0.0,0.0
2021-07-27 11:45:04.191389,2697742,0.0,4.0
2021-07-27 11:45:04.349451,2697742,6.7,4.0
2021-07-27 11:45:04.349451,2697681,0.0,0.0
2021-07-27 11:45:04.506589,2697681,0.0,0.0
2021-07-27 11:45:04.506589,2697742,0.0,4.0
2021-07-27 11:45:04.663470,2697681,0.0,0.0
2021-07-27 11:45:04.663470,2697742,0.0,4.0
2021-07-27 11:45:04.820191,2697681,0.0,0.0
2021-07-27 11:45:04.820191,2697742,0.0,4.0
2021-07-27 11:45:04.977591,2697681,0.0,0.0
2021-07-27 11:45:04.977591,2697742,0.0,4.0
2021-07-27 11:45:05.133926,2697681,0.0,0.0
2021-07-27 11:45:05.133926,2697742,0.0,4.0
2021-07-27 11:45:05.290768,2697681,0.0,0.0
2021-07-27 11:45:05.290768,2697742,0.0,4.0
2021-07-27 11:45:05.447834,2697681,0.0,0.0
2021-07-27 11:45:05.447834,2697742,0.0,4.0
2021-07-27 11:45:05.606124,2697681,0.0,0.0
2021-07-27 11:45:05.606124,2697742,0.0,4.0
2021-07-27 11:45:05.763797,2697681,0.0,0.0
2021-07-27 11:45:05.763797,2697742,0.0,4.0
2021-07-27 11:45:05.921274,2697681,0.0,0.0
2021-07-27 11:45:05.921274,2697742,0.0,4.0
2021-07-27 11:45:06.077746,2697681,0.0,0.0
2021-07-27 11:45:06.077746,2697742,0.0,4.0
2021-07-27 11:45:06.235308,2697681,0.0,0.0
2021-07-27 11:45:06.235308,2697742,0.0,4.0
2021-07-27 11:45:06.392105,2697681,0.0,0.0
2021-07-27 11:45:06.392105,2697742,0.0,4.0
2021-07-27 11:45:06.549891,2697681,0.0,0.0
2021-07-27 11:45:06.549891,2697742,0.0,4.0
2021-07-27 11:45:06.707088,2697681,0.0,0.0
2021-07-27 11:45:06.707088,2697742,0.0,4.0
2021-07-27 11:45:06.864722,2697681,0.0,0.0
2021-07-27 11:45:06.864722,2697742,0.0,4.0
2021-07-27 11:45:07.021751,2697681,0.0,0.0
2021-07-27 11:45:07.021751,2697742,0.0,4.0
2021-07-27 11:45:07.179054,2697681,0.0,0.0
2021-07-27 11:45:07.179054,2697742,0.0,4.0
2021-07-27 11:45:07.336331,2697681,0.0,0.0
2021-07-27 11:45:07.336331,2697742,0.0,4.0
2021-07-27 11:45:07.493692,2697681,0.0,0.0
2021-07-27 11:45:07.493692,2697742,0.0,4.0
2021-07-27 11:45:07.651104,2697681,0.0,0.0
2021-07-27 11:45:07.651104,2697742,0.0,4.0
2021-07-27 11:45:07.808471,2697681,0.0,0.0
2021-07-27 11:45:07.808471,2697742,0.0,4.0
2021-07-27 11:45:07.965733,2697681,0.0,0.0
2021-07-27 11:45:07.965733,2697742,0.0,4.0
2021-07-27 11:45:08.123280,2697681,0.0,0.0
2021-07-27 11:45:08.123280,2697742,0.0,4.0
2021-07-27 11:45:08.280595,2697681,0.0,0.0
2021-07-27 11:45:08.280595,2697742,0.0,4.0
2021-07-27 11:45:08.437918,2697681,0.0,0.0
2021-07-27 11:45:08.437918,2697742,0.0,4.0
2021-07-27 11:45:08.595283,2697681,0.0,0.0
2021-07-27 11:45:08.595283,2697742,0.0,4.0
2021-07-27 11:45:08.752442,2697681,0.0,0.0
2021-07-27 11:45:08.752442,2697742,0.0,4.0
2021-07-27 11:45:08.909340,2697681,0.0,0.0
2021-07-27 11:45:08.909340,2697742,0.0,4.0
2021-07-27 11:45:09.065913,2697681,0.0,0.0
2021-07-27 11:45:09.065913,2697742,0.0,4.0
2021-07-27 11:45:09.223055,2697681,0.0,0.0
2021-07-27 11:45:09.223055,2697742,0.0,4.0
2021-07-27 11:45:09.380294,2697681,0.0,0.0
2021-07-27 11:45:09.380294,2697742,0.0,4.0
2021-07-27 11:45:09.537553,2697681,0.0,0.0
2021-07-27 11:45:09.537553,2697742,0.0,4.0
2021-07-27 11:45:09.694902,2697681,0.0,0.0
2021-07-27 11:45:09.694902,2697742,0.0,4.0
2021-07-27 11:45:09.852223,2697681,0.0,0.0
2021-07-27 11:45:09.852223,2697742,0.0,4.0
2021-07-27 11:45:10.009551,2697681,0.0,0.0
2021-07-27 11:45:10.009551,2697742,0.0,4.0
2021-07-27 11:45:10.166804,2697681,0.0,0.0
2021-07-27 11:45:10.166804,2697742,0.0,4.0
2021-07-27 11:45:10.324111,2697681,0.0,0.0
2021-07-27 11:45:10.324111,2697742,0.0,4.0
2021-07-27 11:45:10.481458,2697681,0.0,0.0
2021-07-27 11:45:10.481458,2697742,0.0,4.0
2021-07-27 11:45:10.638200,2697681,0.0,0.0
2021-07-27 11:45:10.638200,2697742,0.0,4.0
2021-07-27 11:45:10.795554,2697681,0.0,0.0
2021-07-27 11:45:10.795554,2697742,0.0,4.0
2021-07-27 11:45:10.952855,2697681,0.0,0.0
2021-07-27 11:45:10.952855,2697742,0.0,4.0
2021-07-27 11:45:11.110112,2697681,0.0,0.0
2021-07-27 11:45:11.110112,2697742,0.0,4.0
2021-07-27 11:45:11.267400,2697681,0.0,0.0
2021-07-27 11:45:11.267400,2697742,0.0,4.0
2021-07-27 11:45:11.424504,2697681,0.0,0.0
2021-07-27 11:45:11.424504,2697742,0.0,4.0
2021-07-27 11:45:11.581482,2697681,0.0,0.0
2021-07-27 11:45:11.581482,2697742,0.0,4.0
2021-07-27 11:45:11.738793,2697681,0.0,0.0
2021-07-27 11:45:11.738793,2697742,0.0,4.0
2021-07-27 11:45:11.896105,2697681,0.0,0.0
2021-07-27 11:45:11.896105,2697742,0.0,4.0
2021-07-27 11:45:12.053550,2697681,0.0,0.0
2021-07-27 11:45:12.053550,2697742,0.0,4.0
2021-07-27 11:45:12.210887,2697681,0.0,0.0
2021-07-27 11:45:12.210887,2697742,0.0,4.0
2021-07-27 11:45:12.368065,2697681,0.0,0.0
2021-07-27 11:45:12.368065,2697742,0.0,4.0
2021-07-27 11:45:12.525507,2697681,0.0,0.0
2021-07-27 11:45:12.525507,2697742,0.0,4.0
2021-07-27 11:45:12.682844,2697681,0.0,0.0
2021-07-27 11:45:12.682844,2697742,0.0,4.0
2021-07-27 11:45:12.840171,2697681,0.0,0.0
2021-07-27 11:45:12.840171,2697742,0.0,4.0
2021-07-27 11:45:12.997553,2697681,0.0,0.0
2021-07-27 11:45:12.997553,2697742,0.0,4.0
2021-07-27 11:45:13.155398,2697681,0.0,0.0
2021-07-27 11:45:13.155398,2697742,0.0,4.0
2021-07-27 11:45:13.312828,2697681,0.0,0.0
2021-07-27 11:45:13.312828,2697742,0.0,4.0
2021-07-27 11:45:13.470301,2697681,0.0,0.0
2021-07-27 11:45:13.470301,2697742,0.0,4.0
2021-07-27 11:45:13.627658,2697681,0.0,0.0
2021-07-27 11:45:13.627658,2697742,0.0,4.0
2021-07-27 11:45:13.784966,2697681,0.0,0.0
2021-07-27 11:45:13.784966,2697742,0.0,4.0
2021-07-27 11:45:13.942555,2697681,0.0,0.0
2021-07-27 11:45:13.942555,2697742,0.0,4.0
2021-07-27 11:45:14.099912,2697681,0.0,0.0
2021-07-27 11:45:14.099912,2697742,0.0,4.0
2021-07-27 11:45:14.257044,2697681,0.0,0.0
2021-07-27 11:45:14.257044,2697742,0.0,4.0
2021-07-27 11:45:14.414318,2697681,0.0,0.0
2021-07-27 11:45:14.414318,2697742,0.0,4.0
2021-07-27 11:45:14.571531,2697681,0.0,0.0
2021-07-27 11:45:14.571531,2697742,0.0,4.0
2021-07-27 11:45:14.728897,2697681,0.0,0.0
2021-07-27 11:45:14.728897,2697742,0.0,4.0
2021-07-27 11:45:14.886420,2697681,0.0,0.0
2021-07-27 11:45:14.886420,2697742,0.0,4.0
2021-07-27 11:45:15.043788,2697681,0.0,0.0
2021-07-27 11:45:15.043788,2697742,0.0,4.0
2021-07-27 11:45:15.200979,2697681,0.0,0.0
2021-07-27 11:45:15.200979,2697742,0.0,4.0
2021-07-27 11:45:15.358513,2697681,0.0,0.0
2021-07-27 11:45:15.358513,2697742,0.0,4.0
2021-07-27 11:45:15.515872,2697681,0.0,0.0
2021-07-27 11:45:15.515872,2697742,0.0,4.0
2021-07-27 11:45:15.673310,2697681,0.0,0.0
2021-07-27 11:45:15.673310,2697742,0.0,4.0
2021-07-27 11:45:15.830999,2697681,0.0,0.0
2021-07-27 11:45:15.830999,2697742,0.0,4.0
2021-07-27 11:45:15.988500,2697681,0.0,0.0
2021-07-27 11:45:15.988500,2697742,0.0,4.0
2021-07-27 11:45:16.145603,2697681,0.0,0.0
2021-07-27 11:45:16.145603,2697742,0.0,4.0
2021-07-27 11:45:16.302845,2697681,0.0,0.0
2021-07-27 11:45:16.302845,2697742,0.0,4.0
2021-07-27 11:45:16.460240,2697681,0.0,0.0
2021-07-27 11:45:16.460240,2697742,0.0,4.0
2021-07-27 11:45:16.618043,2697681,0.0,0.0
2021-07-27 11:45:16.618043,2697742,0.0,4.0
2021-07-27 11:45:16.775314,2697681,0.0,0.0
2021-07-27 11:45:16.775314,2697742,0.0,4.0
2021-07-27 11:45:16.932598,2697681,0.0,0.0
2021-07-27 11:45:16.932598,2697742,0.0,4.0
2021-07-27 11:45:17.089553,2697681,0.0,0.0
2021-07-27 11:45:17.089553,2697742,0.0,4.0
2021-07-27 11:45:17.246978,2697681,0.0,0.0
2021-07-27 11:45:17.246978,2697742,0.0,4.0
2021-07-27 11:45:17.404192,2697681,0.0,0.0
2021-07-27 11:45:17.404192,2697742,0.0,4.0
2021-07-27 11:45:17.561439,2697681,0.0,0.0
2021-07-27 11:45:17.561439,2697742,0.0,4.0
2021-07-27 11:45:17.718965,2697681,0.0,0.0
2021-07-27 11:45:17.718965,2697742,0.0,4.0
2021-07-27 11:45:17.876570,2697681,0.0,0.0
2021-07-27 11:45:17.876570,2697742,0.0,4.0
2021-07-27 11:45:18.033666,2697681,0.0,0.0
2021-07-27 11:45:18.033666,2697742,0.0,4.0
2021-07-27 11:45:18.190987,2697681,0.0,0.0
2021-07-27 11:45:18.190987,2697742,0.0,4.0
2021-07-27 11:45:18.348257,2697681,0.0,0.0
2021-07-27 11:45:18.348257,2697742,0.0,4.0
2021-07-27 11:45:18.505672,2697681,0.0,0.0
2021-07-27 11:45:18.505672,2697742,0.0,4.0
2021-07-27 11:45:18.662965,2697681,0.0,0.0
2021-07-27 11:45:18.662965,2697742,0.0,4.0
2021-07-27 11:45:18.820241,2697681,0.0,0.0
2021-07-27 11:45:18.820241,2697742,0.0,4.0
2021-07-27 11:45:18.977334,2697681,0.0,0.0
2021-07-27 11:45:18.977334,2697742,0.0,4.0
2021-07-27 11:45:19.134617,2697681,0.0,0.0
2021-07-27 11:45:19.134617,2697742,0.0,4.0
2021-07-27 11:45:19.291683,2697681,0.0,0.0
2021-07-27 11:45:19.291683,2697742,0.0,4.0
2021-07-27 11:45:19.449262,2697681,0.0,0.0
2021-07-27 11:45:19.449262,2697742,0.0,4.0
2021-07-27 11:45:19.606615,2697681,0.0,0.0
2021-07-27 11:45:19.606615,2697742,0.0,4.0
2021-07-27 11:45:19.763899,2697681,0.0,0.0
2021-07-27 11:45:19.763899,2697742,0.0,4.0
2021-07-27 11:45:19.921393,2697681,0.0,0.0
2021-07-27 11:45:19.921393,2697742,0.0,4.0
2021-07-27 11:45:20.078095,2697681,0.0,0.0
2021-07-27 11:45:20.078095,2697742,0.0,4.0
2021-07-27 11:45:20.235777,2697681,0.0,0.0
2021-07-27 11:45:20.235777,2697742,0.0,4.0
2021-07-27 11:45:20.393309,2697681,0.0,0.0
2021-07-27 11:45:20.393309,2697742,0.0,4.0
2021-07-27 11:45:20.550940,2697681,0.0,0.0
2021-07-27 11:45:20.550940,2697742,0.0,4.0
2021-07-27 11:45:20.708570,2697681,0.0,0.0
2021-07-27 11:45:20.708570,2697742,0.0,4.0
2021-07-27 11:45:20.866037,2697681,0.0,0.0
2021-07-27 11:45:20.866037,2697742,0.0,4.0
2021-07-27 11:45:21.023384,2697681,0.0,0.0
2021-07-27 11:45:21.023384,2697742,0.0,4.0
2021-07-27 11:45:21.180738,2697681,0.0,0.0
2021-07-27 11:45:21.180738,2697742,0.0,4.0
2021-07-27 11:45:21.338033,2697681,0.0,0.0
2021-07-27 11:45:21.338033,2697742,0.0,4.0
2021-07-27 11:45:21.495564,2697681,0.0,0.0
2021-07-27 11:45:21.495564,2697742,0.0,4.0
2021-07-27 11:45:21.653262,2697681,0.0,0.0
2021-07-27 11:45:21.653262,2697742,0.0,4.0
2021-07-27 11:45:21.810631,2697681,0.0,0.0
2021-07-27 11:45:21.810631,2697742,0.0,4.0
2021-07-27 11:45:21.968124,2697681,0.0,0.0
2021-07-27 11:45:21.968124,2697742,0.0,4.0
2021-07-27 11:45:22.125400,2697681,0.0,0.0
2021-07-27 11:45:22.125400,2697742,0.0,4.0
2021-07-27 11:45:22.282836,2697681,0.0,0.0
2021-07-27 11:45:22.282836,2697742,0.0,4.0
2021-07-27 11:45:22.440417,2697681,0.0,0.0
2021-07-27 11:45:22.440417,2697742,0.0,4.0
2021-07-27 11:45:22.597606,2697681,0.0,0.0
2021-07-27 11:45:22.597606,2697742,0.0,4.0
2021-07-27 11:45:22.754925,2697681,0.0,0.0
2021-07-27 11:45:22.754925,2697742,0.0,4.0
2021-07-27 11:45:22.912504,2697681,0.0,0.0
2021-07-27 11:45:22.912504,2697742,0.0,4.0
2021-07-27 11:45:23.069793,2697681,0.0,0.0
2021-07-27 11:45:23.069793,2697742,0.0,4.0
2021-07-27 11:45:23.227273,2697681,0.0,0.0
2021-07-27 11:45:23.227273,2697742,0.0,4.0
2021-07-27 11:45:23.384591,2697681,0.0,0.0
2021-07-27 11:45:23.384591,2697742,0.0,4.0
2021-07-27 11:45:23.541909,2697681,0.0,0.0
2021-07-27 11:45:23.541909,2697742,0.0,4.0
2021-07-27 11:45:23.699275,2697681,0.0,0.0
2021-07-27 11:45:23.699275,2697742,0.0,4.0
2021-07-27 11:45:23.856618,2697681,0.0,0.0
2021-07-27 11:45:23.856618,2697742,0.0,4.0
2021-07-27 11:45:24.013980,2697681,0.0,0.0
2021-07-27 11:45:24.013980,2697742,0.0,4.0
2021-07-27 11:45:24.171182,2697681,0.0,0.0
2021-07-27 11:45:24.171182,2697742,0.0,4.0
2021-07-27 11:45:24.328537,2697681,0.0,0.0
2021-07-27 11:45:24.328537,2697742,0.0,4.0
2021-07-27 11:45:24.485910,2697681,0.0,0.0
2021-07-27 11:45:24.485910,2697742,0.0,4.0
2021-07-27 11:45:24.643261,2697681,0.0,0.0
2021-07-27 11:45:24.643261,2697742,0.0,4.0
2021-07-27 11:45:24.800446,2697681,0.0,0.0
2021-07-27 11:45:24.800446,2697742,0.0,4.0
2021-07-27 11:45:24.957735,2697681,0.0,0.0
2021-07-27 11:45:24.957735,2697742,0.0,4.0
2021-07-27 11:45:25.115052,2697681,0.0,0.0
2021-07-27 11:45:25.115052,2697742,0.0,4.0
2021-07-27 11:45:25.272330,2697742,6.7,4.0
2021-07-27 11:45:25.272330,2697681,0.0,0.0
2021-07-27 11:45:25.429684,2697681,0.0,0.0
2021-07-27 11:45:25.429684,2697742,0.0,4.0
2021-07-27 11:45:25.586989,2697681,0.0,0.0
2021-07-27 11:45:25.586989,2697742,0.0,4.0
2021-07-27 11:45:25.744307,2697681,0.0,0.0
2021-07-27 11:45:25.744307,2697742,0.0,4.0
2021-07-27 11:45:25.901899,2697681,0.0,0.0
2021-07-27 11:45:25.901899,2697742,0.0,4.0
2021-07-27 11:45:26.059229,2697681,0.0,0.0
2021-07-27 11:45:26.059229,2697742,0.0,4.0
2021-07-27 11:45:26.216570,2697681,0.0,0.0
2021-07-27 11:45:26.216570,2697742,0.0,4.0
2021-07-27 11:45:26.373787,2697681,0.0,0.0
2021-07-27 11:45:26.373787,2697742,0.0,4.0
2021-07-27 11:45:26.531521,2697681,0.0,0.0
2021-07-27 11:45:26.531521,2697742,0.0,4.0
2021-07-27 11:45:26.689135,2697681,0.0,0.0
2021-07-27 11:45:26.689135,2697742,0.0,4.0
2021-07-27 11:45:26.846645,2697681,0.0,0.0
2021-07-27 11:45:26.846645,2697742,0.0,4.0
2021-07-27 11:45:27.004021,2697681,0.0,0.0
2021-07-27 11:45:27.004021,2697742,0.0,4.0
2021-07-27 11:45:27.161348,2697681,0.0,0.0
2021-07-27 11:45:27.161348,2697742,0.0,4.0
2021-07-27 11:45:27.318686,2697681,0.0,0.0
2021-07-27 11:45:27.318686,2697742,0.0,4.0
2021-07-27 11:45:27.476038,2697681,0.0,0.0
2021-07-27 11:45:27.476038,2697742,0.0,4.0
2021-07-27 11:45:27.633506,2697681,0.0,0.0
2021-07-27 11:45:27.633506,2697742,0.0,4.0
2021-07-27 11:45:27.790971,2697681,0.0,0.0
2021-07-27 11:45:27.790971,2697742,0.0,4.0
2021-07-27 11:45:27.948243,2697681,0.0,0.0
2021-07-27 11:45:27.948243,2697742,0.0,4.0
2021-07-27 11:45:28.105784,2697681,0.0,0.0
2021-07-27 11:45:28.105784,2697742,0.0,4.0
2021-07-27 11:45:28.263047,2697681,0.0,0.0
2021-07-27 11:45:28.263047,2697742,0.0,4.0
2021-07-27 11:45:28.420529,2697681,0.0,0.0
2021-07-27 11:45:28.420529,2697742,0.0,4.0
2021-07-27 11:45:28.578219,2697681,0.0,0.0
2021-07-27 11:45:28.578219,2697742,0.0,4.0
2021-07-27 11:45:28.735573,2697681,0.0,0.0
2021-07-27 11:45:28.735573,2697742,0.0,4.0
2021-07-27 11:45:28.892781,2697681,0.0,0.0
2021-07-27 11:45:28.892781,2697742,0.0,4.0
2021-07-27 11:45:29.049965,2697681,0.0,0.0
2021-07-27 11:45:29.049965,2697742,0.0,4.0
2021-07-27 11:45:29.207254,2697681,0.0,0.0
2021-07-27 11:45:29.207254,2697742,0.0,4.0
2021-07-27 11:45:29.364536,2697681,0.0,0.0
2021-07-27 11:45:29.364536,2697742,0.0,4.0
2021-07-27 11:45:29.521903,2697681,0.0,0.0
2021-07-27 11:45:29.521903,2697742,0.0,4.0
2021-07-27 11:45:29.679357,2697681,0.0,0.0
2021-07-27 11:45:29.679357,2697742,0.0,4.0
2021-07-27 11:45:29.836731,2697681,0.0,0.0
2021-07-27 11:45:29.836731,2697742,0.0,4.0
2021-07-27 11:45:29.994381,2697681,0.0,0.0
2021-07-27 11:45:29.994381,2697742,0.0,4.0
2021-07-27 11:45:30.151871,2697681,0.0,0.0
2021-07-27 11:45:30.151871,2697742,0.0,4.0
2021-07-27 11:45:30.309016,2697681,0.0,0.0
2021-07-27 11:45:30.309016,2697742,0.0,4.0
2021-07-27 11:45:30.465496,2697681,0.0,0.0
2021-07-27 11:45:30.465496,2697742,0.0,4.0
2021-07-27 11:45:30.622899,2697681,0.0,0.0
2021-07-27 11:45:30.622899,2697742,0.0,4.0
2021-07-27 11:45:30.780212,2697681,0.0,0.0
2021-07-27 11:45:30.780212,2697742,0.0,4.0
2021-07-27 11:45:30.937529,2697681,0.0,0.0
2021-07-27 11:45:30.937529,2697742,0.0,4.0
2021-07-27 11:45:31.094835,2697681,0.0,0.0
2021-07-27 11:45:31.094835,2697742,0.0,4.0
2021-07-27 11:45:31.252214,2697681,0.0,0.0
2021-07-27 11:45:31.252214,2697742,0.0,4.0
2021-07-27 11:45:31.409531,2697681,0.0,0.0
2021-07-27 11:45:31.409531,2697742,0.0,4.0
2021-07-27 11:45:31.567119,2697681,0.0,0.0
2021-07-27 11:45:31.567119,2697742,0.0,4.0
2021-07-27 11:45:31.724752,2697681,0.0,0.0
2021-07-27 11:45:31.724752,2697742,0.0,4.0
2021-07-27 11:45:31.882061,2697681,0.0,0.0
2021-07-27 11:45:31.882061,2697742,0.0,4.0
2021-07-27 11:45:32.039379,2697681,0.0,0.0
2021-07-27 11:45:32.039379,2697742,0.0,4.0
2021-07-27 11:45:32.196682,2697681,0.0,0.0
2021-07-27 11:45:32.196682,2697742,0.0,4.0
2021-07-27 11:45:32.353686,2697681,0.0,0.0
2021-07-27 11:45:32.353686,2697742,0.0,4.0
2021-07-27 11:45:32.510993,2697681,0.0,0.0
2021-07-27 11:45:32.510993,2697742,0.0,4.0
2021-07-27 11:45:32.668637,2697681,0.0,0.0
2021-07-27 11:45:32.668637,2697742,0.0,4.0
2021-07-27 11:45:32.826044,2697681,0.0,0.0
2021-07-27 11:45:32.826044,2697742,0.0,4.0
2021-07-27 11:45:32.983425,2697681,0.0,0.0
2021-07-27 11:45:32.983425,2697742,0.0,4.0
2021-07-27 11:45:33.141079,2697681,0.0,0.0
2021-07-27 11:45:33.141079,2697742,0.0,4.0
2021-07-27 11:45:33.297951,2697681,0.0,0.0
2021-07-27 11:45:33.297951,2697742,0.0,4.0
2021-07-27 11:45:33.455104,2697681,0.0,0.0
2021-07-27 11:45:33.455104,2697742,0.0,4.0
2021-07-27 11:45:33.612355,2697681,0.0,0.0
2021-07-27 11:45:33.612355,2697742,0.0,4.0
2021-07-27 11:45:33.769640,2697681,0.0,0.0
2021-07-27 11:45:33.769640,2697742,0.0,4.0
2021-07-27 11:45:33.927039,2697681,0.0,0.0
2021-07-27 11:45:33.927039,2697742,0.0,4.0
2021-07-27 11:45:34.084392,2697681,0.0,0.0
2021-07-27 11:45:34.084392,2697742,0.0,4.0
2021-07-27 11:45:34.241895,2697681,0.0,0.0
2021-07-27 11:45:34.241895,2697742,0.0,4.0
2021-07-27 11:45:34.399084,2697681,0.0,0.0
2021-07-27 11:45:34.399084,2697742,0.0,4.0
2021-07-27 11:45:34.556709,2697681,0.0,0.0
2021-07-27 11:45:34.556709,2697742,0.0,4.0
2021-07-27 11:45:34.714049,2697681,0.0,0.0
2021-07-27 11:45:34.714049,2697742,0.0,4.0
2021-07-27 11:45:34.871318,2697681,0.0,0.0
2021-07-27 11:45:34.871318,2697742,0.0,4.0
2021-07-27 11:45:35.028635,2697681,0.0,0.0
2021-07-27 11:45:35.028635,2697742,0.0,4.0
2021-07-27 11:45:35.185747,2697681,0.0,0.0
2021-07-27 11:45:35.185747,2697742,0.0,4.0
2021-07-27 11:45:35.342996,2697681,0.0,0.0
2021-07-27 11:45:35.342996,2697742,0.0,4.0
2021-07-27 11:45:35.500260,2697681,0.0,0.0
2021-07-27 11:45:35.500260,2697742,0.0,4.0
2021-07-27 11:45:35.657435,2697681,0.0,0.0
2021-07-27 11:45:35.657435,2697742,0.0,4.0
2021-07-27 11:45:35.814749,2697681,0.0,0.0
2021-07-27 11:45:35.814749,2697742,0.0,4.0
2021-07-27 11:45:35.972152,2697681,0.0,0.0
2021-07-27 11:45:35.972152,2697742,0.0,4.0
2021-07-27 11:45:36.129500,2697681,0.0,0.0
2021-07-27 11:45:36.129500,2697742,0.0,4.0
2021-07-27 11:45:36.286605,2697681,0.0,0.0
2021-07-27 11:45:36.286605,2697742,0.0,4.0
2021-07-27 11:45:36.444186,2697681,0.0,0.0
2021-07-27 11:45:36.444186,2697742,0.0,4.0
2021-07-27 11:45:36.601552,2697681,0.0,0.0
2021-07-27 11:45:36.601552,2697742,0.0,4.0
2021-07-27 11:45:36.759011,2697681,0.0,0.0
2021-07-27 11:45:36.759011,2697742,0.0,4.0
2021-07-27 11:45:36.916229,2697681,0.0,0.0
2021-07-27 11:45:36.916229,2697742,0.0,4.0
2021-07-27 11:45:37.073717,2697681,0.0,0.0
2021-07-27 11:45:37.073717,2697742,0.0,4.0
2021-07-27 11:45:37.230869,2697681,0.0,0.0
2021-07-27 11:45:37.230869,2697742,0.0,4.0
2021-07-27 11:45:37.388075,2697681,0.0,0.0
2021-07-27 11:45:37.388075,2697742,0.0,4.0
2021-07-27 11:45:37.545360,2697681,0.0,0.0
2021-07-27 11:45:37.545360,2697742,0.0,4.0
2021-07-27 11:45:37.702737,2697681,0.0,0.0
2021-07-27 11:45:37.702737,2697742,0.0,4.0
2021-07-27 11:45:37.860030,2697681,0.0,0.0
2021-07-27 11:45:37.860030,2697742,0.0,4.0
2021-07-27 11:45:38.017291,2697681,0.0,0.0
2021-07-27 11:45:38.017291,2697742,0.0,4.0
2021-07-27 11:45:38.174608,2697681,0.0,0.0
2021-07-27 11:45:38.174608,2697742,0.0,4.0
2021-07-27 11:45:38.331894,2697681,0.0,0.0
2021-07-27 11:45:38.331894,2697742,0.0,4.0
2021-07-27 11:45:38.489443,2697681,0.0,0.0
2021-07-27 11:45:38.489443,2697742,0.0,4.0
2021-07-27 11:45:38.646980,2697681,0.0,0.0
2021-07-27 11:45:38.646980,2697742,0.0,4.0
2021-07-27 11:45:38.804282,2697681,0.0,0.0
2021-07-27 11:45:38.804282,2697742,0.0,4.0
2021-07-27 11:45:38.961614,2697681,0.0,0.0
2021-07-27 11:45:38.961614,2697742,0.0,4.0
2021-07-27 11:45:39.119186,2697681,0.0,0.0
2021-07-27 11:45:39.119186,2697742,0.0,4.0
2021-07-27 11:45:39.275966,2697681,0.0,0.0
2021-07-27 11:45:39.275966,2697742,0.0,4.0
2021-07-27 11:45:39.433573,2697681,0.0,0.0
2021-07-27 11:45:39.433573,2697742,0.0,4.0
2021-07-27 11:45:39.591021,2697681,0.0,0.0
2021-07-27 11:45:39.591021,2697742,0.0,4.0
2021-07-27 11:45:39.748330,2697681,0.0,0.0
2021-07-27 11:45:39.748330,2697742,0.0,4.0
2021-07-27 11:45:39.905503,2697681,0.0,0.0
2021-07-27 11:45:39.905503,2697742,0.0,4.0
2021-07-27 11:45:40.063180,2697681,0.0,0.0
2021-07-27 11:45:40.063180,2697742,0.0,4.0
2021-07-27 11:45:40.220511,2697681,0.0,0.0
2021-07-27 11:45:40.220511,2697742,0.0,4.0
2021-07-27 11:45:40.377802,2697681,0.0,0.0
2021-07-27 11:45:40.377802,2697742,0.0,4.0
2021-07-27 11:45:40.535116,2697681,0.0,0.0
2021-07-27 11:45:40.535116,2697742,0.0,4.0
2021-07-27 11:45:40.692470,2697681,0.0,0.0
2021-07-27 11:45:40.692470,2697742,0.0,4.0
2021-07-27 11:45:40.849767,2697681,0.0,0.0
2021-07-27 11:45:40.849767,2697742,0.0,4.0
2021-07-27 11:45:41.007050,2697681,0.0,0.0
2021-07-27 11:45:41.007050,2697742,0.0,4.0
2021-07-27 11:45:41.164381,2697681,0.0,0.0
2021-07-27 11:45:41.164381,2697742,0.0,4.0
2021-07-27 11:45:41.321628,2697681,0.0,0.0
2021-07-27 11:45:41.321628,2697742,0.0,4.0
2021-07-27 11:45:41.478908,2697681,0.0,0.0
2021-07-27 11:45:41.478908,2697742,0.0,4.0
2021-07-27 11:45:41.636236,2697681,0.0,0.0
2021-07-27 11:45:41.636236,2697742,0.0,4.0
2021-07-27 11:45:41.793354,2697681,0.0,0.0
2021-07-27 11:45:41.793354,2697742,0.0,4.0
2021-07-27 11:45:41.950726,2697681,0.0,0.0
2021-07-27 11:45:41.950726,2697742,0.0,4.0
2021-07-27 11:45:42.108090,2697681,0.0,0.0
2021-07-27 11:45:42.108090,2697742,0.0,4.0
2021-07-27 11:45:42.265394,2697681,0.0,0.0
2021-07-27 11:45:42.265394,2697742,0.0,4.0
2021-07-27 11:45:42.422920,2697681,0.0,0.0
2021-07-27 11:45:42.422920,2697742,0.0,4.0
2021-07-27 11:45:42.580252,2697681,0.0,0.0
2021-07-27 11:45:42.580252,2697742,0.0,4.0
2021-07-27 11:45:42.737597,2697681,0.0,0.0
2021-07-27 11:45:42.737597,2697742,0.0,4.0
2021-07-27 11:45:42.894873,2697681,0.0,0.0
2021-07-27 11:45:42.894873,2697742,0.0,4.0
2021-07-27 11:45:43.052316,2697681,0.0,0.0
2021-07-27 11:45:43.052316,2697742,0.0,4.0
2021-07-27 11:45:43.209730,2697681,0.0,0.0
2021-07-27 11:45:43.209730,2697742,0.0,4.0
2021-07-27 11:45:43.366960,2697681,0.0,0.0
2021-07-27 11:45:43.366960,2697742,0.0,4.0
2021-07-27 11:45:43.524498,2697681,0.0,0.0
2021-07-27 11:45:43.524498,2697742,0.0,4.0
2021-07-27 11:45:43.681720,2697681,0.0,0.0
2021-07-27 11:45:43.681720,2697742,0.0,4.0
2021-07-27 11:45:43.839070,2697681,0.0,0.0
2021-07-27 11:45:43.839070,2697742,0.0,4.0
2021-07-27 11:45:43.996414,2697681,0.0,0.0
2021-07-27 11:45:43.996414,2697742,0.0,4.0
2021-07-27 11:45:44.153736,2697681,0.0,0.0
2021-07-27 11:45:44.153736,2697742,0.0,4.0
2021-07-27 11:45:44.311001,2697681,0.0,0.0
2021-07-27 11:45:44.311001,2697742,0.0,4.0
2021-07-27 11:45:44.468281,2697681,0.0,0.0
2021-07-27 11:45:44.468281,2697742,0.0,4.0
2021-07-27 11:45:44.625532,2697681,0.0,0.0
2021-07-27 11:45:44.625532,2697742,0.0,4.0
2021-07-27 11:45:44.782602,2697681,0.0,0.0
2021-07-27 11:45:44.782602,2697742,0.0,4.0
2021-07-27 11:45:44.939874,2697681,0.0,0.0
2021-07-27 11:45:44.939874,2697742,0.0,4.0
2021-07-27 11:45:45.097125,2697681,0.0,0.0
2021-07-27 11:45:45.097125,2697742,0.0,4.0
2021-07-27 11:45:45.254523,2697681,0.0,0.0
2021-07-27 11:45:45.254523,2697742,0.0,4.0
2021-07-27 11:45:45.411695,2697681,0.0,0.0
2021-07-27 11:45:45.411695,2697742,0.0,4.0
2021-07-27 11:45:45.568853,2697681,0.0,0.0
2021-07-27 11:45:45.568853,2697742,0.0,4.0
2021-07-27 11:45:45.726169,2697681,0.0,0.0
2021-07-27 11:45:45.726169,2697742,0.0,4.0
2021-07-27 11:45:45.883463,2697681,0.0,0.0
2021-07-27 11:45:45.883463,2697742,0.0,4.0
2021-07-27 11:45:46.040756,2697681,0.0,0.0
2021-07-27 11:45:46.040756,2697742,0.0,4.0
2021-07-27 11:45:46.198023,2697681,0.0,0.0
2021-07-27 11:45:46.198023,2697742,0.0,4.0
2021-07-27 11:45:46.355187,2697681,0.0,0.0
2021-07-27 11:45:46.355187,2697742,0.0,4.0
2021-07-27 11:45:46.512641,2697681,0.0,0.0
2021-07-27 11:45:46.512641,2697742,0.0,4.0
2021-07-27 11:45:46.670067,2697681,0.0,0.0
2021-07-27 11:45:46.670067,2697742,0.0,4.0
2021-07-27 11:45:46.827619,2697681,0.0,0.0
2021-07-27 11:45:46.827619,2697742,0.0,4.0
2021-07-27 11:45:46.984862,2697681,0.0,0.0
2021-07-27 11:45:46.984862,2697742,0.0,4.0
2021-07-27 11:45:47.142429,2697681,0.0,0.0
2021-07-27 11:45:47.142429,2697742,0.0,4.0
2021-07-27 11:45:47.300018,2697681,0.0,0.0
2021-07-27 11:45:47.300018,2697742,0.0,4.0
2021-07-27 11:45:47.457172,2697742,6.7,4.0
2021-07-27 11:45:47.457172,2697681,0.0,0.0
2021-07-27 11:45:47.614968,2697681,0.0,0.0
2021-07-27 11:45:47.614968,2697742,0.0,4.0
2021-07-27 11:45:47.772289,2697681,0.0,0.0
2021-07-27 11:45:47.772289,2697742,0.0,4.0
2021-07-27 11:45:47.929871,2697681,0.0,0.0
2021-07-27 11:45:47.929871,2697742,0.0,4.0
2021-07-27 11:45:48.087115,2697681,0.0,0.0
2021-07-27 11:45:48.087115,2697742,0.0,4.0
2021-07-27 11:45:48.244597,2697681,0.0,0.0
2021-07-27 11:45:48.244597,2697742,0.0,4.0
2021-07-27 11:45:48.401866,2697681,0.0,0.0
2021-07-27 11:45:48.401866,2697742,0.0,4.0
2021-07-27 11:45:48.559114,2697681,0.0,0.0
2021-07-27 11:45:48.559114,2697742,0.0,4.0
2021-07-27 11:45:48.716449,2697681,0.0,0.0
2021-07-27 11:45:48.716449,2697742,0.0,4.0
2021-07-27 11:45:48.873741,2697681,0.0,0.0
2021-07-27 11:45:48.873741,2697742,0.0,4.0
2021-07-27 11:45:49.031024,2697681,0.0,0.0
2021-07-27 11:45:49.031024,2697742,0.0,4.0
2021-07-27 11:45:49.188281,2697681,0.0,0.0
2021-07-27 11:45:49.188281,2697742,0.0,4.0
2021-07-27 11:45:49.345571,2697681,0.0,0.0
2021-07-27 11:45:49.345571,2697742,0.0,4.0
2021-07-27 11:45:49.502811,2697681,0.0,0.0
2021-07-27 11:45:49.502811,2697742,0.0,4.0
2021-07-27 11:45:49.660211,2697681,0.0,0.0
2021-07-27 11:45:49.660211,2697742,0.0,4.0
2021-07-27 11:45:49.817483,2697681,0.0,0.0
2021-07-27 11:45:49.817483,2697742,0.0,4.0
2021-07-27 11:45:49.974965,2697681,0.0,0.0
2021-07-27 11:45:49.974965,2697742,0.0,4.0
2021-07-27 11:45:50.132255,2697681,0.0,0.0
2021-07-27 11:45:50.132255,2697742,0.0,4.0
2021-07-27 11:45:50.289555,2697681,0.0,0.0
2021-07-27 11:45:50.289555,2697742,0.0,4.0
2021-07-27 11:45:50.446826,2697681,0.0,0.0
2021-07-27 11:45:50.446826,2697742,0.0,4.0
2021-07-27 11:45:50.604201,2697681,0.0,0.0
2021-07-27 11:45:50.604201,2697742,0.0,4.0
2021-07-27 11:45:50.761799,2697681,0.0,0.0
2021-07-27 11:45:50.761799,2697742,0.0,4.0
2021-07-27 11:45:50.919124,2697681,0.0,0.0
2021-07-27 11:45:50.919124,2697742,0.0,4.0
2021-07-27 11:45:51.076420,2697681,0.0,0.0
2021-07-27 11:45:51.076420,2697742,0.0,4.0
2021-07-27 11:45:51.233467,2697681,0.0,0.0
2021-07-27 11:45:51.233467,2697742,0.0,4.0
2021-07-27 11:45:51.390721,2697681,0.0,0.0
2021-07-27 11:45:51.390721,2697742,0.0,4.0
2021-07-27 11:45:51.548025,2697681,0.0,0.0
2021-07-27 11:45:51.548025,2697742,0.0,4.0
2021-07-27 11:45:51.705313,2697681,0.0,0.0
2021-07-27 11:45:51.705313,2697742,0.0,4.0
2021-07-27 11:45:51.862750,2697681,0.0,0.0
2021-07-27 11:45:51.862750,2697742,0.0,4.0
2021-07-27 11:45:52.019991,2697681,0.0,0.0
2021-07-27 11:45:52.019991,2697742,0.0,4.0
2021-07-27 11:45:52.177233,2697681,0.0,0.0
2021-07-27 11:45:52.177233,2697742,0.0,4.0
