timestamp,PID,CPU,RAM
2021-08-24 15:17:29.837790,118111,0.0,0.0
2021-08-24 15:17:29.837790,118178,0.0,5.6
2021-08-24 15:17:29.993633,118178,6.7,5.6
2021-08-24 15:17:29.993633,118111,0.0,0.0
2021-08-24 15:17:30.149178,118111,0.0,0.0
2021-08-24 15:17:30.149178,118178,0.0,5.6
2021-08-24 15:17:30.304684,118111,0.0,0.0
2021-08-24 15:17:30.304684,118178,0.0,5.6
2021-08-24 15:17:30.460276,118111,0.0,0.0
2021-08-24 15:17:30.460276,118178,0.0,5.6
2021-08-24 15:17:30.615794,118111,0.0,0.0
2021-08-24 15:17:30.615794,118178,0.0,5.6
2021-08-24 15:17:30.771295,118111,0.0,0.0
2021-08-24 15:17:30.771295,118178,0.0,5.6
2021-08-24 15:17:30.927035,118111,0.0,0.0
2021-08-24 15:17:30.927035,118178,0.0,5.6
2021-08-24 15:17:31.082574,118111,0.0,0.0
2021-08-24 15:17:31.082574,118178,0.0,5.6
2021-08-24 15:17:31.238189,118111,0.0,0.0
2021-08-24 15:17:31.238189,118178,0.0,5.6
2021-08-24 15:17:31.393741,118111,0.0,0.0
2021-08-24 15:17:31.393741,118178,0.0,5.6
2021-08-24 15:17:31.549292,118111,0.0,0.0
2021-08-24 15:17:31.549292,118178,0.0,5.6
2021-08-24 15:17:31.705089,118111,0.0,0.0
2021-08-24 15:17:31.705089,118178,0.0,5.6
2021-08-24 15:17:31.860680,118111,0.0,0.0
2021-08-24 15:17:31.860680,118178,0.0,5.6
2021-08-24 15:17:32.016292,118111,0.0,0.0
2021-08-24 15:17:32.016292,118178,0.0,5.6
2021-08-24 15:17:32.172168,118111,0.0,0.0
2021-08-24 15:17:32.172168,118178,0.0,5.6
2021-08-24 15:17:32.328059,118111,0.0,0.0
2021-08-24 15:17:32.328059,118178,0.0,5.6
2021-08-24 15:17:32.483586,118111,0.0,0.0
2021-08-24 15:17:32.483586,118178,0.0,5.6
2021-08-24 15:17:32.639089,118111,0.0,0.0
2021-08-24 15:17:32.639089,118178,0.0,5.6
2021-08-24 15:17:32.794592,118111,0.0,0.0
2021-08-24 15:17:32.794592,118178,0.0,5.6
2021-08-24 15:17:32.950547,118178,13.3,5.6
2021-08-24 15:17:32.950547,118111,0.0,0.0
2021-08-24 15:17:33.106648,118111,0.0,0.0
2021-08-24 15:17:33.106648,118178,0.0,5.6
2021-08-24 15:17:33.263363,118111,0.0,0.0
2021-08-24 15:17:33.263363,118178,0.0,5.6
2021-08-24 15:17:33.420330,118111,0.0,0.0
2021-08-24 15:17:33.420330,118178,0.0,5.6
2021-08-24 15:17:33.576724,118111,0.0,0.0
2021-08-24 15:17:33.576724,118178,0.0,5.6
2021-08-24 15:17:33.732445,118111,0.0,0.0
2021-08-24 15:17:33.732445,118178,0.0,5.6
2021-08-24 15:17:33.888471,118111,0.0,0.0
2021-08-24 15:17:33.888471,118178,0.0,5.6
2021-08-24 15:17:34.045156,118111,0.0,0.0
2021-08-24 15:17:34.045156,118178,0.0,5.6
2021-08-24 15:17:34.200636,118111,0.0,0.0
2021-08-24 15:17:34.200636,118178,0.0,5.6
2021-08-24 15:17:34.356184,118111,0.0,0.0
2021-08-24 15:17:34.356184,118178,0.0,5.6
2021-08-24 15:17:34.513158,118111,0.0,0.0
2021-08-24 15:17:34.513158,118178,0.0,5.6
2021-08-24 15:17:34.669700,118111,0.0,0.0
2021-08-24 15:17:34.669700,118178,0.0,5.6
2021-08-24 15:17:34.825330,118111,0.0,0.0
2021-08-24 15:17:34.825330,118178,0.0,5.6
2021-08-24 15:17:34.981037,118111,0.0,0.0
2021-08-24 15:17:34.981037,118178,0.0,5.6
2021-08-24 15:17:35.138047,118111,0.0,0.0
2021-08-24 15:17:35.138047,118178,0.0,5.6
2021-08-24 15:17:35.294533,118111,0.0,0.0
2021-08-24 15:17:35.294533,118178,0.0,5.6
2021-08-24 15:17:35.450167,118111,0.0,0.0
2021-08-24 15:17:35.450167,118178,0.0,5.6
2021-08-24 15:17:35.605701,118111,0.0,0.0
2021-08-24 15:17:35.605701,118178,0.0,5.6
2021-08-24 15:17:35.761522,118178,6.7,5.6
2021-08-24 15:17:35.761522,118111,0.0,0.0
2021-08-24 15:17:35.917823,118111,0.0,0.0
2021-08-24 15:17:35.917823,118178,0.0,5.6
2021-08-24 15:17:36.074988,118111,0.0,0.0
2021-08-24 15:17:36.074988,118178,0.0,5.6
2021-08-24 15:17:36.232122,118111,0.0,0.0
2021-08-24 15:17:36.232122,118178,0.0,5.6
2021-08-24 15:17:36.388374,118111,0.0,0.0
2021-08-24 15:17:36.388374,118178,0.0,5.6
2021-08-24 15:17:36.544426,118111,0.0,0.0
2021-08-24 15:17:36.544426,118178,0.0,5.6
2021-08-24 15:17:36.700327,118111,0.0,0.0
2021-08-24 15:17:36.700327,118178,0.0,5.6
2021-08-24 15:17:36.856082,118111,0.0,0.0
2021-08-24 15:17:36.856082,118178,0.0,5.6
2021-08-24 15:17:37.011656,118111,0.0,0.0
2021-08-24 15:17:37.011656,118178,0.0,5.6
2021-08-24 15:17:37.167353,118111,0.0,0.0
2021-08-24 15:17:37.167353,118178,0.0,5.6
2021-08-24 15:17:37.323016,118111,0.0,0.0
2021-08-24 15:17:37.323016,118178,0.0,5.6
2021-08-24 15:17:37.478859,118111,0.0,0.0
2021-08-24 15:17:37.478859,118178,0.0,5.6
2021-08-24 15:17:37.634399,118111,0.0,0.0
2021-08-24 15:17:37.634399,118178,0.0,5.6
2021-08-24 15:17:37.789892,118111,0.0,0.0
2021-08-24 15:17:37.789892,118178,0.0,5.6
2021-08-24 15:17:37.945502,118111,0.0,0.0
2021-08-24 15:17:37.945502,118178,0.0,5.6
2021-08-24 15:17:38.101321,118111,0.0,0.0
2021-08-24 15:17:38.101321,118178,0.0,5.6
2021-08-24 15:17:38.256935,118111,0.0,0.0
2021-08-24 15:17:38.256935,118178,0.0,5.6
2021-08-24 15:17:38.412676,118111,0.0,0.0
2021-08-24 15:17:38.412676,118178,0.0,5.6
2021-08-24 15:17:38.568846,118111,0.0,0.0
2021-08-24 15:17:38.568846,118178,0.0,5.6
2021-08-24 15:17:38.724709,118111,0.0,0.0
2021-08-24 15:17:38.724709,118178,0.0,5.6
2021-08-24 15:17:38.880531,118111,0.0,0.0
2021-08-24 15:17:38.880531,118178,0.0,5.6
2021-08-24 15:17:39.036329,118111,0.0,0.0
2021-08-24 15:17:39.036329,118178,0.0,5.6
2021-08-24 15:17:39.191885,118111,0.0,0.0
2021-08-24 15:17:39.191885,118178,0.0,5.6
2021-08-24 15:17:39.347488,118111,0.0,0.0
2021-08-24 15:17:39.347488,118178,0.0,5.6
2021-08-24 15:17:39.502999,118111,0.0,0.0
2021-08-24 15:17:39.502999,118178,0.0,5.6
2021-08-24 15:17:39.658477,118111,0.0,0.0
2021-08-24 15:17:39.658477,118178,0.0,5.6
2021-08-24 15:17:39.813959,118111,0.0,0.0
2021-08-24 15:17:39.813959,118178,0.0,5.6
2021-08-24 15:17:39.969647,118111,0.0,0.0
2021-08-24 15:17:39.969647,118178,0.0,5.6
2021-08-24 15:17:40.125167,118111,0.0,0.0
2021-08-24 15:17:40.125167,118178,0.0,5.6
2021-08-24 15:17:40.280666,118111,0.0,0.0
2021-08-24 15:17:40.280666,118178,0.0,5.6
2021-08-24 15:17:40.436316,118111,0.0,0.0
2021-08-24 15:17:40.436316,118178,0.0,5.6
2021-08-24 15:17:40.592149,118111,0.0,0.0
2021-08-24 15:17:40.592149,118178,0.0,5.6
2021-08-24 15:17:40.747983,118111,0.0,0.0
2021-08-24 15:17:40.747983,118178,0.0,5.6
2021-08-24 15:17:40.903801,118111,0.0,0.0
2021-08-24 15:17:40.903801,118178,0.0,5.6
2021-08-24 15:17:41.059665,118111,0.0,0.0
2021-08-24 15:17:41.059665,118178,0.0,5.6
2021-08-24 15:17:41.215542,118111,0.0,0.0
2021-08-24 15:17:41.215542,118178,0.0,5.6
2021-08-24 15:17:41.371231,118111,0.0,0.0
2021-08-24 15:17:41.371231,118178,0.0,5.6
2021-08-24 15:17:41.526725,118111,0.0,0.0
2021-08-24 15:17:41.526725,118178,0.0,5.6
2021-08-24 15:17:41.682216,118111,0.0,0.0
2021-08-24 15:17:41.682216,118178,0.0,5.6
2021-08-24 15:17:41.837692,118111,0.0,0.0
2021-08-24 15:17:41.837692,118178,0.0,5.6
2021-08-24 15:17:41.993147,118111,0.0,0.0
2021-08-24 15:17:41.993147,118178,0.0,5.6
2021-08-24 15:17:42.148615,118111,0.0,0.0
2021-08-24 15:17:42.148615,118178,0.0,5.6
2021-08-24 15:17:42.304392,118111,0.0,0.0
2021-08-24 15:17:42.304392,118178,0.0,5.6
2021-08-24 15:17:42.460088,118111,0.0,0.0
2021-08-24 15:17:42.460088,118178,0.0,5.6
2021-08-24 15:17:42.615601,118111,0.0,0.0
2021-08-24 15:17:42.615601,118178,0.0,5.6
2021-08-24 15:17:42.771106,118111,0.0,0.0
2021-08-24 15:17:42.771106,118178,0.0,5.6
2021-08-24 15:17:42.926569,118111,0.0,0.0
2021-08-24 15:17:42.926569,118178,0.0,5.6
2021-08-24 15:17:43.082227,118111,0.0,0.0
2021-08-24 15:17:43.082227,118178,0.0,5.6
2021-08-24 15:17:43.238032,118111,0.0,0.0
2021-08-24 15:17:43.238032,118178,0.0,5.6
2021-08-24 15:17:43.393638,118111,0.0,0.0
2021-08-24 15:17:43.393638,118178,0.0,5.6
2021-08-24 15:17:43.549226,118111,0.0,0.0
2021-08-24 15:17:43.549226,118178,0.0,5.6
2021-08-24 15:17:43.705053,118111,0.0,0.0
2021-08-24 15:17:43.705053,118178,0.0,5.6
2021-08-24 15:17:43.860602,118111,0.0,0.0
2021-08-24 15:17:43.860602,118178,0.0,5.6
2021-08-24 15:17:44.016305,118111,0.0,0.0
2021-08-24 15:17:44.016305,118178,0.0,5.6
2021-08-24 15:17:44.172274,118111,0.0,0.0
2021-08-24 15:17:44.172274,118178,0.0,5.6
2021-08-24 15:17:44.328379,118111,0.0,0.0
2021-08-24 15:17:44.328379,118178,0.0,5.6
2021-08-24 15:17:44.484375,118111,0.0,0.0
2021-08-24 15:17:44.484375,118178,0.0,5.6
2021-08-24 15:17:44.639893,118111,0.0,0.0
2021-08-24 15:17:44.639893,118178,0.0,5.6
2021-08-24 15:17:44.795402,118111,0.0,0.0
2021-08-24 15:17:44.795402,118178,0.0,5.6
2021-08-24 15:17:44.950977,118111,0.0,0.0
2021-08-24 15:17:44.950977,118178,0.0,5.6
2021-08-24 15:17:45.106592,118111,0.0,0.0
2021-08-24 15:17:45.106592,118178,0.0,5.6
2021-08-24 15:17:45.262155,118111,0.0,0.0
2021-08-24 15:17:45.262155,118178,0.0,5.6
2021-08-24 15:17:45.417899,118111,0.0,0.0
2021-08-24 15:17:45.417899,118178,0.0,5.6
2021-08-24 15:17:45.573433,118111,0.0,0.0
2021-08-24 15:17:45.573433,118178,0.0,5.6
2021-08-24 15:17:45.728929,118111,0.0,0.0
2021-08-24 15:17:45.728929,118178,0.0,5.6
2021-08-24 15:17:45.884494,118111,0.0,0.0
2021-08-24 15:17:45.884494,118178,0.0,5.6
2021-08-24 15:17:46.040026,118111,0.0,0.0
2021-08-24 15:17:46.040026,118178,0.0,5.6
2021-08-24 15:17:46.195585,118111,0.0,0.0
2021-08-24 15:17:46.195585,118178,0.0,5.6
2021-08-24 15:17:46.351193,118111,0.0,0.0
2021-08-24 15:17:46.351193,118178,0.0,5.6
2021-08-24 15:17:46.506691,118111,0.0,0.0
2021-08-24 15:17:46.506691,118178,0.0,5.6
2021-08-24 15:17:46.662165,118111,0.0,0.0
2021-08-24 15:17:46.662165,118178,0.0,5.6
2021-08-24 15:17:46.817654,118111,0.0,0.0
2021-08-24 15:17:46.817654,118178,0.0,5.6
2021-08-24 15:17:46.973190,118111,0.0,0.0
2021-08-24 15:17:46.973190,118178,0.0,5.6
2021-08-24 15:17:47.128991,118111,0.0,0.0
2021-08-24 15:17:47.128991,118178,0.0,5.6
2021-08-24 15:17:47.284581,118111,0.0,0.0
2021-08-24 15:17:47.284581,118178,0.0,5.6
2021-08-24 15:17:47.440154,118111,0.0,0.0
2021-08-24 15:17:47.440154,118178,0.0,5.6
2021-08-24 15:17:47.595652,118111,0.0,0.0
2021-08-24 15:17:47.595652,118178,0.0,5.6
2021-08-24 15:17:47.751186,118111,0.0,0.0
2021-08-24 15:17:47.751186,118178,0.0,5.6
2021-08-24 15:17:47.906644,118111,0.0,0.0
2021-08-24 15:17:47.906644,118178,0.0,5.6
2021-08-24 15:17:48.062167,118111,0.0,0.0
2021-08-24 15:17:48.062167,118178,0.0,5.6
2021-08-24 15:17:48.217591,118111,0.0,0.0
2021-08-24 15:17:48.217591,118178,0.0,5.6
2021-08-24 15:17:48.373225,118111,0.0,0.0
2021-08-24 15:17:48.373225,118178,0.0,5.6
2021-08-24 15:17:48.529080,118111,0.0,0.0
2021-08-24 15:17:48.529080,118178,0.0,5.6
2021-08-24 15:17:48.684870,118111,0.0,0.0
2021-08-24 15:17:48.684870,118178,0.0,5.6
2021-08-24 15:17:48.840438,118111,0.0,0.0
2021-08-24 15:17:48.840438,118178,0.0,5.6
2021-08-24 15:17:48.995965,118111,0.0,0.0
2021-08-24 15:17:48.995965,118178,0.0,5.6
2021-08-24 15:17:49.151456,118111,0.0,0.0
2021-08-24 15:17:49.151456,118178,0.0,5.6
2021-08-24 15:17:49.307277,118111,0.0,0.0
2021-08-24 15:17:49.307277,118178,0.0,5.6
2021-08-24 15:17:49.462907,118111,0.0,0.0
2021-08-24 15:17:49.462907,118178,0.0,5.6
2021-08-24 15:17:49.618461,118111,0.0,0.0
2021-08-24 15:17:49.618461,118178,0.0,5.6
2021-08-24 15:17:49.773938,118111,0.0,0.0
2021-08-24 15:17:49.773938,118178,0.0,5.6
2021-08-24 15:17:49.929749,118111,0.0,0.0
2021-08-24 15:17:49.929749,118178,0.0,5.6
2021-08-24 15:17:50.085920,118111,0.0,0.0
2021-08-24 15:17:50.085920,118178,0.0,5.6
2021-08-24 15:17:50.241441,118111,0.0,0.0
2021-08-24 15:17:50.241441,118178,0.0,5.6
2021-08-24 15:17:50.397290,118111,0.0,0.0
2021-08-24 15:17:50.397290,118178,0.0,5.6
2021-08-24 15:17:50.553186,118111,0.0,0.0
2021-08-24 15:17:50.553186,118178,0.0,5.6
2021-08-24 15:17:50.709096,118111,0.0,0.0
2021-08-24 15:17:50.709096,118178,0.0,5.6
2021-08-24 15:17:50.864987,118111,0.0,0.0
2021-08-24 15:17:50.864987,118178,0.0,5.6
2021-08-24 15:17:51.020757,118111,0.0,0.0
2021-08-24 15:17:51.020757,118178,0.0,5.6
2021-08-24 15:17:51.176578,118111,0.0,0.0
2021-08-24 15:17:51.176578,118178,0.0,5.6
2021-08-24 15:17:51.332224,118111,0.0,0.0
2021-08-24 15:17:51.332224,118178,0.0,5.6
2021-08-24 15:17:51.488021,118111,0.0,0.0
2021-08-24 15:17:51.488021,118178,0.0,5.6
2021-08-24 15:17:51.643577,118111,0.0,0.0
2021-08-24 15:17:51.643577,118178,0.0,5.6
2021-08-24 15:17:51.799039,118111,0.0,0.0
2021-08-24 15:17:51.799039,118178,0.0,5.6
2021-08-24 15:17:51.954513,118111,0.0,0.0
2021-08-24 15:17:51.954513,118178,0.0,5.6
2021-08-24 15:17:52.110160,118111,0.0,0.0
2021-08-24 15:17:52.110160,118178,0.0,5.6
2021-08-24 15:17:52.265680,118111,0.0,0.0
2021-08-24 15:17:52.265680,118178,0.0,5.6
2021-08-24 15:17:52.421247,118111,0.0,0.0
2021-08-24 15:17:52.421247,118178,0.0,5.6
2021-08-24 15:17:52.576759,118111,0.0,0.0
2021-08-24 15:17:52.576759,118178,0.0,5.6
2021-08-24 15:17:52.732348,118111,0.0,0.0
2021-08-24 15:17:52.732348,118178,0.0,5.6
2021-08-24 15:17:52.888114,118111,0.0,0.0
2021-08-24 15:17:52.888114,118178,0.0,5.6
2021-08-24 15:17:53.043838,118111,0.0,0.0
2021-08-24 15:17:53.043838,118178,0.0,5.6
2021-08-24 15:17:53.199378,118111,0.0,0.0
2021-08-24 15:17:53.199378,118178,0.0,5.6
2021-08-24 15:17:53.355015,118111,0.0,0.0
2021-08-24 15:17:53.355015,118178,0.0,5.6
2021-08-24 15:17:53.510861,118111,0.0,0.0
2021-08-24 15:17:53.510861,118178,0.0,5.6
2021-08-24 15:17:53.666751,118111,0.0,0.0
2021-08-24 15:17:53.666751,118178,0.0,5.6
2021-08-24 15:17:53.822516,118111,0.0,0.0
2021-08-24 15:17:53.822516,118178,0.0,5.6
2021-08-24 15:17:53.978021,118111,0.0,0.0
2021-08-24 15:17:53.978021,118178,0.0,5.6
2021-08-24 15:17:54.133493,118111,0.0,0.0
2021-08-24 15:17:54.133493,118178,0.0,5.6
2021-08-24 15:17:54.289010,118111,0.0,0.0
2021-08-24 15:17:54.289010,118178,0.0,5.6
2021-08-24 15:17:54.444602,118111,0.0,0.0
2021-08-24 15:17:54.444602,118178,0.0,5.6
2021-08-24 15:17:54.600347,118111,0.0,0.0
2021-08-24 15:17:54.600347,118178,0.0,5.6
2021-08-24 15:17:54.755868,118111,0.0,0.0
2021-08-24 15:17:54.755868,118178,0.0,5.6
2021-08-24 15:17:54.911458,118111,0.0,0.0
2021-08-24 15:17:54.911458,118178,0.0,5.6
2021-08-24 15:17:55.066985,118111,0.0,0.0
2021-08-24 15:17:55.066985,118178,0.0,5.6
2021-08-24 15:17:55.222512,118111,0.0,0.0
2021-08-24 15:17:55.222512,118178,0.0,5.6
2021-08-24 15:17:55.378089,118111,0.0,0.0
2021-08-24 15:17:55.378089,118178,0.0,5.6
2021-08-24 15:17:55.533656,118111,0.0,0.0
2021-08-24 15:17:55.533656,118178,0.0,5.6
2021-08-24 15:17:55.689500,118111,0.0,0.0
2021-08-24 15:17:55.689500,118178,0.0,5.6
2021-08-24 15:17:55.845124,118111,0.0,0.0
2021-08-24 15:17:55.845124,118178,0.0,5.6
2021-08-24 15:17:56.000598,118111,0.0,0.0
2021-08-24 15:17:56.000598,118178,0.0,5.6
2021-08-24 15:17:56.156337,118111,0.0,0.0
2021-08-24 15:17:56.156337,118178,0.0,5.6
2021-08-24 15:17:56.311923,118111,0.0,0.0
2021-08-24 15:17:56.311923,118178,0.0,5.6
2021-08-24 15:17:56.467500,118111,0.0,0.0
2021-08-24 15:17:56.467500,118178,0.0,5.6
2021-08-24 15:17:56.623118,118111,0.0,0.0
2021-08-24 15:17:56.623118,118178,0.0,5.6
2021-08-24 15:17:56.778636,118111,0.0,0.0
2021-08-24 15:17:56.778636,118178,0.0,5.6
2021-08-24 15:17:56.934184,118111,0.0,0.0
2021-08-24 15:17:56.934184,118178,0.0,5.6
2021-08-24 15:17:57.089686,118111,0.0,0.0
2021-08-24 15:17:57.089686,118178,0.0,5.6
2021-08-24 15:17:57.245537,118111,0.0,0.0
2021-08-24 15:17:57.245537,118178,0.0,5.6
2021-08-24 15:17:57.401174,118111,0.0,0.0
2021-08-24 15:17:57.401174,118178,0.0,5.6
2021-08-24 15:17:57.556853,118111,0.0,0.0
2021-08-24 15:17:57.556853,118178,0.0,5.6
2021-08-24 15:17:57.712349,118111,0.0,0.0
2021-08-24 15:17:57.712349,118178,0.0,5.6
2021-08-24 15:17:57.867905,118111,0.0,0.0
2021-08-24 15:17:57.867905,118178,0.0,5.6
2021-08-24 15:17:58.023454,118111,0.0,0.0
2021-08-24 15:17:58.023454,118178,0.0,5.6
2021-08-24 15:17:58.178977,118111,0.0,0.0
2021-08-24 15:17:58.178977,118178,0.0,5.6
2021-08-24 15:17:58.334477,118111,0.0,0.0
2021-08-24 15:17:58.334477,118178,0.0,5.6
2021-08-24 15:17:58.489959,118111,0.0,0.0
2021-08-24 15:17:58.489959,118178,0.0,5.6
2021-08-24 15:17:58.645419,118111,0.0,0.0
2021-08-24 15:17:58.645419,118178,0.0,5.6
2021-08-24 15:17:58.800859,118111,0.0,0.0
2021-08-24 15:17:58.800859,118178,0.0,5.6
2021-08-24 15:17:58.956538,118111,0.0,0.0
2021-08-24 15:17:58.956538,118178,0.0,5.6
2021-08-24 15:17:59.112086,118111,0.0,0.0
2021-08-24 15:17:59.112086,118178,0.0,5.6
2021-08-24 15:17:59.267629,118111,0.0,0.0
2021-08-24 15:17:59.267629,118178,0.0,5.6
2021-08-24 15:17:59.423204,118111,0.0,0.0
2021-08-24 15:17:59.423204,118178,0.0,5.6
2021-08-24 15:17:59.578703,118111,0.0,0.0
2021-08-24 15:17:59.578703,118178,0.0,5.6
2021-08-24 15:17:59.734237,118111,0.0,0.0
2021-08-24 15:17:59.734237,118178,0.0,5.6
2021-08-24 15:17:59.889858,118111,0.0,0.0
2021-08-24 15:17:59.889858,118178,0.0,5.6
2021-08-24 15:18:00.045776,118111,0.0,0.0
2021-08-24 15:18:00.045776,118178,0.0,5.6
2021-08-24 15:18:00.201396,118111,0.0,0.0
2021-08-24 15:18:00.201396,118178,0.0,5.6
2021-08-24 15:18:00.357017,118111,0.0,0.0
2021-08-24 15:18:00.357017,118178,0.0,5.6
2021-08-24 15:18:00.512555,118111,0.0,0.0
2021-08-24 15:18:00.512555,118178,0.0,5.6
2021-08-24 15:18:00.668315,118111,0.0,0.0
2021-08-24 15:18:00.668315,118178,0.0,5.6
2021-08-24 15:18:00.824078,118111,0.0,0.0
2021-08-24 15:18:00.824078,118178,0.0,5.6
2021-08-24 15:18:00.979761,118111,0.0,0.0
2021-08-24 15:18:00.979761,118178,0.0,5.6
2021-08-24 15:18:01.135292,118111,0.0,0.0
2021-08-24 15:18:01.135292,118178,0.0,5.6
2021-08-24 15:18:01.290822,118111,0.0,0.0
2021-08-24 15:18:01.290822,118178,0.0,5.6
2021-08-24 15:18:01.446402,118111,0.0,0.0
2021-08-24 15:18:01.446402,118178,0.0,5.6
2021-08-24 15:18:01.602046,118178,6.7,5.6
2021-08-24 15:18:01.602046,118111,0.0,0.0
2021-08-24 15:18:01.757690,118111,0.0,0.0
2021-08-24 15:18:01.757690,118178,0.0,5.6
2021-08-24 15:18:01.913196,118111,0.0,0.0
2021-08-24 15:18:01.913196,118178,0.0,5.6
2021-08-24 15:18:02.068891,118111,0.0,0.0
2021-08-24 15:18:02.068891,118178,0.0,5.6
2021-08-24 15:18:02.224494,118111,0.0,0.0
2021-08-24 15:18:02.224494,118178,0.0,5.6
2021-08-24 15:18:02.380310,118111,0.0,0.0
2021-08-24 15:18:02.380310,118178,0.0,5.6
2021-08-24 15:18:02.535897,118111,0.0,0.0
2021-08-24 15:18:02.535897,118178,0.0,5.6
2021-08-24 15:18:02.691575,118111,0.0,0.0
2021-08-24 15:18:02.691575,118178,0.0,5.6
2021-08-24 15:18:02.847090,118111,0.0,0.0
2021-08-24 15:18:02.847090,118178,0.0,5.6
2021-08-24 15:18:03.002569,118111,0.0,0.0
2021-08-24 15:18:03.002569,118178,0.0,5.6
2021-08-24 15:18:03.158180,118111,0.0,0.0
2021-08-24 15:18:03.158180,118178,0.0,5.6
2021-08-24 15:18:03.313991,118111,0.0,0.0
2021-08-24 15:18:03.313991,118178,0.0,5.6
2021-08-24 15:18:03.469717,118111,0.0,0.0
2021-08-24 15:18:03.469717,118178,0.0,5.6
2021-08-24 15:18:03.625233,118111,0.0,0.0
2021-08-24 15:18:03.625233,118178,0.0,5.6
2021-08-24 15:18:03.780711,118111,0.0,0.0
2021-08-24 15:18:03.780711,118178,0.0,5.6
2021-08-24 15:18:03.936200,118111,0.0,0.0
2021-08-24 15:18:03.936200,118178,0.0,5.6
2021-08-24 15:18:04.091808,118111,0.0,0.0
2021-08-24 15:18:04.091808,118178,0.0,5.6
2021-08-24 15:18:04.247759,118111,0.0,0.0
2021-08-24 15:18:04.247759,118178,0.0,5.6
2021-08-24 15:18:04.403508,118111,0.0,0.0
2021-08-24 15:18:04.403508,118178,0.0,5.6
2021-08-24 15:18:04.559017,118111,0.0,0.0
2021-08-24 15:18:04.559017,118178,0.0,5.6
2021-08-24 15:18:04.714560,118111,0.0,0.0
2021-08-24 15:18:04.714560,118178,0.0,5.6
2021-08-24 15:18:04.870125,118111,0.0,0.0
2021-08-24 15:18:04.870125,118178,0.0,5.6
2021-08-24 15:18:05.025643,118111,0.0,0.0
2021-08-24 15:18:05.025643,118178,0.0,5.6
2021-08-24 15:18:05.181156,118111,0.0,0.0
2021-08-24 15:18:05.181156,118178,0.0,5.6
2021-08-24 15:18:05.336816,118111,0.0,0.0
2021-08-24 15:18:05.336816,118178,0.0,5.6
2021-08-24 15:18:05.492610,118111,0.0,0.0
2021-08-24 15:18:05.492610,118178,0.0,5.6
2021-08-24 15:18:05.648329,118111,0.0,0.0
2021-08-24 15:18:05.648329,118178,0.0,5.6
2021-08-24 15:18:05.804078,118111,0.0,0.0
2021-08-24 15:18:05.804078,118178,0.0,5.6
2021-08-24 15:18:05.959568,118111,0.0,0.0
2021-08-24 15:18:05.959568,118178,0.0,5.6
2021-08-24 15:18:06.115069,118111,0.0,0.0
2021-08-24 15:18:06.115069,118178,0.0,5.6
2021-08-24 15:18:06.269984,118111,0.0,0.0
2021-08-24 15:18:06.269984,118178,0.0,5.6
2021-08-24 15:18:06.426001,118111,0.0,0.0
2021-08-24 15:18:06.426001,118178,0.0,5.6
2021-08-24 15:18:06.581805,118111,0.0,0.0
2021-08-24 15:18:06.581805,118178,0.0,5.6
2021-08-24 15:18:06.737357,118111,0.0,0.0
2021-08-24 15:18:06.737357,118178,0.0,5.6
2021-08-24 15:18:06.892805,118111,0.0,0.0
2021-08-24 15:18:06.892805,118178,0.0,5.6
2021-08-24 15:18:07.048381,118111,0.0,0.0
2021-08-24 15:18:07.048381,118178,0.0,5.6
2021-08-24 15:18:07.203956,118111,0.0,0.0
2021-08-24 15:18:07.203956,118178,0.0,5.6
2021-08-24 15:18:07.359581,118111,0.0,0.0
2021-08-24 15:18:07.359581,118178,0.0,5.6
2021-08-24 15:18:07.515378,118111,0.0,0.0
2021-08-24 15:18:07.515378,118178,0.0,5.6
2021-08-24 15:18:07.670924,118111,0.0,0.0
2021-08-24 15:18:07.670924,118178,0.0,5.6
2021-08-24 15:18:07.826399,118111,0.0,0.0
2021-08-24 15:18:07.826399,118178,0.0,5.6
2021-08-24 15:18:07.981873,118111,0.0,0.0
2021-08-24 15:18:07.981873,118178,0.0,5.6
2021-08-24 15:18:08.137377,118111,0.0,0.0
2021-08-24 15:18:08.137377,118178,0.0,5.6
2021-08-24 15:18:08.292834,118111,0.0,0.0
2021-08-24 15:18:08.292834,118178,0.0,5.6
2021-08-24 15:18:08.448394,118111,0.0,0.0
2021-08-24 15:18:08.448394,118178,0.0,5.6
2021-08-24 15:18:08.604265,118111,0.0,0.0
2021-08-24 15:18:08.604265,118178,0.0,5.6
2021-08-24 15:18:08.759465,118111,0.0,0.0
2021-08-24 15:18:08.759465,118178,0.0,5.6
2021-08-24 15:18:08.915452,118111,0.0,0.0
2021-08-24 15:18:08.915452,118178,0.0,5.6
2021-08-24 15:18:09.070969,118111,0.0,0.0
2021-08-24 15:18:09.070969,118178,0.0,5.6
2021-08-24 15:18:09.226494,118111,0.0,0.0
2021-08-24 15:18:09.226494,118178,0.0,5.6
2021-08-24 15:18:09.382100,118111,0.0,0.0
2021-08-24 15:18:09.382100,118178,0.0,5.6
2021-08-24 15:18:09.537892,118111,0.0,0.0
2021-08-24 15:18:09.537892,118178,0.0,5.6
2021-08-24 15:18:09.693451,118111,0.0,0.0
2021-08-24 15:18:09.693451,118178,0.0,5.6
2021-08-24 15:18:09.848955,118111,0.0,0.0
2021-08-24 15:18:09.848955,118178,0.0,5.6
2021-08-24 15:18:10.004594,118111,0.0,0.0
2021-08-24 15:18:10.004594,118178,0.0,5.6
2021-08-24 15:18:10.160419,118111,0.0,0.0
2021-08-24 15:18:10.160419,118178,0.0,5.6
2021-08-24 15:18:10.315930,118111,0.0,0.0
2021-08-24 15:18:10.315930,118178,0.0,5.6
2021-08-24 15:18:10.471454,118111,0.0,0.0
2021-08-24 15:18:10.471454,118178,0.0,5.6
2021-08-24 15:18:10.626975,118111,0.0,0.0
2021-08-24 15:18:10.626975,118178,0.0,5.6
2021-08-24 15:18:10.782837,118111,0.0,0.0
2021-08-24 15:18:10.782837,118178,0.0,5.6
2021-08-24 15:18:10.938357,118111,0.0,0.0
2021-08-24 15:18:10.938357,118178,0.0,5.6
2021-08-24 15:18:11.094115,118111,0.0,0.0
2021-08-24 15:18:11.094115,118178,0.0,5.6
2021-08-24 15:18:11.249645,118111,0.0,0.0
2021-08-24 15:18:11.249645,118178,0.0,5.6
2021-08-24 15:18:11.405390,118111,0.0,0.0
2021-08-24 15:18:11.405390,118178,0.0,5.6
2021-08-24 15:18:11.560988,118111,0.0,0.0
2021-08-24 15:18:11.560988,118178,0.0,5.6
2021-08-24 15:18:11.716566,118111,0.0,0.0
2021-08-24 15:18:11.716566,118178,0.0,5.6
2021-08-24 15:18:11.872168,118111,0.0,0.0
2021-08-24 15:18:11.872168,118178,0.0,5.6
2021-08-24 15:18:12.027651,118111,0.0,0.0
2021-08-24 15:18:12.027651,118178,0.0,5.6
2021-08-24 15:18:12.183169,118111,0.0,0.0
2021-08-24 15:18:12.183169,118178,0.0,5.6
2021-08-24 15:18:12.338818,118111,0.0,0.0
2021-08-24 15:18:12.338818,118178,0.0,5.6
2021-08-24 15:18:12.494333,118111,0.0,0.0
2021-08-24 15:18:12.494333,118178,0.0,5.6
2021-08-24 15:18:12.649907,118111,0.0,0.0
2021-08-24 15:18:12.649907,118178,0.0,5.6
2021-08-24 15:18:12.805709,118111,0.0,0.0
2021-08-24 15:18:12.805709,118178,0.0,5.6
2021-08-24 15:18:12.961219,118111,0.0,0.0
2021-08-24 15:18:12.961219,118178,0.0,5.6
2021-08-24 15:18:13.116675,118111,0.0,0.0
2021-08-24 15:18:13.116675,118178,0.0,5.6
2021-08-24 15:18:13.272347,118111,0.0,0.0
2021-08-24 15:18:13.272347,118178,0.0,5.6
2021-08-24 15:18:13.428093,118111,0.0,0.0
2021-08-24 15:18:13.428093,118178,0.0,5.6
2021-08-24 15:18:13.583620,118111,0.0,0.0
2021-08-24 15:18:13.583620,118178,0.0,5.6
2021-08-24 15:18:13.739133,118111,0.0,0.0
2021-08-24 15:18:13.739133,118178,0.0,5.6
2021-08-24 15:18:13.894918,118111,0.0,0.0
2021-08-24 15:18:13.894918,118178,0.0,5.6
2021-08-24 15:18:14.050801,118111,0.0,0.0
2021-08-24 15:18:14.050801,118178,0.0,5.6
2021-08-24 15:18:14.206651,118111,0.0,0.0
2021-08-24 15:18:14.206651,118178,0.0,5.6
2021-08-24 15:18:14.362461,118111,0.0,0.0
2021-08-24 15:18:14.362461,118178,0.0,5.6
2021-08-24 15:18:14.518057,118111,0.0,0.0
2021-08-24 15:18:14.518057,118178,0.0,5.6
2021-08-24 15:18:14.673521,118111,0.0,0.0
2021-08-24 15:18:14.673521,118178,0.0,5.6
2021-08-24 15:18:14.829248,118111,0.0,0.0
2021-08-24 15:18:14.829248,118178,0.0,5.6
2021-08-24 15:18:14.984731,118111,0.0,0.0
2021-08-24 15:18:14.984731,118178,0.0,5.6
2021-08-24 15:18:15.140163,118111,0.0,0.0
2021-08-24 15:18:15.140163,118178,0.0,5.6
2021-08-24 15:18:15.295889,118111,0.0,0.0
2021-08-24 15:18:15.295889,118178,0.0,5.6
2021-08-24 15:18:15.451663,118111,0.0,0.0
2021-08-24 15:18:15.451663,118178,0.0,5.6
2021-08-24 15:18:15.607329,118111,0.0,0.0
2021-08-24 15:18:15.607329,118178,0.0,5.6
2021-08-24 15:18:15.762821,118111,0.0,0.0
2021-08-24 15:18:15.762821,118178,0.0,5.6
2021-08-24 15:18:15.918292,118111,0.0,0.0
2021-08-24 15:18:15.918292,118178,0.0,5.6
2021-08-24 15:18:16.073790,118111,0.0,0.0
2021-08-24 15:18:16.073790,118178,0.0,5.6
2021-08-24 15:18:16.229320,118111,0.0,0.0
2021-08-24 15:18:16.229320,118178,0.0,5.6
2021-08-24 15:18:16.384878,118111,0.0,0.0
2021-08-24 15:18:16.384878,118178,0.0,5.6
2021-08-24 15:18:16.540696,118111,0.0,0.0
2021-08-24 15:18:16.540696,118178,0.0,5.6
2021-08-24 15:18:16.696444,118111,0.0,0.0
2021-08-24 15:18:16.696444,118178,0.0,5.6
2021-08-24 15:18:16.852000,118111,0.0,0.0
2021-08-24 15:18:16.852000,118178,0.0,5.6
2021-08-24 15:18:17.007553,118111,0.0,0.0
2021-08-24 15:18:17.007553,118178,0.0,5.6
2021-08-24 15:18:17.163048,118111,0.0,0.0
2021-08-24 15:18:17.163048,118178,0.0,5.6
2021-08-24 15:18:17.318495,118111,0.0,0.0
2021-08-24 15:18:17.318495,118178,0.0,5.6
2021-08-24 15:18:17.474067,118111,0.0,0.0
2021-08-24 15:18:17.474067,118178,0.0,5.6
2021-08-24 15:18:17.629630,118111,0.0,0.0
2021-08-24 15:18:17.629630,118178,0.0,5.6
2021-08-24 15:18:17.785394,118111,0.0,0.0
2021-08-24 15:18:17.785394,118178,0.0,5.6
2021-08-24 15:18:17.940871,118111,0.0,0.0
2021-08-24 15:18:17.940871,118178,0.0,5.6
2021-08-24 15:18:18.096374,118111,0.0,0.0
2021-08-24 15:18:18.096374,118178,0.0,5.6
2021-08-24 15:18:18.251873,118111,0.0,0.0
2021-08-24 15:18:18.251873,118178,0.0,5.6
2021-08-24 15:18:18.407406,118111,0.0,0.0
2021-08-24 15:18:18.407406,118178,0.0,5.6
2021-08-24 15:18:18.562893,118111,0.0,0.0
2021-08-24 15:18:18.562893,118178,0.0,5.6
2021-08-24 15:18:18.718349,118111,0.0,0.0
2021-08-24 15:18:18.718349,118178,0.0,5.6
2021-08-24 15:18:18.873814,118111,0.0,0.0
2021-08-24 15:18:18.873814,118178,0.0,5.6
2021-08-24 15:18:19.029659,118111,0.0,0.0
2021-08-24 15:18:19.029659,118178,0.0,5.6
2021-08-24 15:18:19.185468,118111,0.0,0.0
2021-08-24 15:18:19.185468,118178,0.0,5.6
2021-08-24 15:18:19.341084,118111,0.0,0.0
2021-08-24 15:18:19.341084,118178,0.0,5.6
2021-08-24 15:18:19.496598,118111,0.0,0.0
2021-08-24 15:18:19.496598,118178,0.0,5.6
2021-08-24 15:18:19.652109,118111,0.0,0.0
2021-08-24 15:18:19.652109,118178,0.0,5.6
2021-08-24 15:18:19.807841,118111,0.0,0.0
2021-08-24 15:18:19.807841,118178,0.0,5.6
2021-08-24 15:18:19.963524,118111,0.0,0.0
2021-08-24 15:18:19.963524,118178,0.0,5.6
2021-08-24 15:18:20.119377,118111,0.0,0.0
2021-08-24 15:18:20.119377,118178,0.0,5.6
2021-08-24 15:18:20.275011,118111,0.0,0.0
2021-08-24 15:18:20.275011,118178,0.0,5.6
2021-08-24 15:18:20.430885,118111,0.0,0.0
2021-08-24 15:18:20.430885,118178,0.0,5.6
2021-08-24 15:18:20.586391,118111,0.0,0.0
2021-08-24 15:18:20.586391,118178,0.0,5.6
2021-08-24 15:18:20.741901,118111,0.0,0.0
2021-08-24 15:18:20.741901,118178,0.0,5.6
2021-08-24 15:18:20.897699,118111,0.0,0.0
2021-08-24 15:18:20.897699,118178,0.0,5.6
2021-08-24 15:18:21.053642,118111,0.0,0.0
2021-08-24 15:18:21.053642,118178,0.0,5.6
2021-08-24 15:18:21.209259,118111,0.0,0.0
2021-08-24 15:18:21.209259,118178,0.0,5.6
2021-08-24 15:18:21.364809,118111,0.0,0.0
2021-08-24 15:18:21.364809,118178,0.0,5.6
2021-08-24 15:18:21.520304,118111,0.0,0.0
2021-08-24 15:18:21.520304,118178,0.0,5.6
2021-08-24 15:18:21.675871,118111,0.0,0.0
2021-08-24 15:18:21.675871,118178,0.0,5.6
2021-08-24 15:18:21.831503,118111,0.0,0.0
2021-08-24 15:18:21.831503,118178,0.0,5.6
2021-08-24 15:18:21.987013,118111,0.0,0.0
2021-08-24 15:18:21.987013,118178,0.0,5.6
2021-08-24 15:18:22.142787,118111,0.0,0.0
2021-08-24 15:18:22.142787,118178,0.0,5.6
2021-08-24 15:18:22.298326,118111,0.0,0.0
2021-08-24 15:18:22.298326,118178,0.0,5.6
2021-08-24 15:18:22.453891,118111,0.0,0.0
2021-08-24 15:18:22.453891,118178,0.0,5.6
2021-08-24 15:18:22.609414,118111,0.0,0.0
2021-08-24 15:18:22.609414,118178,0.0,5.6
2021-08-24 15:18:22.764887,118111,0.0,0.0
2021-08-24 15:18:22.764887,118178,0.0,5.6
2021-08-24 15:18:22.920365,118111,0.0,0.0
2021-08-24 15:18:22.920365,118178,0.0,5.6
2021-08-24 15:18:23.075906,118111,0.0,0.0
2021-08-24 15:18:23.075906,118178,0.0,5.6
2021-08-24 15:18:23.231472,118111,0.0,0.0
2021-08-24 15:18:23.231472,118178,0.0,5.6
2021-08-24 15:18:23.387055,118111,0.0,0.0
2021-08-24 15:18:23.387055,118178,0.0,5.6
2021-08-24 15:18:23.542522,118111,0.0,0.0
2021-08-24 15:18:23.542522,118178,0.0,5.6
2021-08-24 15:18:23.698037,118111,0.0,0.0
2021-08-24 15:18:23.698037,118178,0.0,5.6
2021-08-24 15:18:23.853507,118111,0.0,0.0
2021-08-24 15:18:23.853507,118178,0.0,5.6
2021-08-24 15:18:24.009124,118111,0.0,0.0
2021-08-24 15:18:24.009124,118178,0.0,5.6
2021-08-24 15:18:24.165082,118111,0.0,0.0
2021-08-24 15:18:24.165082,118178,0.0,5.6
2021-08-24 15:18:24.320833,118111,0.0,0.0
2021-08-24 15:18:24.320833,118178,0.0,5.6
2021-08-24 15:18:24.476418,118111,0.0,0.0
2021-08-24 15:18:24.476418,118178,0.0,5.6
2021-08-24 15:18:24.632166,118111,0.0,0.0
2021-08-24 15:18:24.632166,118178,0.0,5.6
2021-08-24 15:18:24.787694,118111,0.0,0.0
2021-08-24 15:18:24.787694,118178,0.0,5.6
2021-08-24 15:18:24.943163,118111,0.0,0.0
2021-08-24 15:18:24.943163,118178,0.0,5.6
2021-08-24 15:18:25.098621,118111,0.0,0.0
2021-08-24 15:18:25.098621,118178,0.0,5.6
2021-08-24 15:18:25.254186,118111,0.0,0.0
2021-08-24 15:18:25.254186,118178,0.0,5.6
2021-08-24 15:18:25.409796,118111,0.0,0.0
2021-08-24 15:18:25.409796,118178,0.0,5.6
2021-08-24 15:18:25.565284,118111,0.0,0.0
2021-08-24 15:18:25.565284,118178,0.0,5.6
2021-08-24 15:18:25.720759,118111,0.0,0.0
2021-08-24 15:18:25.720759,118178,0.0,5.6
2021-08-24 15:18:25.876318,118111,0.0,0.0
2021-08-24 15:18:25.876318,118178,0.0,5.6
2021-08-24 15:18:26.032145,118111,0.0,0.0
2021-08-24 15:18:26.032145,118178,0.0,5.6
2021-08-24 15:18:26.187902,118111,0.0,0.0
2021-08-24 15:18:26.187902,118178,0.0,5.6
2021-08-24 15:18:26.343672,118111,0.0,0.0
2021-08-24 15:18:26.343672,118178,0.0,5.6
2021-08-24 15:18:26.499550,118111,0.0,0.0
2021-08-24 15:18:26.499550,118178,0.0,5.6
2021-08-24 15:18:26.655204,118111,0.0,0.0
2021-08-24 15:18:26.655204,118178,0.0,5.6
2021-08-24 15:18:26.810708,118111,0.0,0.0
2021-08-24 15:18:26.810708,118178,0.0,5.6
2021-08-24 15:18:26.966213,118111,0.0,0.0
2021-08-24 15:18:26.966213,118178,0.0,5.6
2021-08-24 15:18:27.121713,118111,0.0,0.0
2021-08-24 15:18:27.121713,118178,0.0,5.6
2021-08-24 15:18:27.277393,118111,0.0,0.0
2021-08-24 15:18:27.277393,118178,0.0,5.6
2021-08-24 15:18:27.433536,118111,0.0,0.0
2021-08-24 15:18:27.433536,118178,0.0,5.6
2021-08-24 15:18:27.589436,118111,0.0,0.0
2021-08-24 15:18:27.589436,118178,0.0,5.6
2021-08-24 15:18:27.744953,118111,0.0,0.0
2021-08-24 15:18:27.744953,118178,0.0,5.6
2021-08-24 15:18:27.900412,118111,0.0,0.0
2021-08-24 15:18:27.900412,118178,0.0,5.6
2021-08-24 15:18:28.056109,118111,0.0,0.0
2021-08-24 15:18:28.056109,118178,0.0,5.6
2021-08-24 15:18:28.211828,118111,0.0,0.0
2021-08-24 15:18:28.211828,118178,0.0,5.6
2021-08-24 15:18:28.367429,118111,0.0,0.0
2021-08-24 15:18:28.367429,118178,0.0,5.6
2021-08-24 15:18:28.522987,118111,0.0,0.0
2021-08-24 15:18:28.522987,118178,0.0,5.6
2021-08-24 15:18:28.678884,118111,0.0,0.0
2021-08-24 15:18:28.678884,118178,0.0,5.6
2021-08-24 15:18:28.834652,118111,0.0,0.0
2021-08-24 15:18:28.834652,118178,0.0,5.6
2021-08-24 15:18:28.990472,118111,0.0,0.0
2021-08-24 15:18:28.990472,118178,0.0,5.6
2021-08-24 15:18:29.146375,118111,0.0,0.0
2021-08-24 15:18:29.146375,118178,0.0,5.6
2021-08-24 15:18:29.302236,118111,0.0,0.0
2021-08-24 15:18:29.302236,118178,0.0,5.6
2021-08-24 15:18:29.458119,118111,0.0,0.0
2021-08-24 15:18:29.458119,118178,0.0,5.6
2021-08-24 15:18:29.613933,118111,0.0,0.0
2021-08-24 15:18:29.613933,118178,0.0,5.6
2021-08-24 15:18:29.769521,118111,0.0,0.0
2021-08-24 15:18:29.769521,118178,0.0,5.6
2021-08-24 15:18:29.925149,118111,0.0,0.0
2021-08-24 15:18:29.925149,118178,0.0,5.6
2021-08-24 15:18:30.081063,118111,0.0,0.0
2021-08-24 15:18:30.081063,118178,0.0,5.6
2021-08-24 15:18:30.236746,118111,0.0,0.0
2021-08-24 15:18:30.236746,118178,0.0,5.6
2021-08-24 15:18:30.392407,118178,6.7,5.6
2021-08-24 15:18:30.392407,118111,0.0,0.0
2021-08-24 15:18:30.548304,118111,0.0,0.0
2021-08-24 15:18:30.548304,118178,0.0,5.6
2021-08-24 15:18:30.704225,118111,0.0,0.0
2021-08-24 15:18:30.704225,118178,0.0,5.6
2021-08-24 15:18:30.859920,118111,0.0,0.0
2021-08-24 15:18:30.859920,118178,0.0,5.6
2021-08-24 15:18:31.015464,118111,0.0,0.0
2021-08-24 15:18:31.015464,118178,0.0,5.6
2021-08-24 15:18:31.170987,118111,0.0,0.0
2021-08-24 15:18:31.170987,118178,0.0,5.6
2021-08-24 15:18:31.326737,118111,0.0,0.0
2021-08-24 15:18:31.326737,118178,0.0,5.6
2021-08-24 15:18:31.482234,118111,0.0,0.0
2021-08-24 15:18:31.482234,118178,0.0,5.6
2021-08-24 15:18:31.637749,118111,0.0,0.0
2021-08-24 15:18:31.637749,118178,0.0,5.6
2021-08-24 15:18:31.793254,118111,0.0,0.0
2021-08-24 15:18:31.793254,118178,0.0,5.6
2021-08-24 15:18:31.948798,118111,0.0,0.0
2021-08-24 15:18:31.948798,118178,0.0,5.6
2021-08-24 15:18:32.104688,118111,0.0,0.0
2021-08-24 15:18:32.104688,118178,0.0,5.6
2021-08-24 15:18:32.260564,118111,0.0,0.0
2021-08-24 15:18:32.260564,118178,0.0,5.6
2021-08-24 15:18:32.416157,118111,0.0,0.0
2021-08-24 15:18:32.416157,118178,0.0,5.6
2021-08-24 15:18:32.571874,118111,0.0,0.0
2021-08-24 15:18:32.571874,118178,0.0,5.6
2021-08-24 15:18:32.727455,118111,0.0,0.0
2021-08-24 15:18:32.727455,118178,0.0,5.6
2021-08-24 15:18:32.882997,118111,0.0,0.0
2021-08-24 15:18:32.882997,118178,0.0,5.6
2021-08-24 15:18:33.038770,118111,0.0,0.0
2021-08-24 15:18:33.038770,118178,0.0,5.6
2021-08-24 15:18:33.194322,118111,0.0,0.0
2021-08-24 15:18:33.194322,118178,0.0,5.6
2021-08-24 15:18:33.349861,118111,0.0,0.0
2021-08-24 15:18:33.349861,118178,0.0,5.6
2021-08-24 15:18:33.505394,118111,0.0,0.0
2021-08-24 15:18:33.505394,118178,0.0,5.6
2021-08-24 15:18:33.660857,118111,0.0,0.0
2021-08-24 15:18:33.660857,118178,0.0,5.6
2021-08-24 15:18:33.816365,118111,0.0,0.0
2021-08-24 15:18:33.816365,118178,0.0,5.6
2021-08-24 15:18:33.971836,118111,0.0,0.0
2021-08-24 15:18:33.971836,118178,0.0,5.6
2021-08-24 15:18:34.127358,118111,0.0,0.0
2021-08-24 15:18:34.127358,118178,0.0,5.6
2021-08-24 15:18:34.282950,118111,0.0,0.0
2021-08-24 15:18:34.282950,118178,0.0,5.6
2021-08-24 15:18:34.438681,118111,0.0,0.0
2021-08-24 15:18:34.438681,118178,0.0,5.6
2021-08-24 15:18:34.594167,118111,0.0,0.0
2021-08-24 15:18:34.594167,118178,0.0,5.6
2021-08-24 15:18:34.749662,118111,0.0,0.0
2021-08-24 15:18:34.749662,118178,0.0,5.6
2021-08-24 15:18:34.905097,118111,0.0,0.0
2021-08-24 15:18:34.905097,118178,0.0,5.6
2021-08-24 15:18:35.060614,118111,0.0,0.0
2021-08-24 15:18:35.060614,118178,0.0,5.6
2021-08-24 15:18:35.216105,118111,0.0,0.0
2021-08-24 15:18:35.216105,118178,0.0,5.6
2021-08-24 15:18:35.371963,118111,0.0,0.0
2021-08-24 15:18:35.371963,118178,0.0,5.6
2021-08-24 15:18:35.527838,118111,0.0,0.0
2021-08-24 15:18:35.527838,118178,0.0,5.6
2021-08-24 15:18:35.683400,118111,0.0,0.0
2021-08-24 15:18:35.683400,118178,0.0,5.6
2021-08-24 15:18:35.838991,118111,0.0,0.0
2021-08-24 15:18:35.838991,118178,0.0,5.6
2021-08-24 15:18:35.994539,118111,0.0,0.0
2021-08-24 15:18:35.994539,118178,0.0,5.6
2021-08-24 15:18:36.150101,118111,0.0,0.0
2021-08-24 15:18:36.150101,118178,0.0,5.6
2021-08-24 15:18:36.306026,118111,0.0,0.0
2021-08-24 15:18:36.306026,118178,0.0,5.6
2021-08-24 15:18:36.461908,118111,0.0,0.0
2021-08-24 15:18:36.461908,118178,0.0,5.6
2021-08-24 15:18:36.617778,118111,0.0,0.0
2021-08-24 15:18:36.617778,118178,0.0,5.6
2021-08-24 15:18:36.773686,118111,0.0,0.0
2021-08-24 15:18:36.773686,118178,0.0,5.6
2021-08-24 15:18:36.929080,118111,0.0,0.0
2021-08-24 15:18:36.929080,118178,0.0,5.6
2021-08-24 15:18:37.084983,118111,0.0,0.0
2021-08-24 15:18:37.084983,118178,0.0,5.6
2021-08-24 15:18:37.240524,118111,0.0,0.0
2021-08-24 15:18:37.240524,118178,0.0,5.6
2021-08-24 15:18:37.396076,118111,0.0,0.0
2021-08-24 15:18:37.396076,118178,0.0,5.6
2021-08-24 15:18:37.551852,118111,0.0,0.0
2021-08-24 15:18:37.551852,118178,0.0,5.6
2021-08-24 15:18:37.707741,118111,0.0,0.0
2021-08-24 15:18:37.707741,118178,0.0,5.6
2021-08-24 15:18:37.863593,118111,0.0,0.0
2021-08-24 15:18:37.863593,118178,0.0,5.6
2021-08-24 15:18:38.019439,118111,0.0,0.0
2021-08-24 15:18:38.019439,118178,0.0,5.6
2021-08-24 15:18:38.175285,118111,0.0,0.0
2021-08-24 15:18:38.175285,118178,0.0,5.6
2021-08-24 15:18:38.331134,118111,0.0,0.0
2021-08-24 15:18:38.331134,118178,0.0,5.6
2021-08-24 15:18:38.486821,118111,0.0,0.0
2021-08-24 15:18:38.486821,118178,0.0,5.6
2021-08-24 15:18:38.642951,118111,0.0,0.0
2021-08-24 15:18:38.642951,118178,0.0,5.6
2021-08-24 15:18:38.798528,118111,0.0,0.0
2021-08-24 15:18:38.798528,118178,0.0,5.6
2021-08-24 15:18:38.954081,118111,0.0,0.0
2021-08-24 15:18:38.954081,118178,0.0,5.6
2021-08-24 15:18:39.109644,118111,0.0,0.0
2021-08-24 15:18:39.109644,118178,0.0,5.6
2021-08-24 15:18:39.265244,118111,0.0,0.0
2021-08-24 15:18:39.265244,118178,0.0,5.6
2021-08-24 15:18:39.421302,118111,0.0,0.0
2021-08-24 15:18:39.421302,118178,0.0,5.6
2021-08-24 15:18:39.576760,118111,0.0,0.0
2021-08-24 15:18:39.576760,118178,0.0,5.6
2021-08-24 15:18:39.732325,118111,0.0,0.0
2021-08-24 15:18:39.732325,118178,0.0,5.6
2021-08-24 15:18:39.888195,118111,0.0,0.0
2021-08-24 15:18:39.888195,118178,0.0,5.6
2021-08-24 15:18:40.044073,118111,0.0,0.0
2021-08-24 15:18:40.044073,118178,0.0,5.6
2021-08-24 15:18:40.199620,118111,0.0,0.0
2021-08-24 15:18:40.199620,118178,0.0,5.6
2021-08-24 15:18:40.355165,118111,0.0,0.0
2021-08-24 15:18:40.355165,118178,0.0,5.6
2021-08-24 15:18:40.510697,118111,0.0,0.0
2021-08-24 15:18:40.510697,118178,0.0,5.6
2021-08-24 15:18:40.666812,118111,0.0,0.0
2021-08-24 15:18:40.666812,118178,0.0,5.6
2021-08-24 15:18:40.823723,118111,0.0,0.0
2021-08-24 15:18:40.823723,118178,0.0,5.6
2021-08-24 15:18:40.979971,118111,0.0,0.0
2021-08-24 15:18:40.979971,118178,0.0,5.6
2021-08-24 15:18:41.135665,118111,0.0,0.0
2021-08-24 15:18:41.135665,118178,0.0,5.6
2021-08-24 15:18:41.293060,118111,0.0,0.0
2021-08-24 15:18:41.293060,118178,0.0,5.6
2021-08-24 15:18:41.450733,118111,0.0,0.0
2021-08-24 15:18:41.450733,118178,0.0,5.6
2021-08-24 15:18:41.607411,118111,0.0,0.0
2021-08-24 15:18:41.607411,118178,0.0,5.6
2021-08-24 15:18:41.765188,118111,0.0,0.0
2021-08-24 15:18:41.765188,118178,0.0,5.6
2021-08-24 15:18:41.922674,118111,0.0,0.0
2021-08-24 15:18:41.922674,118178,0.0,5.6
2021-08-24 15:18:42.079603,118111,0.0,0.0
2021-08-24 15:18:42.079603,118178,0.0,5.6
2021-08-24 15:18:42.234827,118111,0.0,0.0
2021-08-24 15:18:42.234827,118178,0.0,5.6
2021-08-24 15:18:42.389908,118111,0.0,0.0
2021-08-24 15:18:42.389908,118178,0.0,5.6
2021-08-24 15:18:42.546852,118111,0.0,0.0
2021-08-24 15:18:42.546852,118178,0.0,5.6
2021-08-24 15:18:42.703564,118111,0.0,0.0
2021-08-24 15:18:42.703564,118178,0.0,5.6
2021-08-24 15:18:42.859475,118111,0.0,0.0
2021-08-24 15:18:42.859475,118178,0.0,5.6
2021-08-24 15:18:43.015299,118111,0.0,0.0
2021-08-24 15:18:43.015299,118178,0.0,5.6
2021-08-24 15:18:43.170989,118111,0.0,0.0
2021-08-24 15:18:43.170989,118178,0.0,5.6
2021-08-24 15:18:43.327875,118111,0.0,0.0
2021-08-24 15:18:43.327875,118178,0.0,5.6
2021-08-24 15:18:43.484078,118111,0.0,0.0
2021-08-24 15:18:43.484078,118178,0.0,5.6
2021-08-24 15:18:43.641174,118111,0.0,0.0
2021-08-24 15:18:43.641174,118178,0.0,5.6
2021-08-24 15:18:43.797699,118111,0.0,0.0
2021-08-24 15:18:43.797699,118178,0.0,5.6
2021-08-24 15:18:43.956170,118111,0.0,0.0
2021-08-24 15:18:43.956170,118178,0.0,5.6
2021-08-24 15:18:44.114547,118111,0.0,0.0
2021-08-24 15:18:44.114547,118178,0.0,5.6
2021-08-24 15:18:44.272059,118111,0.0,0.0
2021-08-24 15:18:44.272059,118178,0.0,5.6
2021-08-24 15:18:44.428938,118111,0.0,0.0
2021-08-24 15:18:44.428938,118178,0.0,5.6
2021-08-24 15:18:44.585031,118111,0.0,0.0
2021-08-24 15:18:44.585031,118178,0.0,5.6
2021-08-24 15:18:44.741010,118111,0.0,0.0
2021-08-24 15:18:44.741010,118178,0.0,5.6
2021-08-24 15:18:44.897975,118111,0.0,0.0
2021-08-24 15:18:44.897975,118178,0.0,5.6
2021-08-24 15:18:45.054879,118111,0.0,0.0
2021-08-24 15:18:45.054879,118178,0.0,5.6
2021-08-24 15:18:45.212319,118111,0.0,0.0
2021-08-24 15:18:45.212319,118178,0.0,5.6
2021-08-24 15:18:45.369414,118111,0.0,0.0
2021-08-24 15:18:45.369414,118178,0.0,5.6
2021-08-24 15:18:45.528421,118111,0.0,0.0
2021-08-24 15:18:45.528421,118178,0.0,5.6
2021-08-24 15:18:45.685371,118111,0.0,0.0
2021-08-24 15:18:45.685371,118178,0.0,5.6
2021-08-24 15:18:45.841486,118111,0.0,0.0
2021-08-24 15:18:45.841486,118178,0.0,5.6
2021-08-24 15:18:45.997834,118111,0.0,0.0
2021-08-24 15:18:45.997834,118178,0.0,5.6
2021-08-24 15:18:46.155176,118111,0.0,0.0
2021-08-24 15:18:46.155176,118178,0.0,5.6
2021-08-24 15:18:46.312256,118111,0.0,0.0
2021-08-24 15:18:46.312256,118178,0.0,5.6
2021-08-24 15:18:46.469027,118111,0.0,0.0
2021-08-24 15:18:46.469027,118178,0.0,5.6
2021-08-24 15:18:46.626032,118111,0.0,0.0
2021-08-24 15:18:46.626032,118178,0.0,5.6
2021-08-24 15:18:46.782642,118111,0.0,0.0
2021-08-24 15:18:46.782642,118178,0.0,5.6
2021-08-24 15:18:46.938575,118111,0.0,0.0
2021-08-24 15:18:46.938575,118178,0.0,5.6
2021-08-24 15:18:47.094749,118111,0.0,0.0
2021-08-24 15:18:47.094749,118178,0.0,5.6
2021-08-24 15:18:47.250908,118111,0.0,0.0
2021-08-24 15:18:47.250908,118178,0.0,5.6
2021-08-24 15:18:47.407009,118111,0.0,0.0
2021-08-24 15:18:47.407009,118178,0.0,5.6
2021-08-24 15:18:47.562777,118111,0.0,0.0
2021-08-24 15:18:47.562777,118178,0.0,5.6
2021-08-24 15:18:47.718325,118111,0.0,0.0
2021-08-24 15:18:47.718325,118178,0.0,5.6
2021-08-24 15:18:47.873828,118111,0.0,0.0
2021-08-24 15:18:47.873828,118178,0.0,5.6
2021-08-24 15:18:48.029332,118111,0.0,0.0
2021-08-24 15:18:48.029332,118178,0.0,5.6
2021-08-24 15:18:48.184772,118111,0.0,0.0
2021-08-24 15:18:48.184772,118178,0.0,5.6
2021-08-24 15:18:48.340562,118111,0.0,0.0
2021-08-24 15:18:48.340562,118178,0.0,5.6
2021-08-24 15:18:48.496197,118111,0.0,0.0
2021-08-24 15:18:48.496197,118178,0.0,5.6
2021-08-24 15:18:48.651700,118111,0.0,0.0
2021-08-24 15:18:48.651700,118178,0.0,5.6
2021-08-24 15:18:48.807180,118111,0.0,0.0
2021-08-24 15:18:48.807180,118178,0.0,5.6
2021-08-24 15:18:48.962658,118111,0.0,0.0
2021-08-24 15:18:48.962658,118178,0.0,5.6
2021-08-24 15:18:49.118177,118111,0.0,0.0
2021-08-24 15:18:49.118177,118178,0.0,5.6
2021-08-24 15:18:49.273713,118111,0.0,0.0
2021-08-24 15:18:49.273713,118178,0.0,5.6
2021-08-24 15:18:49.429249,118111,0.0,0.0
2021-08-24 15:18:49.429249,118178,0.0,5.6
2021-08-24 15:18:49.584809,118111,0.0,0.0
2021-08-24 15:18:49.584809,118178,0.0,5.6
2021-08-24 15:18:49.740581,118111,0.0,0.0
2021-08-24 15:18:49.740581,118178,0.0,5.6
2021-08-24 15:18:49.896127,118111,0.0,0.0
2021-08-24 15:18:49.896127,118178,0.0,5.6
2021-08-24 15:18:50.052053,118111,0.0,0.0
2021-08-24 15:18:50.052053,118178,0.0,5.6
2021-08-24 15:18:50.207608,118111,0.0,0.0
2021-08-24 15:18:50.207608,118178,0.0,5.6
2021-08-24 15:18:50.363450,118111,0.0,0.0
2021-08-24 15:18:50.363450,118178,0.0,5.6
2021-08-24 15:18:50.519306,118111,0.0,0.0
2021-08-24 15:18:50.519306,118178,0.0,5.6
2021-08-24 15:18:50.675108,118111,0.0,0.0
2021-08-24 15:18:50.675108,118178,0.0,5.6
2021-08-24 15:18:50.830622,118111,0.0,0.0
2021-08-24 15:18:50.830622,118178,0.0,5.6
2021-08-24 15:18:50.986120,118111,0.0,0.0
2021-08-24 15:18:50.986120,118178,0.0,5.6
2021-08-24 15:18:51.141633,118111,0.0,0.0
2021-08-24 15:18:51.141633,118178,0.0,5.6
2021-08-24 15:18:51.297202,118111,0.0,0.0
2021-08-24 15:18:51.297202,118178,0.0,5.6
2021-08-24 15:18:51.452977,118111,0.0,0.0
2021-08-24 15:18:51.452977,118178,0.0,5.6
2021-08-24 15:18:51.608808,118111,0.0,0.0
2021-08-24 15:18:51.608808,118178,0.0,5.6
2021-08-24 15:18:51.764639,118111,0.0,0.0
2021-08-24 15:18:51.764639,118178,0.0,5.6
2021-08-24 15:18:51.920341,118178,6.7,5.6
2021-08-24 15:18:51.920341,118111,0.0,0.0
2021-08-24 15:18:52.076151,118111,0.0,0.0
2021-08-24 15:18:52.076151,118178,0.0,5.6
2021-08-24 15:18:52.231892,118111,0.0,0.0
2021-08-24 15:18:52.231892,118178,0.0,5.6
2021-08-24 15:18:52.387556,118111,0.0,0.0
2021-08-24 15:18:52.387556,118178,0.0,5.6
2021-08-24 15:18:52.543422,118111,0.0,0.0
2021-08-24 15:18:52.543422,118178,0.0,5.6
2021-08-24 15:18:52.699281,118111,0.0,0.0
2021-08-24 15:18:52.699281,118178,0.0,5.6
2021-08-24 15:18:52.855087,118111,0.0,0.0
2021-08-24 15:18:52.855087,118178,0.0,5.6
2021-08-24 15:18:53.010587,118111,0.0,0.0
2021-08-24 15:18:53.010587,118178,0.0,5.6
2021-08-24 15:18:53.166045,118111,0.0,0.0
2021-08-24 15:18:53.166045,118178,0.0,5.6
2021-08-24 15:18:53.321480,118111,0.0,0.0
2021-08-24 15:18:53.321480,118178,0.0,5.6
2021-08-24 15:18:53.477138,118111,0.0,0.0
2021-08-24 15:18:53.477138,118178,0.0,5.6
2021-08-24 15:18:53.632978,118111,0.0,0.0
2021-08-24 15:18:53.632978,118178,0.0,5.6
2021-08-24 15:18:53.788739,118111,0.0,0.0
2021-08-24 15:18:53.788739,118178,0.0,5.6
2021-08-24 15:18:53.944533,118111,0.0,0.0
2021-08-24 15:18:53.944533,118178,0.0,5.6
2021-08-24 15:18:54.100392,118111,0.0,0.0
2021-08-24 15:18:54.100392,118178,0.0,5.6
2021-08-24 15:18:54.256276,118111,0.0,0.0
2021-08-24 15:18:54.256276,118178,0.0,5.6
2021-08-24 15:18:54.412142,118111,0.0,0.0
2021-08-24 15:18:54.412142,118178,0.0,5.6
2021-08-24 15:18:54.567917,118111,0.0,0.0
2021-08-24 15:18:54.567917,118178,0.0,5.6
2021-08-24 15:18:54.723460,118111,0.0,0.0
2021-08-24 15:18:54.723460,118178,0.0,5.6
2021-08-24 15:18:54.881067,118111,0.0,0.0
2021-08-24 15:18:54.881067,118178,0.0,5.6
2021-08-24 15:18:55.045410,118111,0.0,0.0
2021-08-24 15:18:55.045410,118178,0.0,5.6
2021-08-24 15:18:55.200905,118111,0.0,0.0
2021-08-24 15:18:55.200905,118178,0.0,5.6
2021-08-24 15:18:55.357136,118111,0.0,0.0
2021-08-24 15:18:55.357136,118178,0.0,5.6
2021-08-24 15:18:55.513167,118111,0.0,0.0
2021-08-24 15:18:55.513167,118178,0.0,5.6
2021-08-24 15:18:55.669278,118111,0.0,0.0
2021-08-24 15:18:55.669278,118178,0.0,5.6
2021-08-24 15:18:55.825288,118111,0.0,0.0
2021-08-24 15:18:55.825288,118178,0.0,5.6
2021-08-24 15:18:55.981270,118111,0.0,0.0
2021-08-24 15:18:55.981270,118178,0.0,5.6
2021-08-24 15:18:56.137338,118111,0.0,0.0
2021-08-24 15:18:56.137338,118178,0.0,5.6
2021-08-24 15:18:56.293635,118111,0.0,0.0
2021-08-24 15:18:56.293635,118178,0.0,5.6
2021-08-24 15:18:56.449690,118111,0.0,0.0
2021-08-24 15:18:56.449690,118178,0.0,5.6
2021-08-24 15:18:56.605722,118111,0.0,0.0
2021-08-24 15:18:56.605722,118178,0.0,5.6
2021-08-24 15:18:56.761828,118111,0.0,0.0
2021-08-24 15:18:56.761828,118178,0.0,5.6
2021-08-24 15:18:56.918046,118111,0.0,0.0
2021-08-24 15:18:56.918046,118178,0.0,5.6
2021-08-24 15:18:57.073927,118111,0.0,0.0
2021-08-24 15:18:57.073927,118178,0.0,5.6
2021-08-24 15:18:57.230253,118111,0.0,0.0
2021-08-24 15:18:57.230253,118178,0.0,5.6
2021-08-24 15:18:57.386217,118111,0.0,0.0
2021-08-24 15:18:57.386217,118178,0.0,5.6
2021-08-24 15:18:57.542211,118111,0.0,0.0
2021-08-24 15:18:57.542211,118178,0.0,5.6
2021-08-24 15:18:57.698121,118111,0.0,0.0
2021-08-24 15:18:57.698121,118178,0.0,5.6
2021-08-24 15:18:57.854057,118111,0.0,0.0
2021-08-24 15:18:57.854057,118178,0.0,5.6
2021-08-24 15:18:58.009996,118111,0.0,0.0
2021-08-24 15:18:58.009996,118178,0.0,5.6
2021-08-24 15:18:58.165131,118111,0.0,0.0
2021-08-24 15:18:58.165131,118178,0.0,5.6
2021-08-24 15:18:58.320404,118111,0.0,0.0
2021-08-24 15:18:58.320404,118178,0.0,5.6
2021-08-24 15:18:58.476126,118111,0.0,0.0
2021-08-24 15:18:58.476126,118178,0.0,5.6
2021-08-24 15:18:58.631967,118111,0.0,0.0
2021-08-24 15:18:58.631967,118178,0.0,5.6
2021-08-24 15:18:58.787957,118111,0.0,0.0
2021-08-24 15:18:58.787957,118178,0.0,5.6
2021-08-24 15:18:58.943985,118111,0.0,0.0
2021-08-24 15:18:58.943985,118178,0.0,5.6
2021-08-24 15:18:59.099973,118111,0.0,0.0
2021-08-24 15:18:59.099973,118178,0.0,5.6
2021-08-24 15:18:59.255937,118111,0.0,0.0
2021-08-24 15:18:59.255937,118178,0.0,5.6
2021-08-24 15:18:59.412037,118111,0.0,0.0
2021-08-24 15:18:59.412037,118178,0.0,5.6
2021-08-24 15:18:59.568299,118111,0.0,0.0
2021-08-24 15:18:59.568299,118178,0.0,5.6
2021-08-24 15:18:59.724476,118111,0.0,0.0
2021-08-24 15:18:59.724476,118178,0.0,5.6
2021-08-24 15:18:59.880517,118111,0.0,0.0
2021-08-24 15:18:59.880517,118178,0.0,5.6
2021-08-24 15:19:00.036181,118111,0.0,0.0
2021-08-24 15:19:00.036181,118178,0.0,5.6
2021-08-24 15:19:00.191721,118111,0.0,0.0
2021-08-24 15:19:00.191721,118178,0.0,5.6
2021-08-24 15:19:00.347583,118111,0.0,0.0
2021-08-24 15:19:00.347583,118178,0.0,5.6
2021-08-24 15:19:00.503393,118111,0.0,0.0
2021-08-24 15:19:00.503393,118178,0.0,5.6
2021-08-24 15:19:00.659263,118111,0.0,0.0
2021-08-24 15:19:00.659263,118178,0.0,5.6
2021-08-24 15:19:00.815082,118111,0.0,0.0
2021-08-24 15:19:00.815082,118178,0.0,5.6
2021-08-24 15:19:00.970691,118111,0.0,0.0
2021-08-24 15:19:00.970691,118178,0.0,5.6
2021-08-24 15:19:01.126492,118111,0.0,0.0
2021-08-24 15:19:01.126492,118178,0.0,5.6
2021-08-24 15:19:01.282106,118111,0.0,0.0
2021-08-24 15:19:01.282106,118178,0.0,5.6
2021-08-24 15:19:01.437731,118111,0.0,0.0
2021-08-24 15:19:01.437731,118178,0.0,5.6
2021-08-24 15:19:01.593270,118111,0.0,0.0
2021-08-24 15:19:01.593270,118178,0.0,5.6
2021-08-24 15:19:01.749052,118111,0.0,0.0
2021-08-24 15:19:01.749052,118178,0.0,5.6
2021-08-24 15:19:01.904538,118111,0.0,0.0
2021-08-24 15:19:01.904538,118178,0.0,5.6
2021-08-24 15:19:02.060362,118111,0.0,0.0
2021-08-24 15:19:02.060362,118178,0.0,5.6
2021-08-24 15:19:02.216110,118111,0.0,0.0
2021-08-24 15:19:02.216110,118178,0.0,5.6
2021-08-24 15:19:02.371957,118111,0.0,0.0
2021-08-24 15:19:02.371957,118178,0.0,5.6
2021-08-24 15:19:02.527521,118178,6.7,5.6
2021-08-24 15:19:02.527521,118111,0.0,0.0
2021-08-24 15:19:02.683023,118111,0.0,0.0
2021-08-24 15:19:02.683023,118178,0.0,5.6
2021-08-24 15:19:02.838485,118111,0.0,0.0
2021-08-24 15:19:02.838485,118178,0.0,5.6
2021-08-24 15:19:02.994011,118111,0.0,0.0
2021-08-24 15:19:02.994011,118178,0.0,5.6
2021-08-24 15:19:03.149491,118111,0.0,0.0
2021-08-24 15:19:03.149491,118178,0.0,5.6
2021-08-24 15:19:03.304968,118111,0.0,0.0
2021-08-24 15:19:03.304968,118178,0.0,5.6
2021-08-24 15:19:03.460539,118111,0.0,0.0
2021-08-24 15:19:03.460539,118178,0.0,5.6
2021-08-24 15:19:03.616089,118111,0.0,0.0
2021-08-24 15:19:03.616089,118178,0.0,5.6
