timestamp,PID,CPU,RAM
2021-08-08 04:51:09.089312,3110994,0.0,0.0
2021-08-08 04:51:09.089312,3111057,0.0,5.2
2021-08-08 04:51:09.246599,3110994,0.0,0.0
2021-08-08 04:51:09.246599,3111057,0.0,5.2
2021-08-08 04:51:09.403975,3110994,0.0,0.0
2021-08-08 04:51:09.403975,3111057,0.0,5.2
2021-08-08 04:51:09.561283,3110994,0.0,0.0
2021-08-08 04:51:09.561283,3111057,0.0,5.2
2021-08-08 04:51:09.718524,3110994,0.0,0.0
2021-08-08 04:51:09.718524,3111057,0.0,5.2
2021-08-08 04:51:09.875768,3110994,0.0,0.0
2021-08-08 04:51:09.875768,3111057,0.0,5.2
2021-08-08 04:51:10.033028,3110994,0.0,0.0
2021-08-08 04:51:10.033028,3111057,0.0,5.2
2021-08-08 04:51:10.190839,3110994,0.0,0.0
2021-08-08 04:51:10.190839,3111057,0.0,5.2
2021-08-08 04:51:10.348477,3110994,0.0,0.0
2021-08-08 04:51:10.348477,3111057,0.0,5.2
2021-08-08 04:51:10.505806,3110994,0.0,0.0
2021-08-08 04:51:10.505806,3111057,0.0,5.2
2021-08-08 04:51:10.663080,3110994,0.0,0.0
2021-08-08 04:51:10.663080,3111057,0.0,5.2
2021-08-08 04:51:10.820331,3110994,0.0,0.0
2021-08-08 04:51:10.820331,3111057,0.0,5.2
2021-08-08 04:51:10.977854,3110994,0.0,0.0
2021-08-08 04:51:10.977854,3111057,0.0,5.2
2021-08-08 04:51:11.135135,3110994,0.0,0.0
2021-08-08 04:51:11.135135,3111057,0.0,5.2
2021-08-08 04:51:11.292462,3110994,0.0,0.0
2021-08-08 04:51:11.292462,3111057,0.0,5.2
2021-08-08 04:51:11.449751,3110994,0.0,0.0
2021-08-08 04:51:11.449751,3111057,0.0,5.2
2021-08-08 04:51:11.606999,3110994,0.0,0.0
2021-08-08 04:51:11.606999,3111057,0.0,5.2
2021-08-08 04:51:11.763716,3110994,0.0,0.0
2021-08-08 04:51:11.763716,3111057,0.0,5.2
2021-08-08 04:51:11.921414,3110994,0.0,0.0
2021-08-08 04:51:11.921414,3111057,0.0,5.2
2021-08-08 04:51:12.078812,3111057,20.0,5.2
2021-08-08 04:51:12.078812,3110994,0.0,0.0
2021-08-08 04:51:12.235850,3110994,0.0,0.0
2021-08-08 04:51:12.235850,3111057,0.0,5.2
2021-08-08 04:51:12.393877,3110994,0.0,0.0
2021-08-08 04:51:12.393877,3111057,0.0,5.2
2021-08-08 04:51:12.551214,3110994,0.0,0.0
2021-08-08 04:51:12.551214,3111057,0.0,5.2
2021-08-08 04:51:12.708422,3110994,0.0,0.0
2021-08-08 04:51:12.708422,3111057,0.0,5.2
2021-08-08 04:51:12.864977,3110994,0.0,0.0
2021-08-08 04:51:12.864977,3111057,0.0,5.2
2021-08-08 04:51:13.021835,3110994,0.0,0.0
2021-08-08 04:51:13.021835,3111057,0.0,5.2
2021-08-08 04:51:13.179068,3110994,0.0,0.0
2021-08-08 04:51:13.179068,3111057,0.0,5.2
2021-08-08 04:51:13.336139,3110994,0.0,0.0
2021-08-08 04:51:13.336139,3111057,0.0,5.2
2021-08-08 04:51:13.493423,3110994,0.0,0.0
2021-08-08 04:51:13.493423,3111057,0.0,5.2
2021-08-08 04:51:13.650344,3110994,0.0,0.0
2021-08-08 04:51:13.650344,3111057,0.0,5.2
2021-08-08 04:51:13.807628,3110994,0.0,0.0
2021-08-08 04:51:13.807628,3111057,0.0,5.2
2021-08-08 04:51:13.964533,3110994,0.0,0.0
2021-08-08 04:51:13.964533,3111057,0.0,5.2
2021-08-08 04:51:14.121610,3110994,0.0,0.0
2021-08-08 04:51:14.121610,3111057,0.0,5.2
2021-08-08 04:51:14.281225,3110994,0.0,0.0
2021-08-08 04:51:14.281225,3111057,0.0,5.2
2021-08-08 04:51:14.438781,3110994,0.0,0.0
2021-08-08 04:51:14.438781,3111057,0.0,5.2
2021-08-08 04:51:14.596450,3110994,0.0,0.0
2021-08-08 04:51:14.596450,3111057,0.0,5.2
2021-08-08 04:51:14.753686,3110994,0.0,0.0
2021-08-08 04:51:14.753686,3111057,0.0,5.2
2021-08-08 04:51:14.910979,3110994,0.0,0.0
2021-08-08 04:51:14.910979,3111057,0.0,5.2
2021-08-08 04:51:15.068855,3110994,0.0,0.0
2021-08-08 04:51:15.068855,3111057,0.0,5.2
2021-08-08 04:51:15.225797,3110994,0.0,0.0
2021-08-08 04:51:15.225797,3111057,0.0,5.2
2021-08-08 04:51:15.384008,3110994,0.0,0.0
2021-08-08 04:51:15.384008,3111057,0.0,5.2
2021-08-08 04:51:15.540403,3110994,0.0,0.0
2021-08-08 04:51:15.540403,3111057,0.0,5.2
2021-08-08 04:51:15.698924,3110994,0.0,0.0
2021-08-08 04:51:15.698924,3111057,0.0,5.2
2021-08-08 04:51:15.855050,3110994,0.0,0.0
2021-08-08 04:51:15.855050,3111057,0.0,5.2
2021-08-08 04:51:16.012345,3110994,0.0,0.0
2021-08-08 04:51:16.012345,3111057,0.0,5.2
2021-08-08 04:51:16.169103,3110994,0.0,0.0
2021-08-08 04:51:16.169103,3111057,0.0,5.2
2021-08-08 04:51:16.326970,3110994,0.0,0.0
2021-08-08 04:51:16.326970,3111057,0.0,5.2
2021-08-08 04:51:16.484425,3110994,0.0,0.0
2021-08-08 04:51:16.484425,3111057,0.0,5.2
2021-08-08 04:51:16.641468,3110994,0.0,0.0
2021-08-08 04:51:16.641468,3111057,0.0,5.2
2021-08-08 04:51:16.799001,3111057,6.7,5.2
2021-08-08 04:51:16.799001,3110994,0.0,0.0
2021-08-08 04:51:16.956604,3110994,0.0,0.0
2021-08-08 04:51:16.956604,3111057,0.0,5.2
2021-08-08 04:51:17.114203,3110994,0.0,0.0
2021-08-08 04:51:17.114203,3111057,0.0,5.2
2021-08-08 04:51:17.271668,3110994,0.0,0.0
2021-08-08 04:51:17.271668,3111057,0.0,5.2
2021-08-08 04:51:17.429105,3110994,0.0,0.0
2021-08-08 04:51:17.429105,3111057,0.0,5.2
2021-08-08 04:51:17.586383,3110994,0.0,0.0
2021-08-08 04:51:17.586383,3111057,0.0,5.2
2021-08-08 04:51:17.743909,3110994,0.0,0.0
2021-08-08 04:51:17.743909,3111057,0.0,5.2
2021-08-08 04:51:17.901333,3110994,0.0,0.0
2021-08-08 04:51:17.901333,3111057,0.0,5.2
2021-08-08 04:51:18.058594,3110994,0.0,0.0
2021-08-08 04:51:18.058594,3111057,0.0,5.2
2021-08-08 04:51:18.215872,3110994,0.0,0.0
2021-08-08 04:51:18.215872,3111057,0.0,5.2
2021-08-08 04:51:18.373033,3110994,0.0,0.0
2021-08-08 04:51:18.373033,3111057,0.0,5.2
2021-08-08 04:51:18.530334,3110994,0.0,0.0
2021-08-08 04:51:18.530334,3111057,0.0,5.2
2021-08-08 04:51:18.687709,3110994,0.0,0.0
2021-08-08 04:51:18.687709,3111057,0.0,5.2
2021-08-08 04:51:18.844992,3110994,0.0,0.0
2021-08-08 04:51:18.844992,3111057,0.0,5.2
2021-08-08 04:51:19.002245,3110994,0.0,0.0
2021-08-08 04:51:19.002245,3111057,0.0,5.2
2021-08-08 04:51:19.159510,3110994,0.0,0.0
2021-08-08 04:51:19.159510,3111057,0.0,5.2
2021-08-08 04:51:19.316856,3110994,0.0,0.0
2021-08-08 04:51:19.316856,3111057,0.0,5.2
2021-08-08 04:51:19.474146,3110994,0.0,0.0
2021-08-08 04:51:19.474146,3111057,0.0,5.2
2021-08-08 04:51:19.631404,3110994,0.0,0.0
2021-08-08 04:51:19.631404,3111057,0.0,5.2
2021-08-08 04:51:19.788802,3110994,0.0,0.0
2021-08-08 04:51:19.788802,3111057,0.0,5.2
2021-08-08 04:51:19.945909,3110994,0.0,0.0
2021-08-08 04:51:19.945909,3111057,0.0,5.2
2021-08-08 04:51:20.103321,3110994,0.0,0.0
2021-08-08 04:51:20.103321,3111057,0.0,5.2
2021-08-08 04:51:20.260789,3110994,0.0,0.0
2021-08-08 04:51:20.260789,3111057,0.0,5.2
2021-08-08 04:51:20.418060,3110994,0.0,0.0
2021-08-08 04:51:20.418060,3111057,0.0,5.2
2021-08-08 04:51:20.575768,3110994,0.0,0.0
2021-08-08 04:51:20.575768,3111057,0.0,5.2
2021-08-08 04:51:20.733145,3110994,0.0,0.0
2021-08-08 04:51:20.733145,3111057,0.0,5.2
2021-08-08 04:51:20.890415,3110994,0.0,0.0
2021-08-08 04:51:20.890415,3111057,0.0,5.2
2021-08-08 04:51:21.047681,3110994,0.0,0.0
2021-08-08 04:51:21.047681,3111057,0.0,5.2
2021-08-08 04:51:21.205033,3110994,0.0,0.0
2021-08-08 04:51:21.205033,3111057,0.0,5.2
2021-08-08 04:51:21.362298,3110994,0.0,0.0
2021-08-08 04:51:21.362298,3111057,0.0,5.2
2021-08-08 04:51:21.519621,3110994,0.0,0.0
2021-08-08 04:51:21.519621,3111057,0.0,5.2
2021-08-08 04:51:21.676904,3110994,0.0,0.0
2021-08-08 04:51:21.676904,3111057,0.0,5.2
2021-08-08 04:51:21.834145,3110994,0.0,0.0
2021-08-08 04:51:21.834145,3111057,0.0,5.2
2021-08-08 04:51:21.991508,3110994,0.0,0.0
2021-08-08 04:51:21.991508,3111057,0.0,5.2
2021-08-08 04:51:22.148837,3110994,0.0,0.0
2021-08-08 04:51:22.148837,3111057,0.0,5.2
2021-08-08 04:51:22.306161,3110994,0.0,0.0
2021-08-08 04:51:22.306161,3111057,0.0,5.2
2021-08-08 04:51:22.463458,3110994,0.0,0.0
2021-08-08 04:51:22.463458,3111057,0.0,5.2
2021-08-08 04:51:22.620762,3110994,0.0,0.0
2021-08-08 04:51:22.620762,3111057,0.0,5.2
2021-08-08 04:51:22.778045,3110994,0.0,0.0
2021-08-08 04:51:22.778045,3111057,0.0,5.2
2021-08-08 04:51:22.935346,3110994,0.0,0.0
2021-08-08 04:51:22.935346,3111057,0.0,5.2
2021-08-08 04:51:23.092896,3110994,0.0,0.0
2021-08-08 04:51:23.092896,3111057,0.0,5.2
2021-08-08 04:51:23.250441,3110994,0.0,0.0
2021-08-08 04:51:23.250441,3111057,0.0,5.2
2021-08-08 04:51:23.407829,3110994,0.0,0.0
2021-08-08 04:51:23.407829,3111057,0.0,5.2
2021-08-08 04:51:23.565156,3110994,0.0,0.0
2021-08-08 04:51:23.565156,3111057,0.0,5.2
2021-08-08 04:51:23.722422,3110994,0.0,0.0
2021-08-08 04:51:23.722422,3111057,0.0,5.2
2021-08-08 04:51:23.879705,3110994,0.0,0.0
2021-08-08 04:51:23.879705,3111057,0.0,5.2
2021-08-08 04:51:24.036970,3110994,0.0,0.0
2021-08-08 04:51:24.036970,3111057,0.0,5.2
2021-08-08 04:51:24.194488,3110994,0.0,0.0
2021-08-08 04:51:24.194488,3111057,0.0,5.2
2021-08-08 04:51:24.351885,3110994,0.0,0.0
2021-08-08 04:51:24.351885,3111057,0.0,5.2
2021-08-08 04:51:24.509167,3110994,0.0,0.0
2021-08-08 04:51:24.509167,3111057,0.0,5.2
2021-08-08 04:51:24.666457,3110994,0.0,0.0
2021-08-08 04:51:24.666457,3111057,0.0,5.2
2021-08-08 04:51:24.823761,3110994,0.0,0.0
2021-08-08 04:51:24.823761,3111057,0.0,5.2
2021-08-08 04:51:24.981063,3110994,0.0,0.0
2021-08-08 04:51:24.981063,3111057,0.0,5.2
2021-08-08 04:51:25.138356,3110994,0.0,0.0
2021-08-08 04:51:25.138356,3111057,0.0,5.2
2021-08-08 04:51:25.295687,3110994,0.0,0.0
2021-08-08 04:51:25.295687,3111057,0.0,5.2
2021-08-08 04:51:25.452895,3110994,0.0,0.0
2021-08-08 04:51:25.452895,3111057,0.0,5.2
2021-08-08 04:51:25.610470,3110994,0.0,0.0
2021-08-08 04:51:25.610470,3111057,0.0,5.2
2021-08-08 04:51:25.767787,3110994,0.0,0.0
2021-08-08 04:51:25.767787,3111057,0.0,5.2
2021-08-08 04:51:25.925153,3110994,0.0,0.0
2021-08-08 04:51:25.925153,3111057,0.0,5.2
2021-08-08 04:51:26.082881,3110994,0.0,0.0
2021-08-08 04:51:26.082881,3111057,0.0,5.2
2021-08-08 04:51:26.240182,3110994,0.0,0.0
2021-08-08 04:51:26.240182,3111057,0.0,5.2
2021-08-08 04:51:26.397435,3110994,0.0,0.0
2021-08-08 04:51:26.397435,3111057,0.0,5.2
2021-08-08 04:51:26.554802,3110994,0.0,0.0
2021-08-08 04:51:26.554802,3111057,0.0,5.2
2021-08-08 04:51:26.712604,3110994,0.0,0.0
2021-08-08 04:51:26.712604,3111057,0.0,5.2
2021-08-08 04:51:26.869927,3110994,0.0,0.0
2021-08-08 04:51:26.869927,3111057,0.0,5.2
2021-08-08 04:51:27.027179,3110994,0.0,0.0
2021-08-08 04:51:27.027179,3111057,0.0,5.2
2021-08-08 04:51:27.184479,3110994,0.0,0.0
2021-08-08 04:51:27.184479,3111057,0.0,5.2
2021-08-08 04:51:27.341797,3110994,0.0,0.0
2021-08-08 04:51:27.341797,3111057,0.0,5.2
2021-08-08 04:51:27.499086,3110994,0.0,0.0
2021-08-08 04:51:27.499086,3111057,0.0,5.2
2021-08-08 04:51:27.656325,3110994,0.0,0.0
2021-08-08 04:51:27.656325,3111057,0.0,5.2
2021-08-08 04:51:27.813893,3110994,0.0,0.0
2021-08-08 04:51:27.813893,3111057,0.0,5.2
2021-08-08 04:51:27.971510,3110994,0.0,0.0
2021-08-08 04:51:27.971510,3111057,0.0,5.2
2021-08-08 04:51:28.128954,3110994,0.0,0.0
2021-08-08 04:51:28.128954,3111057,0.0,5.2
2021-08-08 04:51:28.286241,3110994,0.0,0.0
2021-08-08 04:51:28.286241,3111057,0.0,5.2
2021-08-08 04:51:28.443711,3110994,0.0,0.0
2021-08-08 04:51:28.443711,3111057,0.0,5.2
2021-08-08 04:51:28.600965,3110994,0.0,0.0
2021-08-08 04:51:28.600965,3111057,0.0,5.2
2021-08-08 04:51:28.758457,3110994,0.0,0.0
2021-08-08 04:51:28.758457,3111057,0.0,5.2
2021-08-08 04:51:28.915849,3110994,0.0,0.0
2021-08-08 04:51:28.915849,3111057,0.0,5.2
2021-08-08 04:51:29.073283,3110994,0.0,0.0
2021-08-08 04:51:29.073283,3111057,0.0,5.2
2021-08-08 04:51:29.230737,3110994,0.0,0.0
2021-08-08 04:51:29.230737,3111057,0.0,5.2
2021-08-08 04:51:29.388309,3110994,0.0,0.0
2021-08-08 04:51:29.388309,3111057,0.0,5.2
2021-08-08 04:51:29.544763,3110994,0.0,0.0
2021-08-08 04:51:29.544763,3111057,0.0,5.2
2021-08-08 04:51:29.702267,3110994,0.0,0.0
2021-08-08 04:51:29.702267,3111057,0.0,5.2
2021-08-08 04:51:29.859617,3110994,0.0,0.0
2021-08-08 04:51:29.859617,3111057,0.0,5.2
2021-08-08 04:51:30.016814,3110994,0.0,0.0
2021-08-08 04:51:30.016814,3111057,0.0,5.2
2021-08-08 04:51:30.174385,3110994,0.0,0.0
2021-08-08 04:51:30.174385,3111057,0.0,5.2
2021-08-08 04:51:30.331845,3110994,0.0,0.0
2021-08-08 04:51:30.331845,3111057,0.0,5.2
2021-08-08 04:51:30.489144,3110994,0.0,0.0
2021-08-08 04:51:30.489144,3111057,0.0,5.2
2021-08-08 04:51:30.646356,3110994,0.0,0.0
2021-08-08 04:51:30.646356,3111057,0.0,5.2
2021-08-08 04:51:30.803639,3110994,0.0,0.0
2021-08-08 04:51:30.803639,3111057,0.0,5.2
2021-08-08 04:51:30.961199,3110994,0.0,0.0
2021-08-08 04:51:30.961199,3111057,0.0,5.2
2021-08-08 04:51:31.118506,3110994,0.0,0.0
2021-08-08 04:51:31.118506,3111057,0.0,5.2
2021-08-08 04:51:31.275984,3110994,0.0,0.0
2021-08-08 04:51:31.275984,3111057,0.0,5.2
2021-08-08 04:51:31.433345,3110994,0.0,0.0
2021-08-08 04:51:31.433345,3111057,0.0,5.2
2021-08-08 04:51:31.590869,3110994,0.0,0.0
2021-08-08 04:51:31.590869,3111057,0.0,5.2
2021-08-08 04:51:31.748153,3110994,0.0,0.0
2021-08-08 04:51:31.748153,3111057,0.0,5.2
2021-08-08 04:51:31.905695,3110994,0.0,0.0
2021-08-08 04:51:31.905695,3111057,0.0,5.2
2021-08-08 04:51:32.062978,3110994,0.0,0.0
2021-08-08 04:51:32.062978,3111057,0.0,5.2
2021-08-08 04:51:32.220281,3110994,0.0,0.0
2021-08-08 04:51:32.220281,3111057,0.0,5.2
2021-08-08 04:51:32.377655,3110994,0.0,0.0
2021-08-08 04:51:32.377655,3111057,0.0,5.2
2021-08-08 04:51:32.534984,3110994,0.0,0.0
2021-08-08 04:51:32.534984,3111057,0.0,5.2
2021-08-08 04:51:32.692289,3110994,0.0,0.0
2021-08-08 04:51:32.692289,3111057,0.0,5.2
2021-08-08 04:51:32.849593,3110994,0.0,0.0
2021-08-08 04:51:32.849593,3111057,0.0,5.2
2021-08-08 04:51:33.006858,3110994,0.0,0.0
2021-08-08 04:51:33.006858,3111057,0.0,5.2
2021-08-08 04:51:33.164140,3110994,0.0,0.0
2021-08-08 04:51:33.164140,3111057,0.0,5.2
2021-08-08 04:51:33.321470,3110994,0.0,0.0
2021-08-08 04:51:33.321470,3111057,0.0,5.2
2021-08-08 04:51:33.478740,3110994,0.0,0.0
2021-08-08 04:51:33.478740,3111057,0.0,5.2
2021-08-08 04:51:33.636011,3110994,0.0,0.0
2021-08-08 04:51:33.636011,3111057,0.0,5.2
2021-08-08 04:51:33.793325,3110994,0.0,0.0
2021-08-08 04:51:33.793325,3111057,0.0,5.2
2021-08-08 04:51:33.950658,3110994,0.0,0.0
2021-08-08 04:51:33.950658,3111057,0.0,5.2
2021-08-08 04:51:34.107959,3110994,0.0,0.0
2021-08-08 04:51:34.107959,3111057,0.0,5.2
2021-08-08 04:51:34.265328,3110994,0.0,0.0
2021-08-08 04:51:34.265328,3111057,0.0,5.2
2021-08-08 04:51:34.422571,3110994,0.0,0.0
2021-08-08 04:51:34.422571,3111057,0.0,5.2
2021-08-08 04:51:34.579797,3110994,0.0,0.0
2021-08-08 04:51:34.579797,3111057,0.0,5.2
2021-08-08 04:51:34.737073,3110994,0.0,0.0
2021-08-08 04:51:34.737073,3111057,0.0,5.2
2021-08-08 04:51:34.894326,3110994,0.0,0.0
2021-08-08 04:51:34.894326,3111057,0.0,5.2
2021-08-08 04:51:35.051659,3110994,0.0,0.0
2021-08-08 04:51:35.051659,3111057,0.0,5.2
2021-08-08 04:51:35.209032,3110994,0.0,0.0
2021-08-08 04:51:35.209032,3111057,0.0,5.2
2021-08-08 04:51:35.366896,3110994,0.0,0.0
2021-08-08 04:51:35.366896,3111057,0.0,5.2
2021-08-08 04:51:35.524647,3110994,0.0,0.0
2021-08-08 04:51:35.524647,3111057,0.0,5.2
2021-08-08 04:51:35.682118,3110994,0.0,0.0
2021-08-08 04:51:35.682118,3111057,0.0,5.2
2021-08-08 04:51:35.839413,3110994,0.0,0.0
2021-08-08 04:51:35.839413,3111057,0.0,5.2
2021-08-08 04:51:35.996660,3110994,0.0,0.0
2021-08-08 04:51:35.996660,3111057,0.0,5.2
2021-08-08 04:51:36.154182,3110994,0.0,0.0
2021-08-08 04:51:36.154182,3111057,0.0,5.2
2021-08-08 04:51:36.311578,3110994,0.0,0.0
2021-08-08 04:51:36.311578,3111057,0.0,5.2
2021-08-08 04:51:36.468859,3110994,0.0,0.0
2021-08-08 04:51:36.468859,3111057,0.0,5.2
2021-08-08 04:51:36.625803,3110994,0.0,0.0
2021-08-08 04:51:36.625803,3111057,0.0,5.2
2021-08-08 04:51:36.783078,3110994,0.0,0.0
2021-08-08 04:51:36.783078,3111057,0.0,5.2
2021-08-08 04:51:36.940295,3110994,0.0,0.0
2021-08-08 04:51:36.940295,3111057,0.0,5.2
2021-08-08 04:51:37.097761,3110994,0.0,0.0
2021-08-08 04:51:37.097761,3111057,0.0,5.2
2021-08-08 04:51:37.255005,3110994,0.0,0.0
2021-08-08 04:51:37.255005,3111057,0.0,5.2
2021-08-08 04:51:37.412306,3110994,0.0,0.0
2021-08-08 04:51:37.412306,3111057,0.0,5.2
2021-08-08 04:51:37.569588,3110994,0.0,0.0
2021-08-08 04:51:37.569588,3111057,0.0,5.2
2021-08-08 04:51:37.726896,3110994,0.0,0.0
2021-08-08 04:51:37.726896,3111057,0.0,5.2
2021-08-08 04:51:37.884169,3110994,0.0,0.0
2021-08-08 04:51:37.884169,3111057,0.0,5.2
2021-08-08 04:51:38.041517,3110994,0.0,0.0
2021-08-08 04:51:38.041517,3111057,0.0,5.2
2021-08-08 04:51:38.199099,3110994,0.0,0.0
2021-08-08 04:51:38.199099,3111057,0.0,5.2
2021-08-08 04:51:38.356473,3110994,0.0,0.0
2021-08-08 04:51:38.356473,3111057,0.0,5.2
2021-08-08 04:51:38.513863,3110994,0.0,0.0
2021-08-08 04:51:38.513863,3111057,0.0,5.2
2021-08-08 04:51:38.671151,3110994,0.0,0.0
2021-08-08 04:51:38.671151,3111057,0.0,5.2
2021-08-08 04:51:38.828528,3110994,0.0,0.0
2021-08-08 04:51:38.828528,3111057,0.0,5.2
2021-08-08 04:51:38.986111,3110994,0.0,0.0
2021-08-08 04:51:38.986111,3111057,0.0,5.2
2021-08-08 04:51:39.143593,3110994,0.0,0.0
2021-08-08 04:51:39.143593,3111057,0.0,5.2
2021-08-08 04:51:39.300925,3110994,0.0,0.0
2021-08-08 04:51:39.300925,3111057,0.0,5.2
2021-08-08 04:51:39.458500,3110994,0.0,0.0
2021-08-08 04:51:39.458500,3111057,0.0,5.2
2021-08-08 04:51:39.616314,3110994,0.0,0.0
2021-08-08 04:51:39.616314,3111057,0.0,5.2
2021-08-08 04:51:39.773631,3110994,0.0,0.0
2021-08-08 04:51:39.773631,3111057,0.0,5.2
2021-08-08 04:51:39.930913,3110994,0.0,0.0
2021-08-08 04:51:39.930913,3111057,0.0,5.2
2021-08-08 04:51:40.088195,3110994,0.0,0.0
2021-08-08 04:51:40.088195,3111057,0.0,5.2
2021-08-08 04:51:40.245368,3110994,0.0,0.0
2021-08-08 04:51:40.245368,3111057,0.0,5.2
2021-08-08 04:51:40.402691,3110994,0.0,0.0
2021-08-08 04:51:40.402691,3111057,0.0,5.2
2021-08-08 04:51:40.559980,3110994,0.0,0.0
2021-08-08 04:51:40.559980,3111057,0.0,5.2
2021-08-08 04:51:40.717250,3110994,0.0,0.0
2021-08-08 04:51:40.717250,3111057,0.0,5.2
2021-08-08 04:51:40.874525,3110994,0.0,0.0
2021-08-08 04:51:40.874525,3111057,0.0,5.2
2021-08-08 04:51:41.031751,3110994,0.0,0.0
2021-08-08 04:51:41.031751,3111057,0.0,5.2
2021-08-08 04:51:41.189004,3110994,0.0,0.0
2021-08-08 04:51:41.189004,3111057,0.0,5.2
2021-08-08 04:51:41.346351,3110994,0.0,0.0
2021-08-08 04:51:41.346351,3111057,0.0,5.2
2021-08-08 04:51:41.503656,3110994,0.0,0.0
2021-08-08 04:51:41.503656,3111057,0.0,5.2
2021-08-08 04:51:41.660932,3110994,0.0,0.0
2021-08-08 04:51:41.660932,3111057,0.0,5.2
2021-08-08 04:51:41.818164,3110994,0.0,0.0
2021-08-08 04:51:41.818164,3111057,0.0,5.2
2021-08-08 04:51:41.975468,3110994,0.0,0.0
2021-08-08 04:51:41.975468,3111057,0.0,5.2
2021-08-08 04:51:42.132796,3111057,6.7,5.2
2021-08-08 04:51:42.132796,3110994,0.0,0.0
2021-08-08 04:51:42.290161,3110994,0.0,0.0
2021-08-08 04:51:42.290161,3111057,0.0,5.2
2021-08-08 04:51:42.447390,3110994,0.0,0.0
2021-08-08 04:51:42.447390,3111057,0.0,5.2
2021-08-08 04:51:42.604687,3110994,0.0,0.0
2021-08-08 04:51:42.604687,3111057,0.0,5.2
2021-08-08 04:51:42.762213,3110994,0.0,0.0
2021-08-08 04:51:42.762213,3111057,0.0,5.2
2021-08-08 04:51:42.919594,3110994,0.0,0.0
2021-08-08 04:51:42.919594,3111057,0.0,5.2
2021-08-08 04:51:43.076897,3110994,0.0,0.0
2021-08-08 04:51:43.076897,3111057,0.0,5.2
2021-08-08 04:51:43.234256,3110994,0.0,0.0
2021-08-08 04:51:43.234256,3111057,0.0,5.2
2021-08-08 04:51:43.391588,3110994,0.0,0.0
2021-08-08 04:51:43.391588,3111057,0.0,5.2
2021-08-08 04:51:43.548848,3110994,0.0,0.0
2021-08-08 04:51:43.548848,3111057,0.0,5.2
2021-08-08 04:51:43.706117,3110994,0.0,0.0
2021-08-08 04:51:43.706117,3111057,0.0,5.2
2021-08-08 04:51:43.863322,3110994,0.0,0.0
2021-08-08 04:51:43.863322,3111057,0.0,5.2
2021-08-08 04:51:44.020564,3110994,0.0,0.0
2021-08-08 04:51:44.020564,3111057,0.0,5.2
2021-08-08 04:51:44.177857,3110994,0.0,0.0
2021-08-08 04:51:44.177857,3111057,0.0,5.2
2021-08-08 04:51:44.335192,3110994,0.0,0.0
2021-08-08 04:51:44.335192,3111057,0.0,5.2
2021-08-08 04:51:44.492550,3110994,0.0,0.0
2021-08-08 04:51:44.492550,3111057,0.0,5.2
2021-08-08 04:51:44.649978,3110994,0.0,0.0
2021-08-08 04:51:44.649978,3111057,0.0,5.2
2021-08-08 04:51:44.807273,3110994,0.0,0.0
2021-08-08 04:51:44.807273,3111057,0.0,5.2
2021-08-08 04:51:44.964551,3110994,0.0,0.0
2021-08-08 04:51:44.964551,3111057,0.0,5.2
2021-08-08 04:51:45.122043,3110994,0.0,0.0
2021-08-08 04:51:45.122043,3111057,0.0,5.2
2021-08-08 04:51:45.279226,3110994,0.0,0.0
2021-08-08 04:51:45.279226,3111057,0.0,5.2
2021-08-08 04:51:45.436583,3110994,0.0,0.0
2021-08-08 04:51:45.436583,3111057,0.0,5.2
2021-08-08 04:51:45.594126,3110994,0.0,0.0
2021-08-08 04:51:45.594126,3111057,0.0,5.2
2021-08-08 04:51:45.751303,3110994,0.0,0.0
2021-08-08 04:51:45.751303,3111057,0.0,5.2
2021-08-08 04:51:45.908341,3110994,0.0,0.0
2021-08-08 04:51:45.908341,3111057,0.0,5.2
2021-08-08 04:51:46.065259,3110994,0.0,0.0
2021-08-08 04:51:46.065259,3111057,0.0,5.2
2021-08-08 04:51:46.222504,3110994,0.0,0.0
2021-08-08 04:51:46.222504,3111057,0.0,5.2
2021-08-08 04:51:46.380111,3110994,0.0,0.0
2021-08-08 04:51:46.380111,3111057,0.0,5.2
2021-08-08 04:51:46.537460,3110994,0.0,0.0
2021-08-08 04:51:46.537460,3111057,0.0,5.2
2021-08-08 04:51:46.694778,3110994,0.0,0.0
2021-08-08 04:51:46.694778,3111057,0.0,5.2
2021-08-08 04:51:46.852066,3110994,0.0,0.0
2021-08-08 04:51:46.852066,3111057,0.0,5.2
2021-08-08 04:51:47.009601,3110994,0.0,0.0
2021-08-08 04:51:47.009601,3111057,0.0,5.2
2021-08-08 04:51:47.166962,3110994,0.0,0.0
2021-08-08 04:51:47.166962,3111057,0.0,5.2
2021-08-08 04:51:47.324344,3110994,0.0,0.0
2021-08-08 04:51:47.324344,3111057,0.0,5.2
2021-08-08 04:51:47.481691,3110994,0.0,0.0
2021-08-08 04:51:47.481691,3111057,0.0,5.2
2021-08-08 04:51:47.638949,3110994,0.0,0.0
2021-08-08 04:51:47.638949,3111057,0.0,5.2
2021-08-08 04:51:47.796455,3110994,0.0,0.0
2021-08-08 04:51:47.796455,3111057,0.0,5.2
2021-08-08 04:51:47.953505,3110994,0.0,0.0
2021-08-08 04:51:47.953505,3111057,0.0,5.2
2021-08-08 04:51:48.110785,3110994,0.0,0.0
2021-08-08 04:51:48.110785,3111057,0.0,5.2
2021-08-08 04:51:48.268084,3110994,0.0,0.0
2021-08-08 04:51:48.268084,3111057,0.0,5.2
2021-08-08 04:51:48.425328,3110994,0.0,0.0
2021-08-08 04:51:48.425328,3111057,0.0,5.2
2021-08-08 04:51:48.582783,3110994,0.0,0.0
2021-08-08 04:51:48.582783,3111057,0.0,5.2
2021-08-08 04:51:48.740155,3110994,0.0,0.0
2021-08-08 04:51:48.740155,3111057,0.0,5.2
2021-08-08 04:51:48.897530,3110994,0.0,0.0
2021-08-08 04:51:48.897530,3111057,0.0,5.2
2021-08-08 04:51:49.055142,3110994,0.0,0.0
2021-08-08 04:51:49.055142,3111057,0.0,5.2
2021-08-08 04:51:49.212460,3110994,0.0,0.0
2021-08-08 04:51:49.212460,3111057,0.0,5.2
2021-08-08 04:51:49.369834,3110994,0.0,0.0
2021-08-08 04:51:49.369834,3111057,0.0,5.2
2021-08-08 04:51:49.527182,3110994,0.0,0.0
2021-08-08 04:51:49.527182,3111057,0.0,5.2
2021-08-08 04:51:49.684486,3110994,0.0,0.0
2021-08-08 04:51:49.684486,3111057,0.0,5.2
2021-08-08 04:51:49.841462,3110994,0.0,0.0
2021-08-08 04:51:49.841462,3111057,0.0,5.2
2021-08-08 04:51:49.998871,3110994,0.0,0.0
2021-08-08 04:51:49.998871,3111057,0.0,5.2
2021-08-08 04:51:50.156537,3110994,0.0,0.0
2021-08-08 04:51:50.156537,3111057,0.0,5.2
2021-08-08 04:51:50.313849,3110994,0.0,0.0
2021-08-08 04:51:50.313849,3111057,0.0,5.2
2021-08-08 04:51:50.471116,3110994,0.0,0.0
2021-08-08 04:51:50.471116,3111057,0.0,5.2
2021-08-08 04:51:50.628441,3110994,0.0,0.0
2021-08-08 04:51:50.628441,3111057,0.0,5.2
2021-08-08 04:51:50.785829,3110994,0.0,0.0
2021-08-08 04:51:50.785829,3111057,0.0,5.2
2021-08-08 04:51:50.943097,3110994,0.0,0.0
2021-08-08 04:51:50.943097,3111057,0.0,5.2
2021-08-08 04:51:51.100398,3110994,0.0,0.0
2021-08-08 04:51:51.100398,3111057,0.0,5.2
2021-08-08 04:51:51.257762,3110994,0.0,0.0
2021-08-08 04:51:51.257762,3111057,0.0,5.2
2021-08-08 04:51:51.415277,3110994,0.0,0.0
2021-08-08 04:51:51.415277,3111057,0.0,5.2
2021-08-08 04:51:51.572610,3110994,0.0,0.0
2021-08-08 04:51:51.572610,3111057,0.0,5.2
2021-08-08 04:51:51.729835,3110994,0.0,0.0
2021-08-08 04:51:51.729835,3111057,0.0,5.2
2021-08-08 04:51:51.887146,3110994,0.0,0.0
2021-08-08 04:51:51.887146,3111057,0.0,5.2
2021-08-08 04:51:52.044468,3110994,0.0,0.0
2021-08-08 04:51:52.044468,3111057,0.0,5.2
2021-08-08 04:51:52.201730,3110994,0.0,0.0
2021-08-08 04:51:52.201730,3111057,0.0,5.2
2021-08-08 04:51:52.358844,3110994,0.0,0.0
2021-08-08 04:51:52.358844,3111057,0.0,5.2
2021-08-08 04:51:52.516522,3110994,0.0,0.0
2021-08-08 04:51:52.516522,3111057,0.0,5.2
2021-08-08 04:51:52.673737,3110994,0.0,0.0
2021-08-08 04:51:52.673737,3111057,0.0,5.2
2021-08-08 04:51:52.831078,3110994,0.0,0.0
2021-08-08 04:51:52.831078,3111057,0.0,5.2
2021-08-08 04:51:52.988845,3110994,0.0,0.0
2021-08-08 04:51:52.988845,3111057,0.0,5.2
2021-08-08 04:51:53.146171,3110994,0.0,0.0
2021-08-08 04:51:53.146171,3111057,0.0,5.2
2021-08-08 04:51:53.303543,3110994,0.0,0.0
2021-08-08 04:51:53.303543,3111057,0.0,5.2
2021-08-08 04:51:53.460979,3110994,0.0,0.0
2021-08-08 04:51:53.460979,3111057,0.0,5.2
2021-08-08 04:51:53.618226,3110994,0.0,0.0
2021-08-08 04:51:53.618226,3111057,0.0,5.2
2021-08-08 04:51:53.775549,3110994,0.0,0.0
2021-08-08 04:51:53.775549,3111057,0.0,5.2
2021-08-08 04:51:53.932854,3110994,0.0,0.0
2021-08-08 04:51:53.932854,3111057,0.0,5.2
2021-08-08 04:51:54.090630,3110994,0.0,0.0
2021-08-08 04:51:54.090630,3111057,0.0,5.2
2021-08-08 04:51:54.247966,3110994,0.0,0.0
2021-08-08 04:51:54.247966,3111057,0.0,5.2
2021-08-08 04:51:54.405322,3110994,0.0,0.0
2021-08-08 04:51:54.405322,3111057,0.0,5.2
2021-08-08 04:51:54.562591,3110994,0.0,0.0
2021-08-08 04:51:54.562591,3111057,0.0,5.2
2021-08-08 04:51:54.719866,3110994,0.0,0.0
2021-08-08 04:51:54.719866,3111057,0.0,5.2
2021-08-08 04:51:54.876967,3110994,0.0,0.0
2021-08-08 04:51:54.876967,3111057,0.0,5.2
2021-08-08 04:51:55.033881,3110994,0.0,0.0
2021-08-08 04:51:55.033881,3111057,0.0,5.2
2021-08-08 04:51:55.191221,3110994,0.0,0.0
2021-08-08 04:51:55.191221,3111057,0.0,5.2
2021-08-08 04:51:55.348598,3110994,0.0,0.0
2021-08-08 04:51:55.348598,3111057,0.0,5.2
2021-08-08 04:51:55.505848,3110994,0.0,0.0
2021-08-08 04:51:55.505848,3111057,0.0,5.2
2021-08-08 04:51:55.663196,3110994,0.0,0.0
2021-08-08 04:51:55.663196,3111057,0.0,5.2
2021-08-08 04:51:55.820351,3110994,0.0,0.0
2021-08-08 04:51:55.820351,3111057,0.0,5.2
2021-08-08 04:51:55.977575,3110994,0.0,0.0
2021-08-08 04:51:55.977575,3111057,0.0,5.2
2021-08-08 04:51:56.134868,3110994,0.0,0.0
2021-08-08 04:51:56.134868,3111057,0.0,5.2
2021-08-08 04:51:56.292153,3110994,0.0,0.0
2021-08-08 04:51:56.292153,3111057,0.0,5.2
2021-08-08 04:51:56.449643,3110994,0.0,0.0
2021-08-08 04:51:56.449643,3111057,0.0,5.2
2021-08-08 04:51:56.606939,3110994,0.0,0.0
2021-08-08 04:51:56.606939,3111057,0.0,5.2
2021-08-08 04:51:56.764198,3110994,0.0,0.0
2021-08-08 04:51:56.764198,3111057,0.0,5.2
2021-08-08 04:51:56.921473,3110994,0.0,0.0
2021-08-08 04:51:56.921473,3111057,0.0,5.2
2021-08-08 04:51:57.078799,3110994,0.0,0.0
2021-08-08 04:51:57.078799,3111057,0.0,5.2
2021-08-08 04:51:57.236091,3110994,0.0,0.0
2021-08-08 04:51:57.236091,3111057,0.0,5.2
2021-08-08 04:51:57.393155,3110994,0.0,0.0
2021-08-08 04:51:57.393155,3111057,0.0,5.2
2021-08-08 04:51:57.550618,3110994,0.0,0.0
2021-08-08 04:51:57.550618,3111057,0.0,5.2
2021-08-08 04:51:57.707997,3110994,0.0,0.0
2021-08-08 04:51:57.707997,3111057,0.0,5.2
2021-08-08 04:51:57.865392,3110994,0.0,0.0
2021-08-08 04:51:57.865392,3111057,0.0,5.2
2021-08-08 04:51:58.022793,3110994,0.0,0.0
2021-08-08 04:51:58.022793,3111057,0.0,5.2
2021-08-08 04:51:58.180097,3110994,0.0,0.0
2021-08-08 04:51:58.180097,3111057,0.0,5.2
2021-08-08 04:51:58.337218,3110994,0.0,0.0
2021-08-08 04:51:58.337218,3111057,0.0,5.2
2021-08-08 04:51:58.494148,3110994,0.0,0.0
2021-08-08 04:51:58.494148,3111057,0.0,5.2
2021-08-08 04:51:58.651378,3110994,0.0,0.0
2021-08-08 04:51:58.651378,3111057,0.0,5.2
2021-08-08 04:51:58.808775,3110994,0.0,0.0
2021-08-08 04:51:58.808775,3111057,0.0,5.2
2021-08-08 04:51:58.966385,3110994,0.0,0.0
2021-08-08 04:51:58.966385,3111057,0.0,5.2
2021-08-08 04:51:59.123789,3110994,0.0,0.0
2021-08-08 04:51:59.123789,3111057,0.0,5.2
2021-08-08 04:51:59.281231,3110994,0.0,0.0
2021-08-08 04:51:59.281231,3111057,0.0,5.2
2021-08-08 04:51:59.438490,3110994,0.0,0.0
2021-08-08 04:51:59.438490,3111057,0.0,5.2
2021-08-08 04:51:59.595786,3110994,0.0,0.0
2021-08-08 04:51:59.595786,3111057,0.0,5.2
2021-08-08 04:51:59.753034,3110994,0.0,0.0
2021-08-08 04:51:59.753034,3111057,0.0,5.2
2021-08-08 04:51:59.910477,3110994,0.0,0.0
2021-08-08 04:51:59.910477,3111057,0.0,5.2
2021-08-08 04:52:00.067810,3110994,0.0,0.0
2021-08-08 04:52:00.067810,3111057,0.0,5.2
2021-08-08 04:52:00.225270,3110994,0.0,0.0
2021-08-08 04:52:00.225270,3111057,0.0,5.2
2021-08-08 04:52:00.382765,3110994,0.0,0.0
2021-08-08 04:52:00.382765,3111057,0.0,5.2
2021-08-08 04:52:00.540102,3110994,0.0,0.0
2021-08-08 04:52:00.540102,3111057,0.0,5.2
2021-08-08 04:52:00.697141,3110994,0.0,0.0
2021-08-08 04:52:00.697141,3111057,0.0,5.2
2021-08-08 04:52:00.854446,3110994,0.0,0.0
2021-08-08 04:52:00.854446,3111057,0.0,5.2
2021-08-08 04:52:01.011753,3110994,0.0,0.0
2021-08-08 04:52:01.011753,3111057,0.0,5.2
2021-08-08 04:52:01.168962,3110994,0.0,0.0
2021-08-08 04:52:01.168962,3111057,0.0,5.2
2021-08-08 04:52:01.326227,3110994,0.0,0.0
2021-08-08 04:52:01.326227,3111057,0.0,5.2
2021-08-08 04:52:01.483483,3110994,0.0,0.0
2021-08-08 04:52:01.483483,3111057,0.0,5.2
2021-08-08 04:52:01.640827,3110994,0.0,0.0
2021-08-08 04:52:01.640827,3111057,0.0,5.2
2021-08-08 04:52:01.797958,3110994,0.0,0.0
2021-08-08 04:52:01.797958,3111057,0.0,5.2
2021-08-08 04:52:01.955688,3110994,0.0,0.0
2021-08-08 04:52:01.955688,3111057,0.0,5.2
2021-08-08 04:52:02.113155,3110994,0.0,0.0
2021-08-08 04:52:02.113155,3111057,0.0,5.2
2021-08-08 04:52:02.270336,3110994,0.0,0.0
2021-08-08 04:52:02.270336,3111057,0.0,5.2
2021-08-08 04:52:02.427796,3110994,0.0,0.0
2021-08-08 04:52:02.427796,3111057,0.0,5.2
2021-08-08 04:52:02.585076,3110994,0.0,0.0
2021-08-08 04:52:02.585076,3111057,0.0,5.2
2021-08-08 04:52:02.742571,3110994,0.0,0.0
2021-08-08 04:52:02.742571,3111057,0.0,5.2
2021-08-08 04:52:02.900067,3110994,0.0,0.0
2021-08-08 04:52:02.900067,3111057,0.0,5.2
2021-08-08 04:52:03.057387,3110994,0.0,0.0
2021-08-08 04:52:03.057387,3111057,0.0,5.2
2021-08-08 04:52:03.214671,3110994,0.0,0.0
2021-08-08 04:52:03.214671,3111057,0.0,5.2
2021-08-08 04:52:03.371989,3110994,0.0,0.0
2021-08-08 04:52:03.371989,3111057,0.0,5.2
2021-08-08 04:52:03.529136,3110994,0.0,0.0
2021-08-08 04:52:03.529136,3111057,0.0,5.2
2021-08-08 04:52:03.686343,3110994,0.0,0.0
2021-08-08 04:52:03.686343,3111057,0.0,5.2
2021-08-08 04:52:03.843560,3110994,0.0,0.0
2021-08-08 04:52:03.843560,3111057,0.0,5.2
2021-08-08 04:52:04.001121,3110994,0.0,0.0
2021-08-08 04:52:04.001121,3111057,0.0,5.2
2021-08-08 04:52:04.158456,3110994,0.0,0.0
2021-08-08 04:52:04.158456,3111057,0.0,5.2
2021-08-08 04:52:04.315744,3110994,0.0,0.0
2021-08-08 04:52:04.315744,3111057,0.0,5.2
2021-08-08 04:52:04.473281,3110994,0.0,0.0
2021-08-08 04:52:04.473281,3111057,0.0,5.2
2021-08-08 04:52:04.630520,3110994,0.0,0.0
2021-08-08 04:52:04.630520,3111057,0.0,5.2
2021-08-08 04:52:04.787949,3110994,0.0,0.0
2021-08-08 04:52:04.787949,3111057,0.0,5.2
2021-08-08 04:52:04.945260,3110994,0.0,0.0
2021-08-08 04:52:04.945260,3111057,0.0,5.2
2021-08-08 04:52:05.102772,3110994,0.0,0.0
2021-08-08 04:52:05.102772,3111057,0.0,5.2
2021-08-08 04:52:05.260153,3110994,0.0,0.0
2021-08-08 04:52:05.260153,3111057,0.0,5.2
2021-08-08 04:52:05.417223,3110994,0.0,0.0
2021-08-08 04:52:05.417223,3111057,0.0,5.2
2021-08-08 04:52:05.574514,3110994,0.0,0.0
2021-08-08 04:52:05.574514,3111057,0.0,5.2
2021-08-08 04:52:05.731800,3110994,0.0,0.0
2021-08-08 04:52:05.731800,3111057,0.0,5.2
2021-08-08 04:52:05.889105,3110994,0.0,0.0
2021-08-08 04:52:05.889105,3111057,0.0,5.2
2021-08-08 04:52:06.046375,3110994,0.0,0.0
2021-08-08 04:52:06.046375,3111057,0.0,5.2
2021-08-08 04:52:06.203766,3110994,0.0,0.0
2021-08-08 04:52:06.203766,3111057,0.0,5.2
2021-08-08 04:52:06.361127,3110994,0.0,0.0
2021-08-08 04:52:06.361127,3111057,0.0,5.2
2021-08-08 04:52:06.518430,3110994,0.0,0.0
2021-08-08 04:52:06.518430,3111057,0.0,5.2
2021-08-08 04:52:06.675730,3110994,0.0,0.0
2021-08-08 04:52:06.675730,3111057,0.0,5.2
2021-08-08 04:52:06.833007,3110994,0.0,0.0
2021-08-08 04:52:06.833007,3111057,0.0,5.2
2021-08-08 04:52:06.990330,3110994,0.0,0.0
2021-08-08 04:52:06.990330,3111057,0.0,5.2
2021-08-08 04:52:07.147645,3110994,0.0,0.0
2021-08-08 04:52:07.147645,3111057,0.0,5.2
2021-08-08 04:52:07.305059,3110994,0.0,0.0
2021-08-08 04:52:07.305059,3111057,0.0,5.2
2021-08-08 04:52:07.462216,3110994,0.0,0.0
2021-08-08 04:52:07.462216,3111057,0.0,5.2
2021-08-08 04:52:07.619895,3110994,0.0,0.0
2021-08-08 04:52:07.619895,3111057,0.0,5.2
2021-08-08 04:52:07.777184,3110994,0.0,0.0
2021-08-08 04:52:07.777184,3111057,0.0,5.2
2021-08-08 04:52:07.934687,3110994,0.0,0.0
2021-08-08 04:52:07.934687,3111057,0.0,5.2
2021-08-08 04:52:08.091984,3110994,0.0,0.0
2021-08-08 04:52:08.091984,3111057,0.0,5.2
2021-08-08 04:52:08.249283,3110994,0.0,0.0
2021-08-08 04:52:08.249283,3111057,0.0,5.2
2021-08-08 04:52:08.406652,3110994,0.0,0.0
2021-08-08 04:52:08.406652,3111057,0.0,5.2
2021-08-08 04:52:08.564007,3110994,0.0,0.0
2021-08-08 04:52:08.564007,3111057,0.0,5.2
2021-08-08 04:52:08.721252,3110994,0.0,0.0
2021-08-08 04:52:08.721252,3111057,0.0,5.2
2021-08-08 04:52:08.878683,3110994,0.0,0.0
2021-08-08 04:52:08.878683,3111057,0.0,5.2
2021-08-08 04:52:09.036361,3110994,0.0,0.0
2021-08-08 04:52:09.036361,3111057,0.0,5.2
2021-08-08 04:52:09.193844,3110994,0.0,0.0
2021-08-08 04:52:09.193844,3111057,0.0,5.2
2021-08-08 04:52:09.351150,3110994,0.0,0.0
2021-08-08 04:52:09.351150,3111057,0.0,5.2
2021-08-08 04:52:09.508395,3110994,0.0,0.0
2021-08-08 04:52:09.508395,3111057,0.0,5.2
2021-08-08 04:52:09.665675,3110994,0.0,0.0
2021-08-08 04:52:09.665675,3111057,0.0,5.2
2021-08-08 04:52:09.822891,3110994,0.0,0.0
2021-08-08 04:52:09.822891,3111057,0.0,5.2
2021-08-08 04:52:09.980191,3110994,0.0,0.0
2021-08-08 04:52:09.980191,3111057,0.0,5.2
2021-08-08 04:52:10.137830,3110994,0.0,0.0
2021-08-08 04:52:10.137830,3111057,0.0,5.2
2021-08-08 04:52:10.295531,3110994,0.0,0.0
2021-08-08 04:52:10.295531,3111057,0.0,5.2
2021-08-08 04:52:10.453370,3110994,0.0,0.0
2021-08-08 04:52:10.453370,3111057,0.0,5.2
2021-08-08 04:52:10.610920,3110994,0.0,0.0
2021-08-08 04:52:10.610920,3111057,0.0,5.2
2021-08-08 04:52:10.768314,3110994,0.0,0.0
2021-08-08 04:52:10.768314,3111057,0.0,5.2
2021-08-08 04:52:10.925632,3110994,0.0,0.0
2021-08-08 04:52:10.925632,3111057,0.0,5.2
2021-08-08 04:52:11.082902,3110994,0.0,0.0
2021-08-08 04:52:11.082902,3111057,0.0,5.2
2021-08-08 04:52:11.240226,3110994,0.0,0.0
2021-08-08 04:52:11.240226,3111057,0.0,5.2
2021-08-08 04:52:11.397609,3110994,0.0,0.0
2021-08-08 04:52:11.397609,3111057,0.0,5.2
2021-08-08 04:52:11.554899,3110994,0.0,0.0
2021-08-08 04:52:11.554899,3111057,0.0,5.2
2021-08-08 04:52:11.712201,3110994,0.0,0.0
2021-08-08 04:52:11.712201,3111057,0.0,5.2
2021-08-08 04:52:11.869268,3110994,0.0,0.0
2021-08-08 04:52:11.869268,3111057,0.0,5.2
2021-08-08 04:52:12.026775,3110994,0.0,0.0
2021-08-08 04:52:12.026775,3111057,0.0,5.2
2021-08-08 04:52:12.184100,3110994,0.0,0.0
2021-08-08 04:52:12.184100,3111057,0.0,5.2
2021-08-08 04:52:12.341512,3110994,0.0,0.0
2021-08-08 04:52:12.341512,3111057,0.0,5.2
2021-08-08 04:52:12.498775,3110994,0.0,0.0
2021-08-08 04:52:12.498775,3111057,0.0,5.2
2021-08-08 04:52:12.655881,3110994,0.0,0.0
2021-08-08 04:52:12.655881,3111057,0.0,5.2
2021-08-08 04:52:12.812684,3110994,0.0,0.0
2021-08-08 04:52:12.812684,3111057,0.0,5.2
2021-08-08 04:52:12.970015,3111057,6.7,5.2
2021-08-08 04:52:12.970015,3110994,0.0,0.0
2021-08-08 04:52:13.127393,3110994,0.0,0.0
2021-08-08 04:52:13.127393,3111057,0.0,5.2
2021-08-08 04:52:13.284625,3110994,0.0,0.0
2021-08-08 04:52:13.284625,3111057,0.0,5.2
2021-08-08 04:52:13.442110,3110994,0.0,0.0
2021-08-08 04:52:13.442110,3111057,0.0,5.2
2021-08-08 04:52:13.599382,3110994,0.0,0.0
2021-08-08 04:52:13.599382,3111057,0.0,5.2
2021-08-08 04:52:13.756667,3110994,0.0,0.0
2021-08-08 04:52:13.756667,3111057,0.0,5.2
2021-08-08 04:52:13.914191,3110994,0.0,0.0
2021-08-08 04:52:13.914191,3111057,0.0,5.2
2021-08-08 04:52:14.071511,3110994,0.0,0.0
2021-08-08 04:52:14.071511,3111057,0.0,5.2
2021-08-08 04:52:14.228903,3110994,0.0,0.0
2021-08-08 04:52:14.228903,3111057,0.0,5.2
2021-08-08 04:52:14.386492,3110994,0.0,0.0
2021-08-08 04:52:14.386492,3111057,0.0,5.2
2021-08-08 04:52:14.544033,3110994,0.0,0.0
2021-08-08 04:52:14.544033,3111057,0.0,5.2
2021-08-08 04:52:14.701442,3110994,0.0,0.0
2021-08-08 04:52:14.701442,3111057,0.0,5.2
2021-08-08 04:52:14.858799,3110994,0.0,0.0
2021-08-08 04:52:14.858799,3111057,0.0,5.2
2021-08-08 04:52:15.016176,3110994,0.0,0.0
2021-08-08 04:52:15.016176,3111057,0.0,5.2
2021-08-08 04:52:15.173515,3110994,0.0,0.0
2021-08-08 04:52:15.173515,3111057,0.0,5.2
2021-08-08 04:52:15.330750,3110994,0.0,0.0
2021-08-08 04:52:15.330750,3111057,0.0,5.2
2021-08-08 04:52:15.488051,3110994,0.0,0.0
2021-08-08 04:52:15.488051,3111057,0.0,5.2
2021-08-08 04:52:15.645380,3110994,0.0,0.0
2021-08-08 04:52:15.645380,3111057,0.0,5.2
2021-08-08 04:52:15.802683,3110994,0.0,0.0
2021-08-08 04:52:15.802683,3111057,0.0,5.2
2021-08-08 04:52:15.960225,3110994,0.0,0.0
2021-08-08 04:52:15.960225,3111057,0.0,5.2
2021-08-08 04:52:16.117430,3110994,0.0,0.0
2021-08-08 04:52:16.117430,3111057,0.0,5.2
2021-08-08 04:52:16.274706,3110994,0.0,0.0
2021-08-08 04:52:16.274706,3111057,0.0,5.2
2021-08-08 04:52:16.432017,3110994,0.0,0.0
2021-08-08 04:52:16.432017,3111057,0.0,5.2
2021-08-08 04:52:16.589064,3110994,0.0,0.0
2021-08-08 04:52:16.589064,3111057,0.0,5.2
2021-08-08 04:52:16.746338,3110994,0.0,0.0
2021-08-08 04:52:16.746338,3111057,0.0,5.2
2021-08-08 04:52:16.903685,3110994,0.0,0.0
2021-08-08 04:52:16.903685,3111057,0.0,5.2
2021-08-08 04:52:17.061346,3110994,0.0,0.0
2021-08-08 04:52:17.061346,3111057,0.0,5.2
2021-08-08 04:52:17.218666,3110994,0.0,0.0
2021-08-08 04:52:17.218666,3111057,0.0,5.2
2021-08-08 04:52:17.376039,3110994,0.0,0.0
2021-08-08 04:52:17.376039,3111057,0.0,5.2
2021-08-08 04:52:17.533355,3110994,0.0,0.0
2021-08-08 04:52:17.533355,3111057,0.0,5.2
2021-08-08 04:52:17.690613,3110994,0.0,0.0
2021-08-08 04:52:17.690613,3111057,0.0,5.2
2021-08-08 04:52:17.847919,3110994,0.0,0.0
2021-08-08 04:52:17.847919,3111057,0.0,5.2
2021-08-08 04:52:18.005017,3110994,0.0,0.0
2021-08-08 04:52:18.005017,3111057,0.0,5.2
2021-08-08 04:52:18.162325,3110994,0.0,0.0
2021-08-08 04:52:18.162325,3111057,0.0,5.2
2021-08-08 04:52:18.319670,3110994,0.0,0.0
2021-08-08 04:52:18.319670,3111057,0.0,5.2
2021-08-08 04:52:18.476805,3110994,0.0,0.0
2021-08-08 04:52:18.476805,3111057,0.0,5.2
2021-08-08 04:52:18.633803,3110994,0.0,0.0
2021-08-08 04:52:18.633803,3111057,0.0,5.2
2021-08-08 04:52:18.791142,3110994,0.0,0.0
2021-08-08 04:52:18.791142,3111057,0.0,5.2
2021-08-08 04:52:18.948472,3110994,0.0,0.0
2021-08-08 04:52:18.948472,3111057,0.0,5.2
2021-08-08 04:52:19.105757,3110994,0.0,0.0
2021-08-08 04:52:19.105757,3111057,0.0,5.2
2021-08-08 04:52:19.263098,3110994,0.0,0.0
2021-08-08 04:52:19.263098,3111057,0.0,5.2
2021-08-08 04:52:19.420437,3110994,0.0,0.0
2021-08-08 04:52:19.420437,3111057,0.0,5.2
2021-08-08 04:52:19.577907,3110994,0.0,0.0
2021-08-08 04:52:19.577907,3111057,0.0,5.2
2021-08-08 04:52:19.735177,3110994,0.0,0.0
2021-08-08 04:52:19.735177,3111057,0.0,5.2
2021-08-08 04:52:19.892488,3110994,0.0,0.0
2021-08-08 04:52:19.892488,3111057,0.0,5.2
2021-08-08 04:52:20.049835,3110994,0.0,0.0
2021-08-08 04:52:20.049835,3111057,0.0,5.2
2021-08-08 04:52:20.207054,3110994,0.0,0.0
2021-08-08 04:52:20.207054,3111057,0.0,5.2
2021-08-08 04:52:20.364307,3110994,0.0,0.0
2021-08-08 04:52:20.364307,3111057,0.0,5.2
2021-08-08 04:52:20.521523,3110994,0.0,0.0
2021-08-08 04:52:20.521523,3111057,0.0,5.2
2021-08-08 04:52:20.679035,3110994,0.0,0.0
2021-08-08 04:52:20.679035,3111057,0.0,5.2
2021-08-08 04:52:20.836347,3110994,0.0,0.0
2021-08-08 04:52:20.836347,3111057,0.0,5.2
2021-08-08 04:52:20.993629,3110994,0.0,0.0
2021-08-08 04:52:20.993629,3111057,0.0,5.2
2021-08-08 04:52:21.150906,3110994,0.0,0.0
2021-08-08 04:52:21.150906,3111057,0.0,5.2
2021-08-08 04:52:21.308127,3110994,0.0,0.0
2021-08-08 04:52:21.308127,3111057,0.0,5.2
2021-08-08 04:52:21.465414,3110994,0.0,0.0
2021-08-08 04:52:21.465414,3111057,0.0,5.2
2021-08-08 04:52:21.622682,3110994,0.0,0.0
2021-08-08 04:52:21.622682,3111057,0.0,5.2
2021-08-08 04:52:21.780237,3110994,0.0,0.0
2021-08-08 04:52:21.780237,3111057,0.0,5.2
2021-08-08 04:52:21.937579,3110994,0.0,0.0
2021-08-08 04:52:21.937579,3111057,0.0,5.2
2021-08-08 04:52:22.094724,3110994,0.0,0.0
2021-08-08 04:52:22.094724,3111057,0.0,5.2
2021-08-08 04:52:22.251891,3110994,0.0,0.0
2021-08-08 04:52:22.251891,3111057,0.0,5.2
2021-08-08 04:52:22.409252,3111057,6.7,5.2
2021-08-08 04:52:22.409252,3110994,0.0,0.0
2021-08-08 04:52:22.566478,3110994,0.0,0.0
2021-08-08 04:52:22.566478,3111057,0.0,5.2
2021-08-08 04:52:22.723734,3110994,0.0,0.0
2021-08-08 04:52:22.723734,3111057,0.0,5.2
2021-08-08 04:52:22.881031,3110994,0.0,0.0
2021-08-08 04:52:22.881031,3111057,0.0,5.2
2021-08-08 04:52:23.038555,3110994,0.0,0.0
2021-08-08 04:52:23.038555,3111057,0.0,5.2
2021-08-08 04:52:23.195867,3110994,0.0,0.0
2021-08-08 04:52:23.195867,3111057,0.0,5.2
2021-08-08 04:52:23.353242,3110994,0.0,0.0
2021-08-08 04:52:23.353242,3111057,0.0,5.2
2021-08-08 04:52:23.510490,3110994,0.0,0.0
2021-08-08 04:52:23.510490,3111057,0.0,5.2
2021-08-08 04:52:23.667780,3110994,0.0,0.0
2021-08-08 04:52:23.667780,3111057,0.0,5.2
2021-08-08 04:52:23.825076,3110994,0.0,0.0
2021-08-08 04:52:23.825076,3111057,0.0,5.2
2021-08-08 04:52:23.982411,3110994,0.0,0.0
2021-08-08 04:52:23.982411,3111057,0.0,5.2
2021-08-08 04:52:24.139822,3110994,0.0,0.0
2021-08-08 04:52:24.139822,3111057,0.0,5.2
2021-08-08 04:52:24.297188,3110994,0.0,0.0
2021-08-08 04:52:24.297188,3111057,0.0,5.2
2021-08-08 04:52:24.454522,3110994,0.0,0.0
2021-08-08 04:52:24.454522,3111057,0.0,5.2
2021-08-08 04:52:24.611825,3110994,0.0,0.0
2021-08-08 04:52:24.611825,3111057,0.0,5.2
2021-08-08 04:52:24.768933,3110994,0.0,0.0
2021-08-08 04:52:24.768933,3111057,0.0,5.2
2021-08-08 04:52:24.926275,3110994,0.0,0.0
2021-08-08 04:52:24.926275,3111057,0.0,5.2
2021-08-08 04:52:25.083553,3110994,0.0,0.0
2021-08-08 04:52:25.083553,3111057,0.0,5.2
2021-08-08 04:52:25.240699,3110994,0.0,0.0
2021-08-08 04:52:25.240699,3111057,0.0,5.2
2021-08-08 04:52:25.398212,3110994,0.0,0.0
2021-08-08 04:52:25.398212,3111057,0.0,5.2
2021-08-08 04:52:25.555509,3110994,0.0,0.0
2021-08-08 04:52:25.555509,3111057,0.0,5.2
2021-08-08 04:52:25.712823,3110994,0.0,0.0
2021-08-08 04:52:25.712823,3111057,0.0,5.2
2021-08-08 04:52:25.870011,3110994,0.0,0.0
2021-08-08 04:52:25.870011,3111057,0.0,5.2
2021-08-08 04:52:26.027330,3110994,0.0,0.0
2021-08-08 04:52:26.027330,3111057,0.0,5.2
2021-08-08 04:52:26.184697,3110994,0.0,0.0
2021-08-08 04:52:26.184697,3111057,0.0,5.2
2021-08-08 04:52:26.342275,3110994,0.0,0.0
2021-08-08 04:52:26.342275,3111057,0.0,5.2
2021-08-08 04:52:26.499628,3110994,0.0,0.0
2021-08-08 04:52:26.499628,3111057,0.0,5.2
2021-08-08 04:52:26.656891,3110994,0.0,0.0
2021-08-08 04:52:26.656891,3111057,0.0,5.2
2021-08-08 04:52:26.814130,3110994,0.0,0.0
2021-08-08 04:52:26.814130,3111057,0.0,5.2
2021-08-08 04:52:26.971888,3110994,0.0,0.0
2021-08-08 04:52:26.971888,3111057,0.0,5.2
2021-08-08 04:52:27.129205,3110994,0.0,0.0
2021-08-08 04:52:27.129205,3111057,0.0,5.2
2021-08-08 04:52:27.286499,3110994,0.0,0.0
2021-08-08 04:52:27.286499,3111057,0.0,5.2
2021-08-08 04:52:27.443762,3110994,0.0,0.0
2021-08-08 04:52:27.443762,3111057,0.0,5.2
2021-08-08 04:52:27.600899,3110994,0.0,0.0
2021-08-08 04:52:27.600899,3111057,0.0,5.2
2021-08-08 04:52:27.758115,3110994,0.0,0.0
2021-08-08 04:52:27.758115,3111057,0.0,5.2
2021-08-08 04:52:27.915671,3110994,0.0,0.0
2021-08-08 04:52:27.915671,3111057,0.0,5.2
2021-08-08 04:52:28.073074,3110994,0.0,0.0
2021-08-08 04:52:28.073074,3111057,0.0,5.2
2021-08-08 04:52:28.230346,3110994,0.0,0.0
2021-08-08 04:52:28.230346,3111057,0.0,5.2
2021-08-08 04:52:28.387679,3110994,0.0,0.0
2021-08-08 04:52:28.387679,3111057,0.0,5.2
2021-08-08 04:52:28.544967,3110994,0.0,0.0
2021-08-08 04:52:28.544967,3111057,0.0,5.2
2021-08-08 04:52:28.702229,3110994,0.0,0.0
2021-08-08 04:52:28.702229,3111057,0.0,5.2
2021-08-08 04:52:28.859521,3110994,0.0,0.0
2021-08-08 04:52:28.859521,3111057,0.0,5.2
2021-08-08 04:52:29.017077,3110994,0.0,0.0
2021-08-08 04:52:29.017077,3111057,0.0,5.2
2021-08-08 04:52:29.174432,3110994,0.0,0.0
2021-08-08 04:52:29.174432,3111057,0.0,5.2
2021-08-08 04:52:29.331811,3110994,0.0,0.0
2021-08-08 04:52:29.331811,3111057,0.0,5.2
2021-08-08 04:52:29.488196,3110994,0.0,0.0
2021-08-08 04:52:29.488196,3111057,0.0,5.2
2021-08-08 04:52:29.645511,3110994,0.0,0.0
2021-08-08 04:52:29.645511,3111057,0.0,5.2
2021-08-08 04:52:29.802774,3110994,0.0,0.0
2021-08-08 04:52:29.802774,3111057,0.0,5.2
2021-08-08 04:52:29.960131,3110994,0.0,0.0
2021-08-08 04:52:29.960131,3111057,0.0,5.2
2021-08-08 04:52:30.117616,3110994,0.0,0.0
2021-08-08 04:52:30.117616,3111057,0.0,5.2
2021-08-08 04:52:30.275087,3110994,0.0,0.0
2021-08-08 04:52:30.275087,3111057,0.0,5.2
2021-08-08 04:52:30.432343,3110994,0.0,0.0
2021-08-08 04:52:30.432343,3111057,0.0,5.2
2021-08-08 04:52:30.589637,3110994,0.0,0.0
2021-08-08 04:52:30.589637,3111057,0.0,5.2
2021-08-08 04:52:30.746868,3110994,0.0,0.0
2021-08-08 04:52:30.746868,3111057,0.0,5.2
2021-08-08 04:52:30.904210,3110994,0.0,0.0
2021-08-08 04:52:30.904210,3111057,0.0,5.2
2021-08-08 04:52:31.061560,3110994,0.0,0.0
2021-08-08 04:52:31.061560,3111057,0.0,5.2
2021-08-08 04:52:31.218812,3110994,0.0,0.0
2021-08-08 04:52:31.218812,3111057,0.0,5.2
2021-08-08 04:52:31.375960,3110994,0.0,0.0
2021-08-08 04:52:31.375960,3111057,0.0,5.2
2021-08-08 04:52:31.532886,3110994,0.0,0.0
2021-08-08 04:52:31.532886,3111057,0.0,5.2
2021-08-08 04:52:31.689761,3110994,0.0,0.0
2021-08-08 04:52:31.689761,3111057,0.0,5.2
2021-08-08 04:52:31.847011,3110994,0.0,0.0
2021-08-08 04:52:31.847011,3111057,0.0,5.2
2021-08-08 04:52:32.003677,3110994,0.0,0.0
2021-08-08 04:52:32.003677,3111057,0.0,5.2
2021-08-08 04:52:32.161423,3110994,0.0,0.0
2021-08-08 04:52:32.161423,3111057,0.0,5.2
2021-08-08 04:52:32.318983,3110994,0.0,0.0
2021-08-08 04:52:32.318983,3111057,0.0,5.2
2021-08-08 04:52:32.476540,3110994,0.0,0.0
2021-08-08 04:52:32.476540,3111057,0.0,5.2
2021-08-08 04:52:32.634049,3110994,0.0,0.0
2021-08-08 04:52:32.634049,3111057,0.0,5.2
2021-08-08 04:52:32.791320,3110994,0.0,0.0
2021-08-08 04:52:32.791320,3111057,0.0,5.2
2021-08-08 04:52:32.948594,3110994,0.0,0.0
2021-08-08 04:52:32.948594,3111057,0.0,5.2
2021-08-08 04:52:33.105844,3110994,0.0,0.0
2021-08-08 04:52:33.105844,3111057,0.0,5.2
2021-08-08 04:52:33.263172,3110994,0.0,0.0
2021-08-08 04:52:33.263172,3111057,0.0,5.2
2021-08-08 04:52:33.420335,3110994,0.0,0.0
2021-08-08 04:52:33.420335,3111057,0.0,5.2
2021-08-08 04:52:33.577624,3110994,0.0,0.0
2021-08-08 04:52:33.577624,3111057,0.0,5.2
2021-08-08 04:52:33.734857,3110994,0.0,0.0
2021-08-08 04:52:33.734857,3111057,0.0,5.2
2021-08-08 04:52:33.892092,3110994,0.0,0.0
2021-08-08 04:52:33.892092,3111057,0.0,5.2
2021-08-08 04:52:34.049613,3110994,0.0,0.0
2021-08-08 04:52:34.049613,3111057,0.0,5.2
2021-08-08 04:52:34.206866,3110994,0.0,0.0
2021-08-08 04:52:34.206866,3111057,0.0,5.2
2021-08-08 04:52:34.364140,3110994,0.0,0.0
2021-08-08 04:52:34.364140,3111057,0.0,5.2
2021-08-08 04:52:34.521518,3110994,0.0,0.0
2021-08-08 04:52:34.521518,3111057,0.0,5.2
2021-08-08 04:52:34.678750,3110994,0.0,0.0
2021-08-08 04:52:34.678750,3111057,0.0,5.2
2021-08-08 04:52:34.836047,3110994,0.0,0.0
2021-08-08 04:52:34.836047,3111057,0.0,5.2
2021-08-08 04:52:34.993586,3110994,0.0,0.0
2021-08-08 04:52:34.993586,3111057,0.0,5.2
2021-08-08 04:52:35.150857,3110994,0.0,0.0
2021-08-08 04:52:35.150857,3111057,0.0,5.2
2021-08-08 04:52:35.308365,3110994,0.0,0.0
2021-08-08 04:52:35.308365,3111057,0.0,5.2
2021-08-08 04:52:35.465659,3110994,0.0,0.0
2021-08-08 04:52:35.465659,3111057,0.0,5.2
2021-08-08 04:52:35.622902,3110994,0.0,0.0
2021-08-08 04:52:35.622902,3111057,0.0,5.2
2021-08-08 04:52:35.780416,3110994,0.0,0.0
2021-08-08 04:52:35.780416,3111057,0.0,5.2
2021-08-08 04:52:35.937649,3110994,0.0,0.0
2021-08-08 04:52:35.937649,3111057,0.0,5.2
2021-08-08 04:52:36.094957,3110994,0.0,0.0
2021-08-08 04:52:36.094957,3111057,0.0,5.2
2021-08-08 04:52:36.252260,3110994,0.0,0.0
2021-08-08 04:52:36.252260,3111057,0.0,5.2
2021-08-08 04:52:36.409652,3110994,0.0,0.0
2021-08-08 04:52:36.409652,3111057,0.0,5.2
2021-08-08 04:52:36.566929,3110994,0.0,0.0
2021-08-08 04:52:36.566929,3111057,0.0,5.2
2021-08-08 04:52:36.724210,3110994,0.0,0.0
2021-08-08 04:52:36.724210,3111057,0.0,5.2
2021-08-08 04:52:36.881531,3110994,0.0,0.0
2021-08-08 04:52:36.881531,3111057,0.0,5.2
2021-08-08 04:52:37.038780,3110994,0.0,0.0
2021-08-08 04:52:37.038780,3111057,0.0,5.2
2021-08-08 04:52:37.196064,3110994,0.0,0.0
2021-08-08 04:52:37.196064,3111057,0.0,5.2
2021-08-08 04:52:37.353435,3110994,0.0,0.0
2021-08-08 04:52:37.353435,3111057,0.0,5.2
2021-08-08 04:52:37.510673,3110994,0.0,0.0
2021-08-08 04:52:37.510673,3111057,0.0,5.2
2021-08-08 04:52:37.667795,3110994,0.0,0.0
2021-08-08 04:52:37.667795,3111057,0.0,5.2
2021-08-08 04:52:37.824899,3110994,0.0,0.0
2021-08-08 04:52:37.824899,3111057,0.0,5.2
2021-08-08 04:52:37.982451,3110994,0.0,0.0
2021-08-08 04:52:37.982451,3111057,0.0,5.2
2021-08-08 04:52:38.139885,3110994,0.0,0.0
2021-08-08 04:52:38.139885,3111057,0.0,5.2
2021-08-08 04:52:38.297415,3110994,0.0,0.0
2021-08-08 04:52:38.297415,3111057,0.0,5.2
2021-08-08 04:52:38.455015,3110994,0.0,0.0
2021-08-08 04:52:38.455015,3111057,0.0,5.2
2021-08-08 04:52:38.612037,3110994,0.0,0.0
2021-08-08 04:52:38.612037,3111057,0.0,5.2
2021-08-08 04:52:38.769596,3110994,0.0,0.0
2021-08-08 04:52:38.769596,3111057,0.0,5.2
2021-08-08 04:52:38.927036,3110994,0.0,0.0
2021-08-08 04:52:38.927036,3111057,0.0,5.2
2021-08-08 04:52:39.084825,3110994,0.0,0.0
2021-08-08 04:52:39.084825,3111057,0.0,5.2
2021-08-08 04:52:39.242542,3110994,0.0,0.0
2021-08-08 04:52:39.242542,3111057,0.0,5.2
2021-08-08 04:52:39.399983,3110994,0.0,0.0
2021-08-08 04:52:39.399983,3111057,0.0,5.2
2021-08-08 04:52:39.557311,3110994,0.0,0.0
2021-08-08 04:52:39.557311,3111057,0.0,5.2
2021-08-08 04:52:39.714602,3110994,0.0,0.0
2021-08-08 04:52:39.714602,3111057,0.0,5.2
2021-08-08 04:52:39.872176,3110994,0.0,0.0
2021-08-08 04:52:39.872176,3111057,0.0,5.2
2021-08-08 04:52:40.029510,3110994,0.0,0.0
2021-08-08 04:52:40.029510,3111057,0.0,5.2
2021-08-08 04:52:40.186785,3110994,0.0,0.0
2021-08-08 04:52:40.186785,3111057,0.0,5.2
2021-08-08 04:52:40.344116,3110994,0.0,0.0
2021-08-08 04:52:40.344116,3111057,0.0,5.2
2021-08-08 04:52:40.501484,3110994,0.0,0.0
2021-08-08 04:52:40.501484,3111057,0.0,5.2
2021-08-08 04:52:40.658777,3110994,0.0,0.0
2021-08-08 04:52:40.658777,3111057,0.0,5.2
2021-08-08 04:52:40.816094,3110994,0.0,0.0
2021-08-08 04:52:40.816094,3111057,0.0,5.2
2021-08-08 04:52:40.973442,3110994,0.0,0.0
2021-08-08 04:52:40.973442,3111057,0.0,5.2
2021-08-08 04:52:41.131032,3110994,0.0,0.0
2021-08-08 04:52:41.131032,3111057,0.0,5.2
2021-08-08 04:52:41.288491,3110994,0.0,0.0
2021-08-08 04:52:41.288491,3111057,0.0,5.2
2021-08-08 04:52:41.445740,3110994,0.0,0.0
2021-08-08 04:52:41.445740,3111057,0.0,5.2
2021-08-08 04:52:41.603030,3110994,0.0,0.0
2021-08-08 04:52:41.603030,3111057,0.0,5.2
2021-08-08 04:52:41.760315,3110994,0.0,0.0
2021-08-08 04:52:41.760315,3111057,0.0,5.2
2021-08-08 04:52:41.917616,3110994,0.0,0.0
2021-08-08 04:52:41.917616,3111057,0.0,5.2
2021-08-08 04:52:42.074911,3110994,0.0,0.0
2021-08-08 04:52:42.074911,3111057,0.0,5.2
2021-08-08 04:52:42.232211,3110994,0.0,0.0
2021-08-08 04:52:42.232211,3111057,0.0,5.2
2021-08-08 04:52:42.389575,3111057,6.7,5.2
2021-08-08 04:52:42.389575,3110994,0.0,0.0
2021-08-08 04:52:42.546851,3110994,0.0,0.0
2021-08-08 04:52:42.546851,3111057,0.0,5.2
2021-08-08 04:52:42.704162,3110994,0.0,0.0
2021-08-08 04:52:42.704162,3111057,0.0,5.2
2021-08-08 04:52:42.861210,3110994,0.0,0.0
2021-08-08 04:52:42.861210,3111057,0.0,5.2
2021-08-08 04:52:43.018380,3110994,0.0,0.0
2021-08-08 04:52:43.018380,3111057,0.0,5.2
2021-08-08 04:52:43.175683,3110994,0.0,0.0
2021-08-08 04:52:43.175683,3111057,0.0,5.2
2021-08-08 04:52:43.332996,3110994,0.0,0.0
2021-08-08 04:52:43.332996,3111057,0.0,5.2
2021-08-08 04:52:43.490469,3110994,0.0,0.0
2021-08-08 04:52:43.490469,3111057,0.0,5.2
2021-08-08 04:52:43.647782,3110994,0.0,0.0
2021-08-08 04:52:43.647782,3111057,0.0,5.2
2021-08-08 04:52:43.805084,3110994,0.0,0.0
2021-08-08 04:52:43.805084,3111057,0.0,5.2
2021-08-08 04:52:43.962328,3110994,0.0,0.0
2021-08-08 04:52:43.962328,3111057,0.0,5.2
2021-08-08 04:52:44.119616,3110994,0.0,0.0
2021-08-08 04:52:44.119616,3111057,0.0,5.2
2021-08-08 04:52:44.276937,3110994,0.0,0.0
2021-08-08 04:52:44.276937,3111057,0.0,5.2
2021-08-08 04:52:44.433977,3110994,0.0,0.0
2021-08-08 04:52:44.433977,3111057,0.0,5.2
2021-08-08 04:52:44.591115,3110994,0.0,0.0
2021-08-08 04:52:44.591115,3111057,0.0,5.2
2021-08-08 04:52:44.748737,3110994,0.0,0.0
2021-08-08 04:52:44.748737,3111057,0.0,5.2
2021-08-08 04:52:44.905913,3110994,0.0,0.0
2021-08-08 04:52:44.905913,3111057,0.0,5.2
2021-08-08 04:52:45.063390,3110994,0.0,0.0
2021-08-08 04:52:45.063390,3111057,0.0,5.2
2021-08-08 04:52:45.220731,3110994,0.0,0.0
2021-08-08 04:52:45.220731,3111057,0.0,5.2
2021-08-08 04:52:45.378064,3110994,0.0,0.0
2021-08-08 04:52:45.378064,3111057,0.0,5.2
2021-08-08 04:52:45.535324,3110994,0.0,0.0
2021-08-08 04:52:45.535324,3111057,0.0,5.2
2021-08-08 04:52:45.692737,3110994,0.0,0.0
2021-08-08 04:52:45.692737,3111057,0.0,5.2
2021-08-08 04:52:45.849984,3110994,0.0,0.0
2021-08-08 04:52:45.849984,3111057,0.0,5.2
2021-08-08 04:52:46.007256,3110994,0.0,0.0
2021-08-08 04:52:46.007256,3111057,0.0,5.2
2021-08-08 04:52:46.164564,3110994,0.0,0.0
2021-08-08 04:52:46.164564,3111057,0.0,5.2
2021-08-08 04:52:46.321564,3110994,0.0,0.0
2021-08-08 04:52:46.321564,3111057,0.0,5.2
2021-08-08 04:52:46.479356,3110994,0.0,0.0
2021-08-08 04:52:46.479356,3111057,0.0,5.2
2021-08-08 04:52:46.636653,3110994,0.0,0.0
2021-08-08 04:52:46.636653,3111057,0.0,5.2
2021-08-08 04:52:46.794191,3110994,0.0,0.0
2021-08-08 04:52:46.794191,3111057,0.0,5.2
2021-08-08 04:52:46.951569,3110994,0.0,0.0
2021-08-08 04:52:46.951569,3111057,0.0,5.2
2021-08-08 04:52:47.109349,3110994,0.0,0.0
2021-08-08 04:52:47.109349,3111057,0.0,5.2
2021-08-08 04:52:47.266684,3110994,0.0,0.0
2021-08-08 04:52:47.266684,3111057,0.0,5.2
2021-08-08 04:52:47.423932,3110994,0.0,0.0
2021-08-08 04:52:47.423932,3111057,0.0,5.2
2021-08-08 04:52:47.581216,3110994,0.0,0.0
2021-08-08 04:52:47.581216,3111057,0.0,5.2
2021-08-08 04:52:47.738488,3110994,0.0,0.0
2021-08-08 04:52:47.738488,3111057,0.0,5.2
2021-08-08 04:52:47.895816,3110994,0.0,0.0
2021-08-08 04:52:47.895816,3111057,0.0,5.2
2021-08-08 04:52:48.052959,3110994,0.0,0.0
2021-08-08 04:52:48.052959,3111057,0.0,5.2
2021-08-08 04:52:48.210422,3110994,0.0,0.0
2021-08-08 04:52:48.210422,3111057,0.0,5.2
2021-08-08 04:52:48.367975,3110994,0.0,0.0
2021-08-08 04:52:48.367975,3111057,0.0,5.2
2021-08-08 04:52:48.525285,3110994,0.0,0.0
2021-08-08 04:52:48.525285,3111057,0.0,5.2
2021-08-08 04:52:48.682607,3110994,0.0,0.0
2021-08-08 04:52:48.682607,3111057,0.0,5.2
2021-08-08 04:52:48.839994,3110994,0.0,0.0
2021-08-08 04:52:48.839994,3111057,0.0,5.2
2021-08-08 04:52:48.997674,3110994,0.0,0.0
2021-08-08 04:52:48.997674,3111057,0.0,5.2
2021-08-08 04:52:49.155020,3110994,0.0,0.0
2021-08-08 04:52:49.155020,3111057,0.0,5.2
2021-08-08 04:52:49.312355,3110994,0.0,0.0
2021-08-08 04:52:49.312355,3111057,0.0,5.2
2021-08-08 04:52:49.469429,3110994,0.0,0.0
2021-08-08 04:52:49.469429,3111057,0.0,5.2
2021-08-08 04:52:49.626715,3110994,0.0,0.0
2021-08-08 04:52:49.626715,3111057,0.0,5.2
2021-08-08 04:52:49.783990,3110994,0.0,0.0
2021-08-08 04:52:49.783990,3111057,0.0,5.2
2021-08-08 04:52:49.941218,3110994,0.0,0.0
2021-08-08 04:52:49.941218,3111057,0.0,5.2
2021-08-08 04:52:50.098814,3110994,0.0,0.0
2021-08-08 04:52:50.098814,3111057,0.0,5.2
2021-08-08 04:52:50.256246,3110994,0.0,0.0
2021-08-08 04:52:50.256246,3111057,0.0,5.2
2021-08-08 04:52:50.413604,3110994,0.0,0.0
2021-08-08 04:52:50.413604,3111057,0.0,5.2
2021-08-08 04:52:50.571380,3110994,0.0,0.0
2021-08-08 04:52:50.571380,3111057,0.0,5.2
2021-08-08 04:52:50.728581,3110994,0.0,0.0
2021-08-08 04:52:50.728581,3111057,0.0,5.2
2021-08-08 04:52:50.885848,3110994,0.0,0.0
2021-08-08 04:52:50.885848,3111057,0.0,5.2
2021-08-08 04:52:51.043357,3110994,0.0,0.0
2021-08-08 04:52:51.043357,3111057,0.0,5.2
2021-08-08 04:52:51.200701,3110994,0.0,0.0
2021-08-08 04:52:51.200701,3111057,0.0,5.2
2021-08-08 04:52:51.358246,3110994,0.0,0.0
2021-08-08 04:52:51.358246,3111057,0.0,5.2
2021-08-08 04:52:51.515525,3110994,0.0,0.0
2021-08-08 04:52:51.515525,3111057,0.0,5.2
2021-08-08 04:52:51.672716,3110994,0.0,0.0
2021-08-08 04:52:51.672716,3111057,0.0,5.2
2021-08-08 04:52:51.829934,3110994,0.0,0.0
2021-08-08 04:52:51.829934,3111057,0.0,5.2
2021-08-08 04:52:51.987385,3110994,0.0,0.0
2021-08-08 04:52:51.987385,3111057,0.0,5.2
2021-08-08 04:52:52.144743,3110994,0.0,0.0
2021-08-08 04:52:52.144743,3111057,0.0,5.2
2021-08-08 04:52:52.302034,3110994,0.0,0.0
2021-08-08 04:52:52.302034,3111057,0.0,5.2
2021-08-08 04:52:52.459233,3110994,0.0,0.0
2021-08-08 04:52:52.459233,3111057,0.0,5.2
2021-08-08 04:52:52.616528,3110994,0.0,0.0
2021-08-08 04:52:52.616528,3111057,0.0,5.2
2021-08-08 04:52:52.773454,3110994,0.0,0.0
2021-08-08 04:52:52.773454,3111057,0.0,5.2
2021-08-08 04:52:52.930646,3110994,0.0,0.0
2021-08-08 04:52:52.930646,3111057,0.0,5.2
2021-08-08 04:52:53.087881,3110994,0.0,0.0
2021-08-08 04:52:53.087881,3111057,0.0,5.2
2021-08-08 04:52:53.245152,3110994,0.0,0.0
2021-08-08 04:52:53.245152,3111057,0.0,5.2
2021-08-08 04:52:53.402512,3110994,0.0,0.0
2021-08-08 04:52:53.402512,3111057,0.0,5.2
2021-08-08 04:52:53.559772,3110994,0.0,0.0
2021-08-08 04:52:53.559772,3111057,0.0,5.2
2021-08-08 04:52:53.716885,3110994,0.0,0.0
2021-08-08 04:52:53.716885,3111057,0.0,5.2
2021-08-08 04:52:53.874447,3110994,0.0,0.0
2021-08-08 04:52:53.874447,3111057,0.0,5.2
2021-08-08 04:52:54.031805,3110994,0.0,0.0
2021-08-08 04:52:54.031805,3111057,0.0,5.2
2021-08-08 04:52:54.189228,3110994,0.0,0.0
2021-08-08 04:52:54.189228,3111057,0.0,5.2
2021-08-08 04:52:54.346487,3110994,0.0,0.0
2021-08-08 04:52:54.346487,3111057,0.0,5.2
2021-08-08 04:52:54.503744,3110994,0.0,0.0
2021-08-08 04:52:54.503744,3111057,0.0,5.2
2021-08-08 04:52:54.661045,3110994,0.0,0.0
2021-08-08 04:52:54.661045,3111057,0.0,5.2
2021-08-08 04:52:54.818295,3110994,0.0,0.0
2021-08-08 04:52:54.818295,3111057,0.0,5.2
2021-08-08 04:52:54.975607,3110994,0.0,0.0
2021-08-08 04:52:54.975607,3111057,0.0,5.2
2021-08-08 04:52:55.132852,3110994,0.0,0.0
2021-08-08 04:52:55.132852,3111057,0.0,5.2
2021-08-08 04:52:55.290384,3110994,0.0,0.0
2021-08-08 04:52:55.290384,3111057,0.0,5.2
2021-08-08 04:52:55.447674,3110994,0.0,0.0
2021-08-08 04:52:55.447674,3111057,0.0,5.2
2021-08-08 04:52:55.604803,3110994,0.0,0.0
2021-08-08 04:52:55.604803,3111057,0.0,5.2
2021-08-08 04:52:55.762328,3110994,0.0,0.0
2021-08-08 04:52:55.762328,3111057,0.0,5.2
2021-08-08 04:52:55.919703,3110994,0.0,0.0
2021-08-08 04:52:55.919703,3111057,0.0,5.2
2021-08-08 04:52:56.077132,3110994,0.0,0.0
2021-08-08 04:52:56.077132,3111057,0.0,5.2
2021-08-08 04:52:56.234411,3110994,0.0,0.0
2021-08-08 04:52:56.234411,3111057,0.0,5.2
2021-08-08 04:52:56.391759,3110994,0.0,0.0
2021-08-08 04:52:56.391759,3111057,0.0,5.2
2021-08-08 04:52:56.549086,3110994,0.0,0.0
2021-08-08 04:52:56.549086,3111057,0.0,5.2
2021-08-08 04:52:56.706386,3110994,0.0,0.0
2021-08-08 04:52:56.706386,3111057,0.0,5.2
2021-08-08 04:52:56.863687,3110994,0.0,0.0
2021-08-08 04:52:56.863687,3111057,0.0,5.2
2021-08-08 04:52:57.020989,3110994,0.0,0.0
2021-08-08 04:52:57.020989,3111057,0.0,5.2
2021-08-08 04:52:57.178545,3110994,0.0,0.0
2021-08-08 04:52:57.178545,3111057,0.0,5.2
2021-08-08 04:52:57.335859,3110994,0.0,0.0
2021-08-08 04:52:57.335859,3111057,0.0,5.2
2021-08-08 04:52:57.493349,3110994,0.0,0.0
2021-08-08 04:52:57.493349,3111057,0.0,5.2
2021-08-08 04:52:57.650624,3110994,0.0,0.0
2021-08-08 04:52:57.650624,3111057,0.0,5.2
2021-08-08 04:52:57.807849,3110994,0.0,0.0
2021-08-08 04:52:57.807849,3111057,0.0,5.2
2021-08-08 04:52:57.965407,3111057,6.7,5.2
2021-08-08 04:52:57.965407,3110994,0.0,0.0
2021-08-08 04:52:58.122971,3110994,0.0,0.0
2021-08-08 04:52:58.122971,3111057,0.0,5.2
2021-08-08 04:52:58.279777,3110994,0.0,0.0
2021-08-08 04:52:58.279777,3111057,0.0,5.2
2021-08-08 04:52:58.437517,3110994,0.0,0.0
2021-08-08 04:52:58.437517,3111057,0.0,5.2
2021-08-08 04:52:58.594482,3110994,0.0,0.0
2021-08-08 04:52:58.594482,3111057,0.0,5.2
2021-08-08 04:52:58.751804,3110994,0.0,0.0
2021-08-08 04:52:58.751804,3111057,0.0,5.2
2021-08-08 04:52:58.909164,3110994,0.0,0.0
2021-08-08 04:52:58.909164,3111057,0.0,5.2
2021-08-08 04:52:59.066710,3110994,0.0,0.0
2021-08-08 04:52:59.066710,3111057,0.0,5.2
2021-08-08 04:52:59.223763,3110994,0.0,0.0
2021-08-08 04:52:59.223763,3111057,0.0,5.2
2021-08-08 04:52:59.380828,3110994,0.0,0.0
2021-08-08 04:52:59.380828,3111057,0.0,5.2
2021-08-08 04:52:59.537926,3110994,0.0,0.0
2021-08-08 04:52:59.537926,3111057,0.0,5.2
2021-08-08 04:52:59.695211,3110994,0.0,0.0
2021-08-08 04:52:59.695211,3111057,0.0,5.2
2021-08-08 04:52:59.852556,3110994,0.0,0.0
2021-08-08 04:52:59.852556,3111057,0.0,5.2
2021-08-08 04:53:00.009838,3110994,0.0,0.0
2021-08-08 04:53:00.009838,3111057,0.0,5.2
2021-08-08 04:53:00.167262,3110994,0.0,0.0
2021-08-08 04:53:00.167262,3111057,0.0,5.2
2021-08-08 04:53:00.324738,3110994,0.0,0.0
2021-08-08 04:53:00.324738,3111057,0.0,5.2
2021-08-08 04:53:00.482053,3110994,0.0,0.0
2021-08-08 04:53:00.482053,3111057,0.0,5.2
2021-08-08 04:53:00.639377,3110994,0.0,0.0
2021-08-08 04:53:00.639377,3111057,0.0,5.2
2021-08-08 04:53:00.796665,3110994,0.0,0.0
2021-08-08 04:53:00.796665,3111057,0.0,5.2
2021-08-08 04:53:00.953965,3110994,0.0,0.0
2021-08-08 04:53:00.953965,3111057,0.0,5.2
2021-08-08 04:53:01.111301,3110994,0.0,0.0
2021-08-08 04:53:01.111301,3111057,0.0,5.2
2021-08-08 04:53:01.268470,3110994,0.0,0.0
2021-08-08 04:53:01.268470,3111057,0.0,5.2
2021-08-08 04:53:01.425535,3110994,0.0,0.0
2021-08-08 04:53:01.425535,3111057,0.0,5.2
2021-08-08 04:53:01.582799,3110994,0.0,0.0
2021-08-08 04:53:01.582799,3111057,0.0,5.2
2021-08-08 04:53:01.740005,3110994,0.0,0.0
2021-08-08 04:53:01.740005,3111057,0.0,5.2
2021-08-08 04:53:01.897547,3110994,0.0,0.0
2021-08-08 04:53:01.897547,3111057,0.0,5.2
2021-08-08 04:53:02.054809,3110994,0.0,0.0
2021-08-08 04:53:02.054809,3111057,0.0,5.2
2021-08-08 04:53:02.212263,3110994,0.0,0.0
2021-08-08 04:53:02.212263,3111057,0.0,5.2
2021-08-08 04:53:02.369761,3110994,0.0,0.0
2021-08-08 04:53:02.369761,3111057,0.0,5.2
2021-08-08 04:53:02.527086,3110994,0.0,0.0
2021-08-08 04:53:02.527086,3111057,0.0,5.2
2021-08-08 04:53:02.684330,3110994,0.0,0.0
2021-08-08 04:53:02.684330,3111057,0.0,5.2
2021-08-08 04:53:02.841635,3110994,0.0,0.0
2021-08-08 04:53:02.841635,3111057,0.0,5.2
2021-08-08 04:53:02.998884,3110994,0.0,0.0
2021-08-08 04:53:02.998884,3111057,0.0,5.2
2021-08-08 04:53:03.156145,3110994,0.0,0.0
2021-08-08 04:53:03.156145,3111057,0.0,5.2
2021-08-08 04:53:03.313697,3110994,0.0,0.0
2021-08-08 04:53:03.313697,3111057,0.0,5.2
2021-08-08 04:53:03.471002,3110994,0.0,0.0
2021-08-08 04:53:03.471002,3111057,0.0,5.2
2021-08-08 04:53:03.628265,3110994,0.0,0.0
2021-08-08 04:53:03.628265,3111057,0.0,5.2
2021-08-08 04:53:03.785443,3110994,0.0,0.0
2021-08-08 04:53:03.785443,3111057,0.0,5.2
2021-08-08 04:53:03.942691,3110994,0.0,0.0
2021-08-08 04:53:03.942691,3111057,0.0,5.2
2021-08-08 04:53:04.099999,3110994,0.0,0.0
2021-08-08 04:53:04.099999,3111057,0.0,5.2
2021-08-08 04:53:04.257615,3110994,0.0,0.0
2021-08-08 04:53:04.257615,3111057,0.0,5.2
2021-08-08 04:53:04.414838,3110994,0.0,0.0
2021-08-08 04:53:04.414838,3111057,0.0,5.2
2021-08-08 04:53:04.572126,3110994,0.0,0.0
2021-08-08 04:53:04.572126,3111057,0.0,5.2
2021-08-08 04:53:04.729281,3110994,0.0,0.0
2021-08-08 04:53:04.729281,3111057,0.0,5.2
2021-08-08 04:53:04.886960,3110994,0.0,0.0
2021-08-08 04:53:04.886960,3111057,0.0,5.2
2021-08-08 04:53:05.044342,3110994,0.0,0.0
2021-08-08 04:53:05.044342,3111057,0.0,5.2
2021-08-08 04:53:05.201980,3110994,0.0,0.0
2021-08-08 04:53:05.201980,3111057,0.0,5.2
2021-08-08 04:53:05.359349,3110994,0.0,0.0
2021-08-08 04:53:05.359349,3111057,0.0,5.2
2021-08-08 04:53:05.516882,3110994,0.0,0.0
2021-08-08 04:53:05.516882,3111057,0.0,5.2
2021-08-08 04:53:05.674666,3110994,0.0,0.0
2021-08-08 04:53:05.674666,3111057,0.0,5.2
2021-08-08 04:53:05.832040,3110994,0.0,0.0
2021-08-08 04:53:05.832040,3111057,0.0,5.2
2021-08-08 04:53:05.989369,3110994,0.0,0.0
2021-08-08 04:53:05.989369,3111057,0.0,5.2
2021-08-08 04:53:06.146706,3110994,0.0,0.0
2021-08-08 04:53:06.146706,3111057,0.0,5.2
2021-08-08 04:53:06.304156,3110994,0.0,0.0
2021-08-08 04:53:06.304156,3111057,0.0,5.2
2021-08-08 04:53:06.461454,3110994,0.0,0.0
2021-08-08 04:53:06.461454,3111057,0.0,5.2
2021-08-08 04:53:06.618726,3110994,0.0,0.0
2021-08-08 04:53:06.618726,3111057,0.0,5.2
2021-08-08 04:53:06.776024,3110994,0.0,0.0
2021-08-08 04:53:06.776024,3111057,0.0,5.2
2021-08-08 04:53:06.933327,3110994,0.0,0.0
2021-08-08 04:53:06.933327,3111057,0.0,5.2
2021-08-08 04:53:07.090588,3110994,0.0,0.0
2021-08-08 04:53:07.090588,3111057,0.0,5.2
2021-08-08 04:53:07.247863,3110994,0.0,0.0
2021-08-08 04:53:07.247863,3111057,0.0,5.2
2021-08-08 04:53:07.405193,3110994,0.0,0.0
2021-08-08 04:53:07.405193,3111057,0.0,5.2
2021-08-08 04:53:07.562464,3110994,0.0,0.0
2021-08-08 04:53:07.562464,3111057,0.0,5.2
2021-08-08 04:53:07.719770,3110994,0.0,0.0
2021-08-08 04:53:07.719770,3111057,0.0,5.2
2021-08-08 04:53:07.877182,3110994,0.0,0.0
2021-08-08 04:53:07.877182,3111057,0.0,5.2
2021-08-08 04:53:08.034477,3110994,0.0,0.0
2021-08-08 04:53:08.034477,3111057,0.0,5.2
2021-08-08 04:53:08.191810,3110994,0.0,0.0
2021-08-08 04:53:08.191810,3111057,0.0,5.2
2021-08-08 04:53:08.349005,3110994,0.0,0.0
2021-08-08 04:53:08.349005,3111057,0.0,5.2
2021-08-08 04:53:08.506266,3110994,0.0,0.0
2021-08-08 04:53:08.506266,3111057,0.0,5.2
2021-08-08 04:53:08.663511,3110994,0.0,0.0
2021-08-08 04:53:08.663511,3111057,0.0,5.2
2021-08-08 04:53:08.820809,3110994,0.0,0.0
2021-08-08 04:53:08.820809,3111057,0.0,5.2
2021-08-08 04:53:08.977744,3110994,0.0,0.0
2021-08-08 04:53:08.977744,3111057,0.0,5.2
2021-08-08 04:53:09.135080,3110994,0.0,0.0
2021-08-08 04:53:09.135080,3111057,0.0,5.2
2021-08-08 04:53:09.292419,3110994,0.0,0.0
2021-08-08 04:53:09.292419,3111057,0.0,5.2
2021-08-08 04:53:09.449657,3110994,0.0,0.0
2021-08-08 04:53:09.449657,3111057,0.0,5.2
2021-08-08 04:53:09.606950,3110994,0.0,0.0
2021-08-08 04:53:09.606950,3111057,0.0,5.2
2021-08-08 04:53:09.764302,3110994,0.0,0.0
2021-08-08 04:53:09.764302,3111057,0.0,5.2
