timestamp,PID,CPU,RAM
2021-08-06 10:27:47.386041,644194,140.0,1.3
2021-08-06 10:27:47.386041,491615,0.0,0.0
2021-08-06 10:27:47.386041,491677,0.0,4.3
2021-08-06 10:27:47.541762,644194,173.3,1.4
2021-08-06 10:27:47.541762,491615,0.0,0.0
2021-08-06 10:27:47.541762,491677,0.0,4.3
2021-08-06 10:27:47.698348,644194,206.7,1.4
2021-08-06 10:27:47.698348,491615,0.0,0.0
2021-08-06 10:27:47.698348,491677,0.0,4.3
2021-08-06 10:27:47.854161,644194,137.5,1.5
2021-08-06 10:27:47.854161,491615,0.0,0.0
2021-08-06 10:27:47.854161,491677,0.0,4.3
2021-08-06 10:27:48.010047,644194,220.0,1.6
2021-08-06 10:27:48.010047,491615,0.0,0.0
2021-08-06 10:27:48.010047,491677,0.0,4.3
2021-08-06 10:27:48.166645,644194,253.3,1.6
2021-08-06 10:27:48.166645,491615,0.0,0.0
2021-08-06 10:27:48.166645,491677,0.0,4.3
2021-08-06 10:27:48.323418,644194,246.7,1.6
2021-08-06 10:27:48.323418,491615,0.0,0.0
2021-08-06 10:27:48.323418,491677,0.0,4.3
2021-08-06 10:27:48.479976,644194,213.3,1.8
2021-08-06 10:27:48.479976,491615,0.0,0.0
2021-08-06 10:27:48.479976,491677,0.0,4.3
2021-08-06 10:27:48.638590,644194,200.0,1.9
2021-08-06 10:27:48.638590,491615,0.0,0.0
2021-08-06 10:27:48.638590,491677,0.0,4.3
2021-08-06 10:27:48.795520,644194,260.0,2.0
2021-08-06 10:27:48.795520,491615,0.0,0.0
2021-08-06 10:27:48.795520,491677,0.0,4.3
2021-08-06 10:27:48.952286,644194,173.3,2.2
2021-08-06 10:27:48.952286,491615,0.0,0.0
2021-08-06 10:27:48.952286,491677,0.0,4.3
2021-08-06 10:27:49.109114,644194,226.7,2.4
2021-08-06 10:27:49.109114,491615,0.0,0.0
2021-08-06 10:27:49.109114,491677,0.0,4.3
2021-08-06 10:27:49.264734,644194,133.3,2.4
2021-08-06 10:27:49.264734,491615,0.0,0.0
2021-08-06 10:27:49.264734,491677,0.0,4.3
2021-08-06 10:27:49.420262,644194,146.7,2.4
2021-08-06 10:27:49.420262,491615,0.0,0.0
2021-08-06 10:27:49.420262,491677,0.0,4.3
2021-08-06 10:27:49.576023,644194,286.7,2.6
2021-08-06 10:27:49.576023,491615,0.0,0.0
2021-08-06 10:27:49.576023,491677,0.0,4.3
2021-08-06 10:27:49.733884,644194,273.3,2.7
2021-08-06 10:27:49.733884,491615,0.0,0.0
2021-08-06 10:27:49.733884,491677,0.0,4.3
2021-08-06 10:27:49.890940,644194,293.3,2.8
2021-08-06 10:27:49.890940,491615,0.0,0.0
2021-08-06 10:27:49.890940,491677,0.0,4.3
2021-08-06 10:27:50.047789,644194,320.0,2.8
2021-08-06 10:27:50.047789,491615,0.0,0.0
2021-08-06 10:27:50.047789,491677,0.0,4.3
2021-08-06 10:27:50.206911,644194,260.0,2.9
2021-08-06 10:27:50.206911,491615,0.0,0.0
2021-08-06 10:27:50.206911,491677,0.0,4.3
2021-08-06 10:27:50.364039,644194,293.8,2.9
2021-08-06 10:27:50.364039,491615,0.0,0.0
2021-08-06 10:27:50.364039,491677,0.0,4.3
2021-08-06 10:27:50.521015,644194,273.3,3.2
2021-08-06 10:27:50.521015,491615,0.0,0.0
2021-08-06 10:27:50.521015,491677,0.0,4.3
2021-08-06 10:27:50.677767,644194,340.0,3.5
2021-08-06 10:27:50.677767,491615,0.0,0.0
2021-08-06 10:27:50.677767,491677,0.0,4.3
2021-08-06 10:27:50.837818,644194,280.0,3.6
2021-08-06 10:27:50.837818,491615,0.0,0.0
2021-08-06 10:27:50.837818,491677,0.0,4.3
2021-08-06 10:27:50.993483,644194,146.7,3.8
2021-08-06 10:27:50.993483,491615,0.0,0.0
2021-08-06 10:27:50.993483,491677,0.0,4.3
2021-08-06 10:27:51.149204,644194,113.3,3.8
2021-08-06 10:27:51.149204,491615,0.0,0.0
2021-08-06 10:27:51.149204,491677,0.0,4.3
2021-08-06 10:27:51.308032,644194,100.0,3.9
2021-08-06 10:27:51.308032,491615,0.0,0.0
2021-08-06 10:27:51.308032,491677,0.0,4.3
2021-08-06 10:27:51.463859,644194,186.7,3.9
2021-08-06 10:27:51.463859,491615,0.0,0.0
2021-08-06 10:27:51.463859,491677,0.0,4.3
2021-08-06 10:27:51.620389,644194,106.7,3.8
2021-08-06 10:27:51.620389,491615,0.0,0.0
2021-08-06 10:27:51.620389,491677,0.0,4.3
2021-08-06 10:27:51.776260,644194,193.3,4.0
2021-08-06 10:27:51.776260,491615,0.0,0.0
2021-08-06 10:27:51.776260,491677,0.0,4.3
2021-08-06 10:27:51.932902,644194,226.7,4.0
2021-08-06 10:27:51.932902,491615,0.0,0.0
2021-08-06 10:27:51.932902,491677,0.0,4.3
2021-08-06 10:27:52.088399,644194,120.0,4.1
2021-08-06 10:27:52.088399,491615,0.0,0.0
2021-08-06 10:27:52.088399,491677,0.0,4.3
2021-08-06 10:27:52.244095,644194,212.5,4.1
2021-08-06 10:27:52.244095,491615,0.0,0.0
2021-08-06 10:27:52.244095,491677,0.0,4.3
2021-08-06 10:27:52.399846,644194,173.3,4.1
2021-08-06 10:27:52.399846,491615,0.0,0.0
2021-08-06 10:27:52.399846,491677,0.0,4.3
2021-08-06 10:27:52.556221,644194,180.0,4.1
2021-08-06 10:27:52.556221,491615,0.0,0.0
2021-08-06 10:27:52.556221,491677,0.0,4.3
2021-08-06 10:27:52.711664,644194,113.3,4.1
2021-08-06 10:27:52.711664,491615,0.0,0.0
2021-08-06 10:27:52.711664,491677,0.0,4.3
2021-08-06 10:27:52.868522,644194,180.0,4.2
2021-08-06 10:27:52.868522,491615,0.0,0.0
2021-08-06 10:27:52.868522,491677,0.0,4.3
2021-08-06 10:27:53.025223,644194,220.0,4.2
2021-08-06 10:27:53.025223,491615,0.0,0.0
2021-08-06 10:27:53.025223,491677,0.0,4.3
2021-08-06 10:27:53.181585,644194,166.7,4.3
2021-08-06 10:27:53.181585,491615,0.0,0.0
2021-08-06 10:27:53.181585,491677,0.0,4.3
2021-08-06 10:27:53.338127,644194,253.3,4.6
2021-08-06 10:27:53.338127,491615,0.0,0.0
2021-08-06 10:27:53.338127,491677,0.0,4.3
2021-08-06 10:27:53.493923,644194,237.5,4.7
2021-08-06 10:27:53.493923,491615,0.0,0.0
2021-08-06 10:27:53.493923,491677,0.0,4.3
2021-08-06 10:27:53.653375,644194,206.7,4.7
2021-08-06 10:27:53.653375,491615,0.0,0.0
2021-08-06 10:27:53.653375,491677,0.0,4.3
2021-08-06 10:27:53.809943,644194,293.3,4.8
2021-08-06 10:27:53.809943,491615,0.0,0.0
2021-08-06 10:27:53.809943,491677,0.0,4.3
2021-08-06 10:27:53.967247,644194,360.0,4.9
2021-08-06 10:27:53.967247,491677,6.7,4.3
2021-08-06 10:27:53.967247,491615,0.0,0.0
2021-08-06 10:27:54.123941,644194,312.5,4.9
2021-08-06 10:27:54.123941,491615,0.0,0.0
2021-08-06 10:27:54.123941,491677,0.0,4.3
2021-08-06 10:27:54.281148,644194,346.7,4.9
2021-08-06 10:27:54.281148,491615,0.0,0.0
2021-08-06 10:27:54.281148,491677,0.0,4.3
2021-08-06 10:27:54.437581,644194,346.7,4.9
2021-08-06 10:27:54.437581,491615,0.0,0.0
2021-08-06 10:27:54.437581,491677,0.0,4.3
2021-08-06 10:27:54.596812,644194,313.3,5.0
2021-08-06 10:27:54.596812,491615,0.0,0.0
2021-08-06 10:27:54.596812,491677,0.0,4.3
2021-08-06 10:27:54.753843,644194,380.0,5.2
2021-08-06 10:27:54.753843,491615,0.0,0.0
2021-08-06 10:27:54.753843,491677,0.0,4.3
2021-08-06 10:27:54.912223,644194,326.7,5.4
2021-08-06 10:27:54.912223,491615,0.0,0.0
2021-08-06 10:27:54.912223,491677,0.0,4.3
2021-08-06 10:27:55.072217,644194,320.0,5.8
2021-08-06 10:27:55.072217,491615,0.0,0.0
2021-08-06 10:27:55.072217,491677,0.0,4.3
2021-08-06 10:27:55.231094,644194,346.7,5.7
2021-08-06 10:27:55.231094,491615,0.0,0.0
2021-08-06 10:27:55.231094,491677,0.0,4.3
2021-08-06 10:27:55.386900,644194,193.3,5.8
2021-08-06 10:27:55.386900,491615,0.0,0.0
2021-08-06 10:27:55.386900,491677,0.0,4.3
2021-08-06 10:27:55.542466,644194,300.0,5.8
2021-08-06 10:27:55.542466,491615,0.0,0.0
2021-08-06 10:27:55.542466,491677,0.0,4.3
2021-08-06 10:27:55.699374,644194,293.3,5.9
2021-08-06 10:27:55.699374,491615,0.0,0.0
2021-08-06 10:27:55.699374,491677,0.0,4.3
2021-08-06 10:27:55.859333,644194,320.0,5.9
2021-08-06 10:27:55.859333,491615,0.0,0.0
2021-08-06 10:27:55.859333,491677,0.0,4.3
2021-08-06 10:27:56.018833,644194,306.7,6.0
2021-08-06 10:27:56.018833,491615,0.0,0.0
2021-08-06 10:27:56.018833,491677,0.0,4.3
2021-08-06 10:27:56.178219,644194,266.7,5.9
2021-08-06 10:27:56.178219,491615,0.0,0.0
2021-08-06 10:27:56.178219,491677,0.0,4.3
2021-08-06 10:27:56.335105,644194,273.3,6.0
2021-08-06 10:27:56.335105,491615,0.0,0.0
2021-08-06 10:27:56.335105,491677,0.0,4.3
2021-08-06 10:27:56.492411,644194,300.0,6.3
2021-08-06 10:27:56.492411,491615,0.0,0.0
2021-08-06 10:27:56.492411,491677,0.0,4.3
2021-08-06 10:27:56.649245,644194,340.0,6.0
2021-08-06 10:27:56.649245,491615,0.0,0.0
2021-08-06 10:27:56.649245,491677,0.0,4.3
2021-08-06 10:27:56.806438,644194,340.0,6.0
2021-08-06 10:27:56.806438,491615,0.0,0.0
2021-08-06 10:27:56.806438,491677,0.0,4.3
2021-08-06 10:27:56.966082,644194,266.7,6.0
2021-08-06 10:27:56.966082,491615,0.0,0.0
2021-08-06 10:27:56.966082,491677,0.0,4.3
2021-08-06 10:27:57.123235,644194,233.3,6.0
2021-08-06 10:27:57.123235,491615,0.0,0.0
2021-08-06 10:27:57.123235,491677,0.0,4.3
2021-08-06 10:27:57.280255,644194,193.3,6.0
2021-08-06 10:27:57.280255,491615,0.0,0.0
2021-08-06 10:27:57.280255,491677,0.0,4.3
2021-08-06 10:27:57.436544,644194,20.0,6.0
2021-08-06 10:27:57.436544,491615,0.0,0.0
2021-08-06 10:27:57.436544,491677,0.0,4.3
2021-08-06 10:27:57.592553,644194,40.0,6.0
2021-08-06 10:27:57.592553,491615,0.0,0.0
2021-08-06 10:27:57.592553,491677,0.0,4.3
2021-08-06 10:27:57.748778,644194,6.7,6.0
2021-08-06 10:27:57.748778,491615,0.0,0.0
2021-08-06 10:27:57.748778,491677,0.0,4.3
2021-08-06 10:27:57.904734,491615,0.0,0.0
2021-08-06 10:27:57.904734,491677,0.0,4.3
2021-08-06 10:27:57.904734,644194,0.0,6.0
2021-08-06 10:27:58.060398,491615,0.0,0.0
2021-08-06 10:27:58.060398,491677,0.0,4.3
2021-08-06 10:27:58.060398,644194,0.0,6.0
2021-08-06 10:27:58.215921,491615,0.0,0.0
2021-08-06 10:27:58.215921,491677,0.0,4.3
2021-08-06 10:27:58.215921,644194,0.0,6.0
2021-08-06 10:27:58.371370,491615,0.0,0.0
2021-08-06 10:27:58.371370,491677,0.0,4.3
2021-08-06 10:27:58.371370,644194,0.0,6.0
2021-08-06 10:27:58.526895,491615,0.0,0.0
2021-08-06 10:27:58.526895,491677,0.0,4.3
2021-08-06 10:27:58.526895,644194,0.0,6.0
2021-08-06 10:27:58.682416,644194,6.7,6.0
2021-08-06 10:27:58.682416,491615,0.0,0.0
2021-08-06 10:27:58.682416,491677,0.0,4.3
2021-08-06 10:27:58.838075,491615,0.0,0.0
2021-08-06 10:27:58.838075,491677,0.0,4.3
2021-08-06 10:27:58.838075,644194,0.0,6.0
2021-08-06 10:27:58.993574,491615,0.0,0.0
2021-08-06 10:27:58.993574,491677,0.0,4.3
2021-08-06 10:27:58.993574,644194,0.0,6.0
2021-08-06 10:27:59.149408,491615,0.0,0.0
2021-08-06 10:27:59.149408,491677,0.0,4.3
2021-08-06 10:27:59.149408,644194,0.0,6.0
2021-08-06 10:27:59.305140,491615,0.0,0.0
2021-08-06 10:27:59.305140,491677,0.0,4.3
2021-08-06 10:27:59.305140,644194,0.0,6.0
2021-08-06 10:27:59.460701,491615,0.0,0.0
2021-08-06 10:27:59.460701,491677,0.0,4.3
2021-08-06 10:27:59.460701,644194,0.0,6.0
2021-08-06 10:27:59.616180,491615,0.0,0.0
2021-08-06 10:27:59.616180,491677,0.0,4.3
2021-08-06 10:27:59.616180,644194,0.0,6.0
2021-08-06 10:27:59.771755,491615,0.0,0.0
2021-08-06 10:27:59.771755,491677,0.0,4.3
2021-08-06 10:27:59.771755,644194,0.0,6.0
2021-08-06 10:27:59.927502,491615,0.0,0.0
2021-08-06 10:27:59.927502,491677,0.0,4.3
2021-08-06 10:27:59.927502,644194,0.0,6.0
2021-08-06 10:28:00.083180,491615,0.0,0.0
2021-08-06 10:28:00.083180,491677,0.0,4.3
2021-08-06 10:28:00.083180,644194,0.0,6.0
2021-08-06 10:28:00.238898,491615,0.0,0.0
2021-08-06 10:28:00.238898,491677,0.0,4.3
2021-08-06 10:28:00.238898,644194,0.0,6.0
2021-08-06 10:28:00.394721,491615,0.0,0.0
2021-08-06 10:28:00.394721,491677,0.0,4.3
2021-08-06 10:28:00.394721,644194,0.0,6.0
2021-08-06 10:28:00.550694,491615,0.0,0.0
2021-08-06 10:28:00.550694,491677,0.0,4.3
2021-08-06 10:28:00.550694,644194,0.0,6.0
2021-08-06 10:28:00.706274,644194,6.7,6.0
2021-08-06 10:28:00.706274,491615,0.0,0.0
2021-08-06 10:28:00.706274,491677,0.0,4.3
2021-08-06 10:28:00.861972,491615,0.0,0.0
2021-08-06 10:28:00.861972,491677,0.0,4.3
2021-08-06 10:28:00.861972,644194,0.0,6.0
2021-08-06 10:28:01.017530,491615,0.0,0.0
2021-08-06 10:28:01.017530,491677,0.0,4.3
2021-08-06 10:28:01.017530,644194,0.0,6.0
2021-08-06 10:28:01.173270,491615,0.0,0.0
2021-08-06 10:28:01.173270,491677,0.0,4.3
2021-08-06 10:28:01.173270,644194,0.0,6.0
2021-08-06 10:28:01.328760,491615,0.0,0.0
2021-08-06 10:28:01.328760,491677,0.0,4.3
2021-08-06 10:28:01.328760,644194,0.0,6.0
2021-08-06 10:28:01.484300,491615,0.0,0.0
2021-08-06 10:28:01.484300,491677,0.0,4.3
2021-08-06 10:28:01.484300,644194,0.0,6.0
2021-08-06 10:28:01.639831,491615,0.0,0.0
2021-08-06 10:28:01.639831,491677,0.0,4.3
2021-08-06 10:28:01.639831,644194,0.0,6.0
2021-08-06 10:28:01.795570,491615,0.0,0.0
2021-08-06 10:28:01.795570,491677,0.0,4.3
2021-08-06 10:28:01.795570,644194,0.0,6.0
2021-08-06 10:28:01.951055,491615,0.0,0.0
2021-08-06 10:28:01.951055,491677,0.0,4.3
2021-08-06 10:28:01.951055,644194,0.0,6.0
2021-08-06 10:28:02.106697,644194,153.3,6.2
2021-08-06 10:28:02.106697,491615,0.0,0.0
2021-08-06 10:28:02.106697,491677,0.0,4.3
2021-08-06 10:28:02.262248,644194,186.7,6.2
2021-08-06 10:28:02.262248,491615,0.0,0.0
2021-08-06 10:28:02.262248,491677,0.0,4.3
2021-08-06 10:28:02.418241,491615,0.0,0.0
2021-08-06 10:28:02.418241,491677,0.0,4.3
2021-08-06 10:28:02.418241,644194,0.0,6.2
2021-08-06 10:28:02.573796,491615,0.0,0.0
2021-08-06 10:28:02.573796,491677,0.0,4.3
2021-08-06 10:28:02.573796,644194,0.0,6.2
2021-08-06 10:28:02.729568,491615,0.0,0.0
2021-08-06 10:28:02.729568,491677,0.0,4.3
2021-08-06 10:28:02.729568,644194,0.0,6.2
2021-08-06 10:28:02.885479,491615,0.0,0.0
2021-08-06 10:28:02.885479,491677,0.0,4.3
2021-08-06 10:28:02.885479,644194,0.0,6.2
2021-08-06 10:28:03.041387,491615,0.0,0.0
2021-08-06 10:28:03.041387,491677,0.0,4.3
2021-08-06 10:28:03.041387,644194,0.0,6.2
2021-08-06 10:28:03.197015,491615,0.0,0.0
2021-08-06 10:28:03.197015,491677,0.0,4.3
2021-08-06 10:28:03.197015,644194,0.0,6.2
2021-08-06 10:28:03.352713,644194,6.7,6.2
2021-08-06 10:28:03.352713,491615,0.0,0.0
2021-08-06 10:28:03.352713,491677,0.0,4.3
2021-08-06 10:28:03.508357,491615,0.0,0.0
2021-08-06 10:28:03.508357,491677,0.0,4.3
2021-08-06 10:28:03.508357,644194,0.0,6.2
2021-08-06 10:28:03.664266,644194,6.7,6.2
2021-08-06 10:28:03.664266,491615,0.0,0.0
2021-08-06 10:28:03.664266,491677,0.0,4.3
2021-08-06 10:28:03.820189,491615,0.0,0.0
2021-08-06 10:28:03.820189,491677,0.0,4.3
2021-08-06 10:28:03.820189,644194,0.0,6.2
2021-08-06 10:28:03.976031,491615,0.0,0.0
2021-08-06 10:28:03.976031,491677,0.0,4.3
2021-08-06 10:28:03.976031,644194,0.0,6.2
2021-08-06 10:28:04.131833,491615,0.0,0.0
2021-08-06 10:28:04.131833,491677,0.0,4.3
2021-08-06 10:28:04.131833,644194,0.0,6.2
2021-08-06 10:28:04.287628,491615,0.0,0.0
2021-08-06 10:28:04.287628,491677,0.0,4.3
2021-08-06 10:28:04.287628,644194,0.0,6.2
2021-08-06 10:28:04.443245,491615,0.0,0.0
2021-08-06 10:28:04.443245,491677,0.0,4.3
2021-08-06 10:28:04.443245,644194,0.0,6.2
2021-08-06 10:28:04.598787,491615,0.0,0.0
2021-08-06 10:28:04.598787,491677,0.0,4.3
2021-08-06 10:28:04.598787,644194,0.0,6.2
2021-08-06 10:28:04.754582,644194,6.7,6.2
2021-08-06 10:28:04.754582,491615,0.0,0.0
2021-08-06 10:28:04.754582,491677,0.0,4.3
2021-08-06 10:28:04.910306,491615,0.0,0.0
2021-08-06 10:28:04.910306,491677,0.0,4.3
2021-08-06 10:28:04.910306,644194,0.0,6.2
2021-08-06 10:28:05.065907,491615,0.0,0.0
2021-08-06 10:28:05.065907,491677,0.0,4.3
2021-08-06 10:28:05.065907,644194,0.0,6.2
2021-08-06 10:28:05.221809,491615,0.0,0.0
2021-08-06 10:28:05.221809,491677,0.0,4.3
2021-08-06 10:28:05.221809,644194,0.0,6.2
2021-08-06 10:28:05.377895,491615,0.0,0.0
2021-08-06 10:28:05.377895,491677,0.0,4.3
2021-08-06 10:28:05.377895,644194,0.0,6.2
2021-08-06 10:28:05.533467,491615,0.0,0.0
2021-08-06 10:28:05.533467,491677,0.0,4.3
2021-08-06 10:28:05.533467,644194,0.0,6.2
2021-08-06 10:28:05.689075,491615,0.0,0.0
2021-08-06 10:28:05.689075,491677,0.0,4.3
2021-08-06 10:28:05.689075,644194,0.0,6.2
2021-08-06 10:28:05.844982,491615,0.0,0.0
2021-08-06 10:28:05.844982,491677,0.0,4.3
2021-08-06 10:28:05.844982,644194,0.0,6.2
2021-08-06 10:28:06.000711,491615,0.0,0.0
2021-08-06 10:28:06.000711,491677,0.0,4.3
2021-08-06 10:28:06.000711,644194,0.0,6.2
2021-08-06 10:28:06.156264,491615,0.0,0.0
2021-08-06 10:28:06.156264,491677,0.0,4.3
2021-08-06 10:28:06.156264,644194,0.0,6.2
2021-08-06 10:28:06.311824,644194,6.7,6.2
2021-08-06 10:28:06.311824,491615,0.0,0.0
2021-08-06 10:28:06.311824,491677,0.0,4.3
2021-08-06 10:28:06.467689,491615,0.0,0.0
2021-08-06 10:28:06.467689,491677,0.0,4.3
2021-08-06 10:28:06.467689,644194,0.0,6.2
2021-08-06 10:28:06.623202,491615,0.0,0.0
2021-08-06 10:28:06.623202,491677,0.0,4.3
2021-08-06 10:28:06.623202,644194,0.0,6.2
2021-08-06 10:28:06.778796,644194,6.7,6.2
2021-08-06 10:28:06.778796,491615,0.0,0.0
2021-08-06 10:28:06.778796,491677,0.0,4.3
2021-08-06 10:28:06.934597,491615,0.0,0.0
2021-08-06 10:28:06.934597,491677,0.0,4.3
2021-08-06 10:28:06.934597,644194,0.0,6.2
2021-08-06 10:28:07.090154,491615,0.0,0.0
2021-08-06 10:28:07.090154,491677,0.0,4.3
2021-08-06 10:28:07.090154,644194,0.0,6.2
2021-08-06 10:28:07.245833,491615,0.0,0.0
2021-08-06 10:28:07.245833,491677,0.0,4.3
2021-08-06 10:28:07.245833,644194,0.0,6.2
2021-08-06 10:28:07.401270,491615,0.0,0.0
2021-08-06 10:28:07.401270,491677,0.0,4.3
2021-08-06 10:28:07.401270,644194,0.0,6.2
2021-08-06 10:28:07.556483,491615,0.0,0.0
2021-08-06 10:28:07.556483,491677,0.0,4.3
2021-08-06 10:28:07.556483,644194,0.0,6.2
2021-08-06 10:28:07.712307,491615,0.0,0.0
2021-08-06 10:28:07.712307,491677,0.0,4.3
2021-08-06 10:28:07.712307,644194,0.0,6.2
2021-08-06 10:28:07.868019,491615,0.0,0.0
2021-08-06 10:28:07.868019,491677,0.0,4.3
2021-08-06 10:28:07.868019,644194,0.0,6.2
2021-08-06 10:28:08.023699,644194,75.0,6.2
2021-08-06 10:28:08.023699,491615,0.0,0.0
2021-08-06 10:28:08.023699,491677,0.0,4.3
2021-08-06 10:28:08.178874,644194,40.0,6.2
2021-08-06 10:28:08.178874,491615,0.0,0.0
2021-08-06 10:28:08.178874,491677,0.0,4.3
2021-08-06 10:28:08.334717,491615,0.0,0.0
2021-08-06 10:28:08.334717,491677,0.0,4.3
2021-08-06 10:28:08.334717,644194,0.0,6.2
2021-08-06 10:28:08.490337,491615,0.0,0.0
2021-08-06 10:28:08.490337,491677,0.0,4.3
2021-08-06 10:28:08.490337,644194,0.0,6.2
2021-08-06 10:28:08.646096,644194,6.7,6.2
2021-08-06 10:28:08.646096,491615,0.0,0.0
2021-08-06 10:28:08.646096,491677,0.0,4.3
2021-08-06 10:28:08.801856,491615,0.0,0.0
2021-08-06 10:28:08.801856,491677,0.0,4.3
2021-08-06 10:28:08.801856,644194,0.0,6.2
2021-08-06 10:28:08.957362,491615,0.0,0.0
2021-08-06 10:28:08.957362,491677,0.0,4.3
2021-08-06 10:28:08.957362,644194,0.0,6.2
2021-08-06 10:28:09.112886,491615,0.0,0.0
2021-08-06 10:28:09.112886,491677,0.0,4.3
2021-08-06 10:28:09.112886,644194,0.0,6.2
2021-08-06 10:28:09.268615,491615,0.0,0.0
2021-08-06 10:28:09.268615,491677,0.0,4.3
2021-08-06 10:28:09.268615,644194,0.0,6.2
2021-08-06 10:28:09.424312,491615,0.0,0.0
2021-08-06 10:28:09.424312,491677,0.0,4.3
2021-08-06 10:28:09.424312,644194,0.0,6.2
2021-08-06 10:28:09.580310,491615,0.0,0.0
2021-08-06 10:28:09.580310,491677,0.0,4.3
2021-08-06 10:28:09.580310,644194,0.0,6.2
2021-08-06 10:28:09.735845,491615,0.0,0.0
2021-08-06 10:28:09.735845,491677,0.0,4.3
2021-08-06 10:28:09.735845,644194,0.0,6.2
2021-08-06 10:28:09.891551,491615,0.0,0.0
2021-08-06 10:28:09.891551,491677,0.0,4.3
2021-08-06 10:28:09.891551,644194,0.0,6.2
2021-08-06 10:28:10.047420,491615,0.0,0.0
2021-08-06 10:28:10.047420,491677,0.0,4.3
2021-08-06 10:28:10.047420,644194,0.0,6.2
2021-08-06 10:28:10.203186,491615,0.0,0.0
2021-08-06 10:28:10.203186,491677,0.0,4.3
2021-08-06 10:28:10.203186,644194,0.0,6.2
2021-08-06 10:28:10.358751,491615,0.0,0.0
2021-08-06 10:28:10.358751,491677,0.0,4.3
2021-08-06 10:28:10.358751,644194,0.0,6.2
2021-08-06 10:28:10.514355,491615,0.0,0.0
2021-08-06 10:28:10.514355,491677,0.0,4.3
2021-08-06 10:28:10.514355,644194,0.0,6.2
2021-08-06 10:28:10.670162,491615,0.0,0.0
2021-08-06 10:28:10.670162,491677,0.0,4.3
2021-08-06 10:28:10.670162,644194,0.0,6.2
2021-08-06 10:28:10.826558,644194,6.7,6.2
2021-08-06 10:28:10.826558,491615,0.0,0.0
2021-08-06 10:28:10.826558,491677,0.0,4.3
2021-08-06 10:28:10.982492,491615,0.0,0.0
2021-08-06 10:28:10.982492,491677,0.0,4.3
2021-08-06 10:28:10.982492,644194,0.0,6.2
2021-08-06 10:28:11.138233,491615,0.0,0.0
2021-08-06 10:28:11.138233,491677,0.0,4.3
2021-08-06 10:28:11.138233,644194,0.0,6.2
2021-08-06 10:28:11.293795,491615,0.0,0.0
2021-08-06 10:28:11.293795,491677,0.0,4.3
2021-08-06 10:28:11.293795,644194,0.0,6.2
2021-08-06 10:28:11.449341,491615,0.0,0.0
2021-08-06 10:28:11.449341,491677,0.0,4.3
2021-08-06 10:28:11.449341,644194,0.0,6.2
2021-08-06 10:28:11.604862,491615,0.0,0.0
2021-08-06 10:28:11.604862,491677,0.0,4.3
2021-08-06 10:28:11.604862,644194,0.0,6.2
2021-08-06 10:28:11.760502,644194,6.7,6.2
2021-08-06 10:28:11.760502,491615,0.0,0.0
2021-08-06 10:28:11.760502,491677,0.0,4.3
2021-08-06 10:28:11.916383,491615,0.0,0.0
2021-08-06 10:28:11.916383,491677,0.0,4.3
2021-08-06 10:28:11.916383,644194,0.0,6.2
2021-08-06 10:28:12.072000,644194,6.7,6.2
2021-08-06 10:28:12.072000,491615,0.0,0.0
2021-08-06 10:28:12.072000,491677,0.0,4.3
2021-08-06 10:28:12.231337,491615,0.0,0.0
2021-08-06 10:28:12.231337,491677,0.0,4.3
2021-08-06 10:28:12.231337,644194,0.0,6.2
2021-08-06 10:28:12.387190,491615,0.0,0.0
2021-08-06 10:28:12.387190,491677,0.0,4.3
2021-08-06 10:28:12.387190,644194,0.0,6.2
2021-08-06 10:28:12.542760,491615,0.0,0.0
2021-08-06 10:28:12.542760,491677,0.0,4.3
2021-08-06 10:28:12.542760,644194,0.0,6.2
2021-08-06 10:28:12.698602,491615,0.0,0.0
2021-08-06 10:28:12.698602,491677,0.0,4.3
2021-08-06 10:28:12.698602,644194,0.0,6.2
2021-08-06 10:28:12.854527,491615,0.0,0.0
2021-08-06 10:28:12.854527,491677,0.0,4.3
2021-08-06 10:28:12.854527,644194,0.0,6.2
2021-08-06 10:28:13.010099,491615,0.0,0.0
2021-08-06 10:28:13.010099,491677,0.0,4.3
2021-08-06 10:28:13.010099,644194,0.0,6.2
2021-08-06 10:28:13.165834,491615,0.0,0.0
2021-08-06 10:28:13.165834,491677,0.0,4.3
2021-08-06 10:28:13.165834,644194,0.0,6.2
2021-08-06 10:28:13.321334,491615,0.0,0.0
2021-08-06 10:28:13.321334,491677,0.0,4.3
2021-08-06 10:28:13.321334,644194,0.0,6.2
2021-08-06 10:28:13.477029,491615,0.0,0.0
2021-08-06 10:28:13.477029,491677,0.0,4.3
2021-08-06 10:28:13.477029,644194,0.0,6.2
2021-08-06 10:28:13.632836,644194,6.7,6.2
2021-08-06 10:28:13.632836,491615,0.0,0.0
2021-08-06 10:28:13.632836,491677,0.0,4.3
2021-08-06 10:28:13.788848,491615,0.0,0.0
2021-08-06 10:28:13.788848,491677,0.0,4.3
2021-08-06 10:28:13.788848,644194,0.0,6.2
2021-08-06 10:28:13.944530,491615,0.0,0.0
2021-08-06 10:28:13.944530,491677,0.0,4.3
2021-08-06 10:28:13.944530,644194,0.0,6.2
2021-08-06 10:28:14.100058,491615,0.0,0.0
2021-08-06 10:28:14.100058,491677,0.0,4.3
2021-08-06 10:28:14.100058,644194,0.0,6.2
2021-08-06 10:28:14.255552,491615,0.0,0.0
2021-08-06 10:28:14.255552,491677,0.0,4.3
2021-08-06 10:28:14.255552,644194,0.0,6.2
2021-08-06 10:28:14.411155,491615,0.0,0.0
2021-08-06 10:28:14.411155,491677,0.0,4.3
2021-08-06 10:28:14.411155,644194,0.0,6.2
2021-08-06 10:28:14.566881,491615,0.0,0.0
2021-08-06 10:28:14.566881,491677,0.0,4.3
2021-08-06 10:28:14.566881,644194,0.0,6.2
2021-08-06 10:28:14.722447,644194,6.7,6.2
2021-08-06 10:28:14.722447,491615,0.0,0.0
2021-08-06 10:28:14.722447,491677,0.0,4.3
2021-08-06 10:28:14.878122,491615,0.0,0.0
2021-08-06 10:28:14.878122,491677,0.0,4.3
2021-08-06 10:28:14.878122,644194,0.0,6.2
2021-08-06 10:28:15.033648,491615,0.0,0.0
2021-08-06 10:28:15.033648,491677,0.0,4.3
2021-08-06 10:28:15.033648,644194,0.0,6.2
2021-08-06 10:28:15.189156,491615,0.0,0.0
2021-08-06 10:28:15.189156,491677,0.0,4.3
2021-08-06 10:28:15.189156,644194,0.0,6.2
2021-08-06 10:28:15.344928,491615,0.0,0.0
2021-08-06 10:28:15.344928,491677,0.0,4.3
2021-08-06 10:28:15.344928,644194,0.0,6.2
2021-08-06 10:28:15.500202,491615,0.0,0.0
2021-08-06 10:28:15.500202,491677,0.0,4.3
2021-08-06 10:28:15.500202,644194,0.0,6.2
2021-08-06 10:28:15.655793,491615,0.0,0.0
2021-08-06 10:28:15.655793,491677,0.0,4.3
2021-08-06 10:28:15.655793,644194,0.0,6.2
2021-08-06 10:28:15.811487,491615,0.0,0.0
2021-08-06 10:28:15.811487,491677,0.0,4.3
2021-08-06 10:28:15.811487,644194,0.0,6.2
2021-08-06 10:28:15.966976,491615,0.0,0.0
2021-08-06 10:28:15.966976,491677,0.0,4.3
2021-08-06 10:28:15.966976,644194,0.0,6.2
2021-08-06 10:28:16.122588,491615,0.0,0.0
2021-08-06 10:28:16.122588,491677,0.0,4.3
2021-08-06 10:28:16.122588,644194,0.0,6.2
2021-08-06 10:28:16.278520,644194,6.7,6.2
2021-08-06 10:28:16.278520,491615,0.0,0.0
2021-08-06 10:28:16.278520,491677,0.0,4.3
2021-08-06 10:28:16.434477,491615,0.0,0.0
2021-08-06 10:28:16.434477,491677,0.0,4.3
2021-08-06 10:28:16.434477,644194,0.0,6.2
2021-08-06 10:28:16.589952,491615,0.0,0.0
2021-08-06 10:28:16.589952,491677,0.0,4.3
2021-08-06 10:28:16.589952,644194,0.0,6.2
2021-08-06 10:28:16.745449,644194,6.7,6.2
2021-08-06 10:28:16.745449,491615,0.0,0.0
2021-08-06 10:28:16.745449,491677,0.0,4.3
2021-08-06 10:28:16.901209,491615,0.0,0.0
2021-08-06 10:28:16.901209,491677,0.0,4.3
2021-08-06 10:28:16.901209,644194,0.0,6.2
2021-08-06 10:28:17.057013,491615,0.0,0.0
2021-08-06 10:28:17.057013,491677,0.0,4.3
2021-08-06 10:28:17.057013,644194,0.0,6.2
2021-08-06 10:28:17.212718,491615,0.0,0.0
2021-08-06 10:28:17.212718,491677,0.0,4.3
2021-08-06 10:28:17.212718,644194,0.0,6.2
2021-08-06 10:28:17.368212,491615,0.0,0.0
2021-08-06 10:28:17.368212,491677,0.0,4.3
2021-08-06 10:28:17.368212,644194,0.0,6.2
2021-08-06 10:28:17.523832,491615,0.0,0.0
2021-08-06 10:28:17.523832,491677,0.0,4.3
2021-08-06 10:28:17.523832,644194,0.0,6.2
2021-08-06 10:28:17.679689,491615,0.0,0.0
2021-08-06 10:28:17.679689,491677,0.0,4.3
2021-08-06 10:28:17.679689,644194,0.0,6.2
2021-08-06 10:28:17.835532,491615,0.0,0.0
2021-08-06 10:28:17.835532,491677,0.0,4.3
2021-08-06 10:28:17.835532,644194,0.0,6.2
2021-08-06 10:28:17.991030,491615,0.0,0.0
2021-08-06 10:28:17.991030,491677,0.0,4.3
2021-08-06 10:28:17.991030,644194,0.0,6.2
2021-08-06 10:28:18.146500,491615,0.0,0.0
2021-08-06 10:28:18.146500,491677,0.0,4.3
2021-08-06 10:28:18.146500,644194,0.0,6.2
2021-08-06 10:28:18.301957,491615,0.0,0.0
2021-08-06 10:28:18.301957,491677,0.0,4.3
2021-08-06 10:28:18.301957,644194,0.0,6.2
2021-08-06 10:28:18.457651,491615,0.0,0.0
2021-08-06 10:28:18.457651,491677,0.0,4.3
2021-08-06 10:28:18.457651,644194,0.0,6.2
2021-08-06 10:28:18.613618,491615,0.0,0.0
2021-08-06 10:28:18.613618,491677,0.0,4.3
2021-08-06 10:28:18.613618,644194,0.0,6.2
2021-08-06 10:28:18.769089,491615,0.0,0.0
2021-08-06 10:28:18.769089,491677,0.0,4.3
2021-08-06 10:28:18.769089,644194,0.0,6.2
2021-08-06 10:28:18.924902,491615,0.0,0.0
2021-08-06 10:28:18.924902,491677,0.0,4.3
2021-08-06 10:28:18.924902,644194,0.0,6.2
2021-08-06 10:28:19.080422,491615,0.0,0.0
2021-08-06 10:28:19.080422,491677,0.0,4.3
2021-08-06 10:28:19.080422,644194,0.0,6.2
2021-08-06 10:28:19.235942,491615,0.0,0.0
2021-08-06 10:28:19.235942,491677,0.0,4.3
2021-08-06 10:28:19.235942,644194,0.0,6.2
2021-08-06 10:28:19.391468,491615,0.0,0.0
2021-08-06 10:28:19.391468,491677,0.0,4.3
2021-08-06 10:28:19.391468,644194,0.0,6.2
2021-08-06 10:28:19.546989,491615,0.0,0.0
2021-08-06 10:28:19.546989,491677,0.0,4.3
2021-08-06 10:28:19.546989,644194,0.0,6.2
2021-08-06 10:28:19.702563,644194,6.7,6.2
2021-08-06 10:28:19.702563,491615,0.0,0.0
2021-08-06 10:28:19.702563,491677,0.0,4.3
2021-08-06 10:28:19.858327,491615,0.0,0.0
2021-08-06 10:28:19.858327,491677,0.0,4.3
2021-08-06 10:28:19.858327,644194,0.0,6.2
2021-08-06 10:28:20.013868,491615,0.0,0.0
2021-08-06 10:28:20.013868,491677,0.0,4.3
2021-08-06 10:28:20.013868,644194,0.0,6.2
2021-08-06 10:28:20.169353,491615,0.0,0.0
2021-08-06 10:28:20.169353,491677,0.0,4.3
2021-08-06 10:28:20.169353,644194,0.0,6.2
2021-08-06 10:28:20.324860,491615,0.0,0.0
2021-08-06 10:28:20.324860,491677,0.0,4.3
2021-08-06 10:28:20.324860,644194,0.0,6.2
2021-08-06 10:28:20.480602,491677,6.7,4.3
2021-08-06 10:28:20.480602,491615,0.0,0.0
2021-08-06 10:28:20.480602,644194,0.0,6.2
2021-08-06 10:28:20.636151,491615,0.0,0.0
2021-08-06 10:28:20.636151,491677,0.0,4.3
2021-08-06 10:28:20.636151,644194,0.0,6.2
2021-08-06 10:28:20.791908,491615,0.0,0.0
2021-08-06 10:28:20.791908,491677,0.0,4.3
2021-08-06 10:28:20.791908,644194,0.0,6.2
2021-08-06 10:28:20.947797,491615,0.0,0.0
2021-08-06 10:28:20.947797,491677,0.0,4.3
2021-08-06 10:28:20.947797,644194,0.0,6.2
2021-08-06 10:28:21.103304,491615,0.0,0.0
2021-08-06 10:28:21.103304,491677,0.0,4.3
2021-08-06 10:28:21.103304,644194,0.0,6.2
2021-08-06 10:28:21.258776,491615,0.0,0.0
2021-08-06 10:28:21.258776,491677,0.0,4.3
2021-08-06 10:28:21.258776,644194,0.0,6.2
2021-08-06 10:28:21.414413,491615,0.0,0.0
2021-08-06 10:28:21.414413,491677,0.0,4.3
2021-08-06 10:28:21.414413,644194,0.0,6.2
2021-08-06 10:28:21.570488,644194,6.7,6.2
2021-08-06 10:28:21.570488,491615,0.0,0.0
2021-08-06 10:28:21.570488,491677,0.0,4.3
2021-08-06 10:28:21.726493,491615,0.0,0.0
2021-08-06 10:28:21.726493,491677,0.0,4.3
2021-08-06 10:28:21.726493,644194,0.0,6.2
2021-08-06 10:28:21.882257,491615,0.0,0.0
2021-08-06 10:28:21.882257,491677,0.0,4.3
2021-08-06 10:28:21.882257,644194,0.0,6.2
2021-08-06 10:28:22.037977,491615,0.0,0.0
2021-08-06 10:28:22.037977,491677,0.0,4.3
2021-08-06 10:28:22.037977,644194,0.0,6.2
2021-08-06 10:28:22.193676,491615,0.0,0.0
2021-08-06 10:28:22.193676,491677,0.0,4.3
2021-08-06 10:28:22.193676,644194,0.0,6.2
2021-08-06 10:28:22.349245,491615,0.0,0.0
2021-08-06 10:28:22.349245,491677,0.0,4.3
2021-08-06 10:28:22.349245,644194,0.0,6.2
2021-08-06 10:28:22.504843,491615,0.0,0.0
2021-08-06 10:28:22.504843,491677,0.0,4.3
2021-08-06 10:28:22.504843,644194,0.0,6.2
2021-08-06 10:28:22.660671,644194,6.7,6.2
2021-08-06 10:28:22.660671,491615,0.0,0.0
2021-08-06 10:28:22.660671,491677,0.0,4.3
2021-08-06 10:28:22.816558,491615,0.0,0.0
2021-08-06 10:28:22.816558,491677,0.0,4.3
2021-08-06 10:28:22.816558,644194,0.0,6.2
2021-08-06 10:28:22.972296,491615,0.0,0.0
2021-08-06 10:28:22.972296,491677,0.0,4.3
2021-08-06 10:28:22.972296,644194,0.0,6.2
2021-08-06 10:28:23.128321,491615,0.0,0.0
2021-08-06 10:28:23.128321,491677,0.0,4.3
2021-08-06 10:28:23.128321,644194,0.0,6.2
2021-08-06 10:28:23.283836,491615,0.0,0.0
2021-08-06 10:28:23.283836,491677,0.0,4.3
2021-08-06 10:28:23.283836,644194,0.0,6.2
2021-08-06 10:28:23.439489,491615,0.0,0.0
2021-08-06 10:28:23.439489,491677,0.0,4.3
2021-08-06 10:28:23.439489,644194,0.0,6.2
2021-08-06 10:28:23.595406,644194,6.7,6.2
2021-08-06 10:28:23.595406,491615,0.0,0.0
2021-08-06 10:28:23.595406,491677,0.0,4.3
2021-08-06 10:28:23.751374,491615,0.0,0.0
2021-08-06 10:28:23.751374,491677,0.0,4.3
2021-08-06 10:28:23.751374,644194,0.0,6.2
2021-08-06 10:28:23.907156,491615,0.0,0.0
2021-08-06 10:28:23.907156,491677,0.0,4.3
2021-08-06 10:28:23.907156,644194,0.0,6.2
2021-08-06 10:28:24.062906,491615,0.0,0.0
2021-08-06 10:28:24.062906,491677,0.0,4.3
2021-08-06 10:28:24.062906,644194,0.0,6.2
2021-08-06 10:28:24.218469,491615,0.0,0.0
2021-08-06 10:28:24.218469,491677,0.0,4.3
2021-08-06 10:28:24.218469,644194,0.0,6.2
2021-08-06 10:28:24.374196,491615,0.0,0.0
2021-08-06 10:28:24.374196,491677,0.0,4.3
2021-08-06 10:28:24.374196,644194,0.0,6.2
2021-08-06 10:28:24.529833,491615,0.0,0.0
2021-08-06 10:28:24.529833,491677,0.0,4.3
2021-08-06 10:28:24.529833,644194,0.0,6.2
2021-08-06 10:28:24.685568,644194,6.7,6.2
2021-08-06 10:28:24.685568,491615,0.0,0.0
2021-08-06 10:28:24.685568,491677,0.0,4.3
2021-08-06 10:28:24.841482,491615,0.0,0.0
2021-08-06 10:28:24.841482,491677,0.0,4.3
2021-08-06 10:28:24.841482,644194,0.0,6.2
2021-08-06 10:28:24.997262,491615,0.0,0.0
2021-08-06 10:28:24.997262,491677,0.0,4.3
2021-08-06 10:28:24.997262,644194,0.0,6.2
2021-08-06 10:28:25.153043,491615,0.0,0.0
2021-08-06 10:28:25.153043,491677,0.0,4.3
2021-08-06 10:28:25.153043,644194,0.0,6.2
2021-08-06 10:28:25.308801,491615,0.0,0.0
2021-08-06 10:28:25.308801,491677,0.0,4.3
2021-08-06 10:28:25.308801,644194,0.0,6.2
2021-08-06 10:28:25.464520,491615,0.0,0.0
2021-08-06 10:28:25.464520,491677,0.0,4.3
2021-08-06 10:28:25.464520,644194,0.0,6.2
2021-08-06 10:28:25.620044,491615,0.0,0.0
2021-08-06 10:28:25.620044,491677,0.0,4.3
2021-08-06 10:28:25.620044,644194,0.0,6.2
2021-08-06 10:28:25.775491,491615,0.0,0.0
2021-08-06 10:28:25.775491,491677,0.0,4.3
2021-08-06 10:28:25.775491,644194,0.0,6.2
2021-08-06 10:28:25.931153,491615,0.0,0.0
2021-08-06 10:28:25.931153,491677,0.0,4.3
2021-08-06 10:28:25.931153,644194,0.0,6.2
2021-08-06 10:28:26.086805,491615,0.0,0.0
2021-08-06 10:28:26.086805,491677,0.0,4.3
2021-08-06 10:28:26.086805,644194,0.0,6.2
2021-08-06 10:28:26.242441,644194,6.7,6.2
2021-08-06 10:28:26.242441,491615,0.0,0.0
2021-08-06 10:28:26.242441,491677,0.0,4.3
2021-08-06 10:28:26.398458,491615,0.0,0.0
2021-08-06 10:28:26.398458,491677,0.0,4.3
2021-08-06 10:28:26.398458,644194,0.0,6.2
2021-08-06 10:28:26.553970,491615,0.0,0.0
2021-08-06 10:28:26.553970,491677,0.0,4.3
2021-08-06 10:28:26.553970,644194,0.0,6.2
2021-08-06 10:28:26.709516,491615,0.0,0.0
2021-08-06 10:28:26.709516,491677,0.0,4.3
2021-08-06 10:28:26.709516,644194,0.0,6.2
2021-08-06 10:28:26.865172,491615,0.0,0.0
2021-08-06 10:28:26.865172,491677,0.0,4.3
2021-08-06 10:28:26.865172,644194,0.0,6.2
2021-08-06 10:28:27.020918,491615,0.0,0.0
2021-08-06 10:28:27.020918,491677,0.0,4.3
2021-08-06 10:28:27.020918,644194,0.0,6.2
2021-08-06 10:28:27.176779,491615,0.0,0.0
2021-08-06 10:28:27.176779,491677,0.0,4.3
2021-08-06 10:28:27.176779,644194,0.0,6.2
2021-08-06 10:28:27.332602,491615,0.0,0.0
2021-08-06 10:28:27.332602,491677,0.0,4.3
2021-08-06 10:28:27.332602,644194,0.0,6.2
2021-08-06 10:28:27.488267,491615,0.0,0.0
2021-08-06 10:28:27.488267,491677,0.0,4.3
2021-08-06 10:28:27.488267,644194,0.0,6.2
2021-08-06 10:28:27.643760,644194,6.2,6.2
2021-08-06 10:28:27.643760,491615,0.0,0.0
2021-08-06 10:28:27.643760,491677,0.0,4.3
2021-08-06 10:28:27.799403,491615,0.0,0.0
2021-08-06 10:28:27.799403,491677,0.0,4.3
2021-08-06 10:28:27.799403,644194,0.0,6.2
2021-08-06 10:28:27.955146,491615,0.0,0.0
2021-08-06 10:28:27.955146,491677,0.0,4.3
2021-08-06 10:28:27.955146,644194,0.0,6.2
2021-08-06 10:28:28.110730,491615,0.0,0.0
2021-08-06 10:28:28.110730,491677,0.0,4.3
2021-08-06 10:28:28.110730,644194,0.0,6.2
2021-08-06 10:28:28.266456,491615,0.0,0.0
2021-08-06 10:28:28.266456,491677,0.0,4.3
2021-08-06 10:28:28.266456,644194,0.0,6.2
2021-08-06 10:28:28.422098,491615,0.0,0.0
2021-08-06 10:28:28.422098,491677,0.0,4.3
2021-08-06 10:28:28.422098,644194,0.0,6.2
2021-08-06 10:28:28.578126,491615,0.0,0.0
2021-08-06 10:28:28.578126,491677,0.0,4.3
2021-08-06 10:28:28.578126,644194,0.0,6.2
2021-08-06 10:28:28.733855,491615,0.0,0.0
2021-08-06 10:28:28.733855,491677,0.0,4.3
2021-08-06 10:28:28.733855,644194,0.0,6.2
2021-08-06 10:28:28.889527,491615,0.0,0.0
2021-08-06 10:28:28.889527,491677,0.0,4.3
2021-08-06 10:28:28.889527,644194,0.0,6.2
2021-08-06 10:28:29.045049,491615,0.0,0.0
2021-08-06 10:28:29.045049,491677,0.0,4.3
2021-08-06 10:28:29.045049,644194,0.0,6.2
2021-08-06 10:28:29.200750,491615,0.0,0.0
2021-08-06 10:28:29.200750,491677,0.0,4.3
2021-08-06 10:28:29.200750,644194,0.0,6.2
2021-08-06 10:28:29.356480,491615,0.0,0.0
2021-08-06 10:28:29.356480,491677,0.0,4.3
2021-08-06 10:28:29.356480,644194,0.0,6.2
2021-08-06 10:28:29.512044,491615,0.0,0.0
2021-08-06 10:28:29.512044,491677,0.0,4.3
2021-08-06 10:28:29.512044,644194,0.0,6.2
2021-08-06 10:28:29.667521,491615,0.0,0.0
2021-08-06 10:28:29.667521,491677,0.0,4.3
2021-08-06 10:28:29.667521,644194,0.0,6.2
2021-08-06 10:28:29.823101,491615,0.0,0.0
2021-08-06 10:28:29.823101,491677,0.0,4.3
2021-08-06 10:28:29.823101,644194,0.0,6.2
2021-08-06 10:28:29.978717,491615,0.0,0.0
2021-08-06 10:28:29.978717,491677,0.0,4.3
2021-08-06 10:28:29.978717,644194,0.0,6.2
2021-08-06 10:28:30.134526,491615,0.0,0.0
2021-08-06 10:28:30.134526,491677,0.0,4.3
2021-08-06 10:28:30.134526,644194,0.0,6.2
2021-08-06 10:28:30.290281,491615,0.0,0.0
2021-08-06 10:28:30.290281,491677,0.0,4.3
2021-08-06 10:28:30.290281,644194,0.0,6.2
2021-08-06 10:28:30.446014,491615,0.0,0.0
2021-08-06 10:28:30.446014,491677,0.0,4.3
2021-08-06 10:28:30.446014,644194,0.0,6.2
2021-08-06 10:28:30.601492,491615,0.0,0.0
2021-08-06 10:28:30.601492,491677,0.0,4.3
2021-08-06 10:28:30.601492,644194,0.0,6.2
2021-08-06 10:28:30.757037,644194,6.7,6.2
2021-08-06 10:28:30.757037,491615,0.0,0.0
2021-08-06 10:28:30.757037,491677,0.0,4.3
2021-08-06 10:28:30.913117,491615,0.0,0.0
2021-08-06 10:28:30.913117,491677,0.0,4.3
2021-08-06 10:28:30.913117,644194,0.0,6.2
2021-08-06 10:28:31.069048,491615,0.0,0.0
2021-08-06 10:28:31.069048,491677,0.0,4.3
2021-08-06 10:28:31.069048,644194,0.0,6.2
2021-08-06 10:28:31.224823,491615,0.0,0.0
2021-08-06 10:28:31.224823,491677,0.0,4.3
2021-08-06 10:28:31.224823,644194,0.0,6.2
2021-08-06 10:28:31.380654,491677,6.7,4.3
2021-08-06 10:28:31.380654,491615,0.0,0.0
2021-08-06 10:28:31.380654,644194,0.0,6.2
2021-08-06 10:28:31.537472,644194,13.3,6.2
2021-08-06 10:28:31.537472,491615,0.0,0.0
2021-08-06 10:28:31.537472,491677,0.0,4.3
2021-08-06 10:28:31.693559,491615,0.0,0.0
2021-08-06 10:28:31.693559,491677,0.0,4.3
2021-08-06 10:28:31.693559,644194,0.0,6.2
2021-08-06 10:28:31.849234,491615,0.0,0.0
2021-08-06 10:28:31.849234,491677,0.0,4.3
2021-08-06 10:28:31.849234,644194,0.0,6.2
2021-08-06 10:28:32.004868,644194,6.7,6.2
2021-08-06 10:28:32.004868,491615,0.0,0.0
2021-08-06 10:28:32.004868,491677,0.0,4.3
2021-08-06 10:28:32.160501,491615,0.0,0.0
2021-08-06 10:28:32.160501,491677,0.0,4.3
2021-08-06 10:28:32.160501,644194,0.0,6.2
2021-08-06 10:28:32.315997,491615,0.0,0.0
2021-08-06 10:28:32.315997,491677,0.0,4.3
2021-08-06 10:28:32.315997,644194,0.0,6.2
2021-08-06 10:28:32.471566,491615,0.0,0.0
2021-08-06 10:28:32.471566,491677,0.0,4.3
2021-08-06 10:28:32.471566,644194,0.0,6.2
2021-08-06 10:28:32.627199,491615,0.0,0.0
2021-08-06 10:28:32.627199,491677,0.0,4.3
2021-08-06 10:28:32.627199,644194,0.0,6.2
2021-08-06 10:28:32.783092,491615,0.0,0.0
2021-08-06 10:28:32.783092,491677,0.0,4.3
2021-08-06 10:28:32.783092,644194,0.0,6.2
2021-08-06 10:28:32.938726,491615,0.0,0.0
2021-08-06 10:28:32.938726,491677,0.0,4.3
2021-08-06 10:28:32.938726,644194,0.0,6.2
2021-08-06 10:28:33.094234,491615,0.0,0.0
2021-08-06 10:28:33.094234,491677,0.0,4.3
2021-08-06 10:28:33.094234,644194,0.0,6.2
2021-08-06 10:28:33.249762,644194,6.7,6.2
2021-08-06 10:28:33.249762,491615,0.0,0.0
2021-08-06 10:28:33.249762,491677,0.0,4.3
2021-08-06 10:28:33.405307,491615,0.0,0.0
2021-08-06 10:28:33.405307,491677,0.0,4.3
2021-08-06 10:28:33.405307,644194,0.0,6.2
2021-08-06 10:28:33.560915,491615,0.0,0.0
2021-08-06 10:28:33.560915,491677,0.0,4.3
2021-08-06 10:28:33.560915,644194,0.0,6.2
2021-08-06 10:28:33.716835,491615,0.0,0.0
2021-08-06 10:28:33.716835,491677,0.0,4.3
2021-08-06 10:28:33.716835,644194,0.0,6.2
2021-08-06 10:28:33.872657,491615,0.0,0.0
2021-08-06 10:28:33.872657,491677,0.0,4.3
2021-08-06 10:28:33.872657,644194,0.0,6.2
2021-08-06 10:28:34.028435,491615,0.0,0.0
2021-08-06 10:28:34.028435,491677,0.0,4.3
2021-08-06 10:28:34.028435,644194,0.0,6.2
2021-08-06 10:28:34.183968,491615,0.0,0.0
2021-08-06 10:28:34.183968,491677,0.0,4.3
2021-08-06 10:28:34.183968,644194,0.0,6.2
2021-08-06 10:28:34.339575,491615,0.0,0.0
2021-08-06 10:28:34.339575,491677,0.0,4.3
2021-08-06 10:28:34.339575,644194,0.0,6.2
2021-08-06 10:28:34.495562,491615,0.0,0.0
2021-08-06 10:28:34.495562,491677,0.0,4.3
2021-08-06 10:28:34.495562,644194,0.0,6.2
2021-08-06 10:28:34.651118,644194,6.7,6.2
2021-08-06 10:28:34.651118,491615,0.0,0.0
2021-08-06 10:28:34.651118,491677,0.0,4.3
2021-08-06 10:28:34.806753,491615,0.0,0.0
2021-08-06 10:28:34.806753,491677,0.0,4.3
2021-08-06 10:28:34.806753,644194,0.0,6.2
2021-08-06 10:28:34.962249,491615,0.0,0.0
2021-08-06 10:28:34.962249,491677,0.0,4.3
2021-08-06 10:28:34.962249,644194,0.0,6.2
2021-08-06 10:28:35.117691,491615,0.0,0.0
2021-08-06 10:28:35.117691,491677,0.0,4.3
2021-08-06 10:28:35.117691,644194,0.0,6.2
2021-08-06 10:28:35.273330,491615,0.0,0.0
2021-08-06 10:28:35.273330,491677,0.0,4.3
2021-08-06 10:28:35.273330,644194,0.0,6.2
2021-08-06 10:28:35.429187,491615,0.0,0.0
2021-08-06 10:28:35.429187,491677,0.0,4.3
2021-08-06 10:28:35.429187,644194,0.0,6.2
2021-08-06 10:28:35.584693,491615,0.0,0.0
2021-08-06 10:28:35.584693,491677,0.0,4.3
2021-08-06 10:28:35.584693,644194,0.0,6.2
2021-08-06 10:28:35.740188,491615,0.0,0.0
2021-08-06 10:28:35.740188,491677,0.0,4.3
2021-08-06 10:28:35.740188,644194,0.0,6.2
2021-08-06 10:28:35.895850,491615,0.0,0.0
2021-08-06 10:28:35.895850,491677,0.0,4.3
2021-08-06 10:28:35.895850,644194,0.0,6.2
2021-08-06 10:28:36.051327,491615,0.0,0.0
2021-08-06 10:28:36.051327,491677,0.0,4.3
2021-08-06 10:28:36.051327,644194,0.0,6.2
2021-08-06 10:28:36.206896,491615,0.0,0.0
2021-08-06 10:28:36.206896,491677,0.0,4.3
2021-08-06 10:28:36.206896,644194,0.0,6.2
2021-08-06 10:28:36.362731,491615,0.0,0.0
2021-08-06 10:28:36.362731,491677,0.0,4.3
2021-08-06 10:28:36.362731,644194,0.0,6.2
2021-08-06 10:28:36.518330,491615,0.0,0.0
2021-08-06 10:28:36.518330,491677,0.0,4.3
2021-08-06 10:28:36.518330,644194,0.0,6.2
2021-08-06 10:28:36.673917,491615,0.0,0.0
2021-08-06 10:28:36.673917,491677,0.0,4.3
2021-08-06 10:28:36.673917,644194,0.0,6.2
2021-08-06 10:28:36.829476,644194,6.7,6.2
2021-08-06 10:28:36.829476,491615,0.0,0.0
2021-08-06 10:28:36.829476,491677,0.0,4.3
2021-08-06 10:28:36.985149,491615,0.0,0.0
2021-08-06 10:28:36.985149,491677,0.0,4.3
2021-08-06 10:28:36.985149,644194,0.0,6.2
2021-08-06 10:28:37.140857,491615,0.0,0.0
2021-08-06 10:28:37.140857,491677,0.0,4.3
2021-08-06 10:28:37.140857,644194,0.0,6.2
2021-08-06 10:28:37.296543,491615,0.0,0.0
2021-08-06 10:28:37.296543,491677,0.0,4.3
2021-08-06 10:28:37.296543,644194,0.0,6.2
2021-08-06 10:28:37.452114,491615,0.0,0.0
2021-08-06 10:28:37.452114,491677,0.0,4.3
2021-08-06 10:28:37.452114,644194,0.0,6.2
2021-08-06 10:28:37.607625,491615,0.0,0.0
2021-08-06 10:28:37.607625,491677,0.0,4.3
2021-08-06 10:28:37.607625,644194,0.0,6.2
2021-08-06 10:28:37.763160,491615,0.0,0.0
2021-08-06 10:28:37.763160,491677,0.0,4.3
2021-08-06 10:28:37.763160,644194,0.0,6.2
2021-08-06 10:28:37.918847,491615,0.0,0.0
2021-08-06 10:28:37.918847,491677,0.0,4.3
2021-08-06 10:28:37.918847,644194,0.0,6.2
2021-08-06 10:28:38.074426,491615,0.0,0.0
2021-08-06 10:28:38.074426,491677,0.0,4.3
2021-08-06 10:28:38.074426,644194,0.0,6.2
2021-08-06 10:28:38.230120,644194,13.3,6.2
2021-08-06 10:28:38.230120,491615,0.0,0.0
2021-08-06 10:28:38.230120,491677,0.0,4.3
2021-08-06 10:28:38.385979,491615,0.0,0.0
2021-08-06 10:28:38.385979,491677,0.0,4.3
2021-08-06 10:28:38.385979,644194,0.0,6.2
2021-08-06 10:28:38.541517,491615,0.0,0.0
2021-08-06 10:28:38.541517,491677,0.0,4.3
2021-08-06 10:28:38.541517,644194,0.0,6.2
2021-08-06 10:28:38.697380,644194,6.7,6.2
2021-08-06 10:28:38.697380,491615,0.0,0.0
2021-08-06 10:28:38.697380,491677,0.0,4.3
2021-08-06 10:28:38.853115,491615,0.0,0.0
2021-08-06 10:28:38.853115,491677,0.0,4.3
2021-08-06 10:28:38.853115,644194,0.0,6.2
2021-08-06 10:28:39.008774,491615,0.0,0.0
2021-08-06 10:28:39.008774,491677,0.0,4.3
2021-08-06 10:28:39.008774,644194,0.0,6.2
2021-08-06 10:28:39.164317,491615,0.0,0.0
2021-08-06 10:28:39.164317,491677,0.0,4.3
2021-08-06 10:28:39.164317,644194,0.0,6.2
2021-08-06 10:28:39.320048,491615,0.0,0.0
2021-08-06 10:28:39.320048,491677,0.0,4.3
2021-08-06 10:28:39.320048,644194,0.0,6.2
2021-08-06 10:28:39.475750,491615,0.0,0.0
2021-08-06 10:28:39.475750,491677,0.0,4.3
2021-08-06 10:28:39.475750,644194,0.0,6.2
2021-08-06 10:28:39.631243,491615,0.0,0.0
2021-08-06 10:28:39.631243,491677,0.0,4.3
2021-08-06 10:28:39.631243,644194,0.0,6.2
2021-08-06 10:28:39.787860,491615,0.0,0.0
2021-08-06 10:28:39.787860,491677,0.0,4.3
2021-08-06 10:28:39.787860,644194,0.0,6.2
2021-08-06 10:28:39.943331,491615,0.0,0.0
2021-08-06 10:28:39.943331,491677,0.0,4.3
2021-08-06 10:28:39.943331,644194,0.0,6.2
2021-08-06 10:28:40.098790,491615,0.0,0.0
2021-08-06 10:28:40.098790,491677,0.0,4.3
2021-08-06 10:28:40.098790,644194,0.0,6.2
2021-08-06 10:28:40.254284,491615,0.0,0.0
2021-08-06 10:28:40.254284,491677,0.0,4.3
2021-08-06 10:28:40.254284,644194,0.0,6.2
2021-08-06 10:28:40.409833,491615,0.0,0.0
2021-08-06 10:28:40.409833,491677,0.0,4.3
2021-08-06 10:28:40.409833,644194,0.0,6.2
2021-08-06 10:28:40.565275,491615,0.0,0.0
2021-08-06 10:28:40.565275,491677,0.0,4.3
2021-08-06 10:28:40.565275,644194,0.0,6.2
2021-08-06 10:28:40.721090,644194,13.3,6.2
2021-08-06 10:28:40.721090,491615,0.0,0.0
2021-08-06 10:28:40.721090,491677,0.0,4.3
2021-08-06 10:28:40.877098,644194,6.7,6.2
2021-08-06 10:28:40.877098,491615,0.0,0.0
2021-08-06 10:28:40.877098,491677,0.0,4.3
2021-08-06 10:28:41.033039,491615,0.0,0.0
2021-08-06 10:28:41.033039,491677,0.0,4.3
2021-08-06 10:28:41.033039,644194,0.0,6.2
2021-08-06 10:28:41.188794,491615,0.0,0.0
2021-08-06 10:28:41.188794,491677,0.0,4.3
2021-08-06 10:28:41.188794,644194,0.0,6.2
2021-08-06 10:28:41.344337,491615,0.0,0.0
2021-08-06 10:28:41.344337,491677,0.0,4.3
2021-08-06 10:28:41.344337,644194,0.0,6.2
2021-08-06 10:28:41.499930,491615,0.0,0.0
2021-08-06 10:28:41.499930,491677,0.0,4.3
2021-08-06 10:28:41.499930,644194,0.0,6.2
2021-08-06 10:28:41.655567,644194,6.7,6.2
2021-08-06 10:28:41.655567,491615,0.0,0.0
2021-08-06 10:28:41.655567,491677,0.0,4.3
2021-08-06 10:28:41.811354,491615,0.0,0.0
2021-08-06 10:28:41.811354,491677,0.0,4.3
2021-08-06 10:28:41.811354,644194,0.0,6.2
2021-08-06 10:28:41.966840,491615,0.0,0.0
2021-08-06 10:28:41.966840,491677,0.0,4.3
2021-08-06 10:28:41.966840,644194,0.0,6.2
2021-08-06 10:28:42.122426,491615,0.0,0.0
2021-08-06 10:28:42.122426,491677,0.0,4.3
2021-08-06 10:28:42.122426,644194,0.0,6.2
2021-08-06 10:28:42.278285,491615,0.0,0.0
2021-08-06 10:28:42.278285,491677,0.0,4.3
2021-08-06 10:28:42.278285,644194,0.0,6.2
2021-08-06 10:28:42.433825,491615,0.0,0.0
2021-08-06 10:28:42.433825,491677,0.0,4.3
2021-08-06 10:28:42.433825,644194,0.0,6.2
2021-08-06 10:28:42.589500,644194,6.7,6.2
2021-08-06 10:28:42.589500,491615,0.0,0.0
2021-08-06 10:28:42.589500,491677,0.0,4.3
2021-08-06 10:28:42.745305,491615,0.0,0.0
2021-08-06 10:28:42.745305,491677,0.0,4.3
2021-08-06 10:28:42.745305,644194,0.0,6.2
2021-08-06 10:28:42.901103,491615,0.0,0.0
2021-08-06 10:28:42.901103,491677,0.0,4.3
2021-08-06 10:28:42.901103,644194,0.0,6.2
2021-08-06 10:28:43.057067,491615,0.0,0.0
2021-08-06 10:28:43.057067,491677,0.0,4.3
2021-08-06 10:28:43.057067,644194,0.0,6.2
2021-08-06 10:28:43.212825,491615,0.0,0.0
2021-08-06 10:28:43.212825,491677,0.0,4.3
2021-08-06 10:28:43.212825,644194,0.0,6.2
2021-08-06 10:28:43.368502,491615,0.0,0.0
2021-08-06 10:28:43.368502,491677,0.0,4.3
2021-08-06 10:28:43.368502,644194,0.0,6.2
2021-08-06 10:28:43.524093,491615,0.0,0.0
2021-08-06 10:28:43.524093,491677,0.0,4.3
2021-08-06 10:28:43.524093,644194,0.0,6.2
2021-08-06 10:28:43.679644,644194,6.7,6.2
2021-08-06 10:28:43.679644,491615,0.0,0.0
2021-08-06 10:28:43.679644,491677,0.0,4.3
2021-08-06 10:28:43.835507,491615,0.0,0.0
2021-08-06 10:28:43.835507,491677,0.0,4.3
2021-08-06 10:28:43.835507,644194,0.0,6.2
2021-08-06 10:28:43.991020,491615,0.0,0.0
2021-08-06 10:28:43.991020,491677,0.0,4.3
2021-08-06 10:28:43.991020,644194,0.0,6.2
2021-08-06 10:28:44.146470,491615,0.0,0.0
2021-08-06 10:28:44.146470,491677,0.0,4.3
2021-08-06 10:28:44.146470,644194,0.0,6.2
2021-08-06 10:28:44.302011,491615,0.0,0.0
2021-08-06 10:28:44.302011,491677,0.0,4.3
2021-08-06 10:28:44.302011,644194,0.0,6.2
2021-08-06 10:28:44.457522,491615,0.0,0.0
2021-08-06 10:28:44.457522,491677,0.0,4.3
2021-08-06 10:28:44.457522,644194,0.0,6.2
2021-08-06 10:28:44.613034,491615,0.0,0.0
2021-08-06 10:28:44.613034,491677,0.0,4.3
2021-08-06 10:28:44.613034,644194,0.0,6.2
2021-08-06 10:28:44.768745,491615,0.0,0.0
2021-08-06 10:28:44.768745,491677,0.0,4.3
2021-08-06 10:28:44.768745,644194,0.0,6.2
2021-08-06 10:28:44.924319,491615,0.0,0.0
2021-08-06 10:28:44.924319,491677,0.0,4.3
2021-08-06 10:28:44.924319,644194,0.0,6.2
2021-08-06 10:28:45.079785,491615,0.0,0.0
2021-08-06 10:28:45.079785,491677,0.0,4.3
2021-08-06 10:28:45.079785,644194,0.0,6.2
2021-08-06 10:28:45.235199,491615,0.0,0.0
2021-08-06 10:28:45.235199,491677,0.0,4.3
2021-08-06 10:28:45.235199,644194,0.0,6.2
2021-08-06 10:28:45.390710,491615,0.0,0.0
2021-08-06 10:28:45.390710,491677,0.0,4.3
2021-08-06 10:28:45.390710,644194,0.0,6.2
2021-08-06 10:28:45.546135,491615,0.0,0.0
2021-08-06 10:28:45.546135,491677,0.0,4.3
2021-08-06 10:28:45.546135,644194,0.0,6.2
2021-08-06 10:28:45.701572,644194,13.3,6.2
2021-08-06 10:28:45.701572,491615,0.0,0.0
2021-08-06 10:28:45.701572,491677,0.0,4.3
2021-08-06 10:28:45.857344,491615,0.0,0.0
2021-08-06 10:28:45.857344,491677,0.0,4.3
2021-08-06 10:28:45.857344,644194,0.0,6.2
2021-08-06 10:28:46.013050,491615,0.0,0.0
2021-08-06 10:28:46.013050,491677,0.0,4.3
2021-08-06 10:28:46.013050,644194,0.0,6.2
2021-08-06 10:28:46.168834,491615,0.0,0.0
2021-08-06 10:28:46.168834,491677,0.0,4.3
2021-08-06 10:28:46.168834,644194,0.0,6.2
2021-08-06 10:28:46.324833,644194,13.3,6.2
2021-08-06 10:28:46.324833,491615,0.0,0.0
2021-08-06 10:28:46.324833,491677,0.0,4.3
2021-08-06 10:28:46.480688,491615,0.0,0.0
2021-08-06 10:28:46.480688,491677,0.0,4.3
2021-08-06 10:28:46.480688,644194,0.0,6.2
2021-08-06 10:28:46.636293,491615,0.0,0.0
2021-08-06 10:28:46.636293,491677,0.0,4.3
2021-08-06 10:28:46.636293,644194,0.0,6.2
2021-08-06 10:28:46.792056,491615,0.0,0.0
2021-08-06 10:28:46.792056,491677,0.0,4.3
2021-08-06 10:28:46.792056,644194,0.0,6.2
2021-08-06 10:28:46.947715,491615,0.0,0.0
2021-08-06 10:28:46.947715,491677,0.0,4.3
2021-08-06 10:28:46.947715,644194,0.0,6.2
2021-08-06 10:28:47.103217,491615,0.0,0.0
2021-08-06 10:28:47.103217,491677,0.0,4.3
2021-08-06 10:28:47.103217,644194,0.0,6.2
2021-08-06 10:28:47.258758,491615,0.0,0.0
2021-08-06 10:28:47.258758,491677,0.0,4.3
2021-08-06 10:28:47.258758,644194,0.0,6.2
2021-08-06 10:28:47.414331,491615,0.0,0.0
2021-08-06 10:28:47.414331,491677,0.0,4.3
2021-08-06 10:28:47.414331,644194,0.0,6.2
2021-08-06 10:28:47.569783,491615,0.0,0.0
2021-08-06 10:28:47.569783,491677,0.0,4.3
2021-08-06 10:28:47.569783,644194,0.0,6.2
2021-08-06 10:28:47.725302,491615,0.0,0.0
2021-08-06 10:28:47.725302,491677,0.0,4.3
2021-08-06 10:28:47.725302,644194,0.0,6.2
2021-08-06 10:28:47.881165,491615,0.0,0.0
2021-08-06 10:28:47.881165,491677,0.0,4.3
2021-08-06 10:28:47.881165,644194,0.0,6.2
2021-08-06 10:28:48.036673,491615,0.0,0.0
2021-08-06 10:28:48.036673,491677,0.0,4.3
2021-08-06 10:28:48.036673,644194,0.0,6.2
2021-08-06 10:28:48.192164,491615,0.0,0.0
2021-08-06 10:28:48.192164,491677,0.0,4.3
2021-08-06 10:28:48.192164,644194,0.0,6.2
2021-08-06 10:28:48.347834,491615,0.0,0.0
2021-08-06 10:28:48.347834,491677,0.0,4.3
2021-08-06 10:28:48.347834,644194,0.0,6.2
2021-08-06 10:28:48.503340,491615,0.0,0.0
2021-08-06 10:28:48.503340,491677,0.0,4.3
2021-08-06 10:28:48.503340,644194,0.0,6.2
2021-08-06 10:28:48.659039,491615,0.0,0.0
2021-08-06 10:28:48.659039,491677,0.0,4.3
2021-08-06 10:28:48.659039,644194,0.0,6.2
2021-08-06 10:28:48.814632,491615,0.0,0.0
2021-08-06 10:28:48.814632,491677,0.0,4.3
2021-08-06 10:28:48.814632,644194,0.0,6.2
2021-08-06 10:28:48.970178,491615,0.0,0.0
2021-08-06 10:28:48.970178,491677,0.0,4.3
2021-08-06 10:28:48.970178,644194,0.0,6.2
2021-08-06 10:28:49.125875,491615,0.0,0.0
2021-08-06 10:28:49.125875,491677,0.0,4.3
2021-08-06 10:28:49.125875,644194,0.0,6.2
2021-08-06 10:28:49.281366,491615,0.0,0.0
2021-08-06 10:28:49.281366,491677,0.0,4.3
2021-08-06 10:28:49.281366,644194,0.0,6.2
2021-08-06 10:28:49.437142,644194,6.7,6.2
2021-08-06 10:28:49.437142,491615,0.0,0.0
2021-08-06 10:28:49.437142,491677,0.0,4.3
2021-08-06 10:28:49.592798,491615,0.0,0.0
2021-08-06 10:28:49.592798,491677,0.0,4.3
2021-08-06 10:28:49.592798,644194,0.0,6.2
2021-08-06 10:28:49.748352,491615,0.0,0.0
2021-08-06 10:28:49.748352,491677,0.0,4.3
2021-08-06 10:28:49.748352,644194,0.0,6.2
2021-08-06 10:28:49.904027,491615,0.0,0.0
2021-08-06 10:28:49.904027,491677,0.0,4.3
2021-08-06 10:28:49.904027,644194,0.0,6.2
2021-08-06 10:28:50.059588,491615,0.0,0.0
2021-08-06 10:28:50.059588,491677,0.0,4.3
2021-08-06 10:28:50.059588,644194,0.0,6.2
2021-08-06 10:28:50.215048,491615,0.0,0.0
2021-08-06 10:28:50.215048,491677,0.0,4.3
2021-08-06 10:28:50.215048,644194,0.0,6.2
2021-08-06 10:28:50.370555,491615,0.0,0.0
2021-08-06 10:28:50.370555,491677,0.0,4.3
2021-08-06 10:28:50.370555,644194,0.0,6.2
2021-08-06 10:28:50.526037,491615,0.0,0.0
2021-08-06 10:28:50.526037,491677,0.0,4.3
2021-08-06 10:28:50.526037,644194,0.0,6.2
2021-08-06 10:28:50.681485,491615,0.0,0.0
2021-08-06 10:28:50.681485,491677,0.0,4.3
2021-08-06 10:28:50.681485,644194,0.0,6.2
2021-08-06 10:28:50.837195,644194,6.7,6.2
2021-08-06 10:28:50.837195,491615,0.0,0.0
2021-08-06 10:28:50.837195,491677,0.0,4.3
2021-08-06 10:28:50.993042,491615,0.0,0.0
2021-08-06 10:28:50.993042,491677,0.0,4.3
2021-08-06 10:28:50.993042,644194,0.0,6.2
2021-08-06 10:28:51.148541,491615,0.0,0.0
2021-08-06 10:28:51.148541,491677,0.0,4.3
2021-08-06 10:28:51.148541,644194,0.0,6.2
2021-08-06 10:28:51.304054,491615,0.0,0.0
2021-08-06 10:28:51.304054,491677,0.0,4.3
2021-08-06 10:28:51.304054,644194,0.0,6.2
2021-08-06 10:28:51.459646,491615,0.0,0.0
2021-08-06 10:28:51.459646,491677,0.0,4.3
2021-08-06 10:28:51.459646,644194,0.0,6.2
2021-08-06 10:28:51.615222,491615,0.0,0.0
2021-08-06 10:28:51.615222,491677,0.0,4.3
2021-08-06 10:28:51.615222,644194,0.0,6.2
2021-08-06 10:28:51.771088,491615,0.0,0.0
2021-08-06 10:28:51.771088,491677,0.0,4.3
2021-08-06 10:28:51.771088,644194,0.0,6.2
2021-08-06 10:28:51.926680,491615,0.0,0.0
2021-08-06 10:28:51.926680,491677,0.0,4.3
2021-08-06 10:28:51.926680,644194,0.0,6.2
2021-08-06 10:28:52.082271,644194,6.7,6.2
2021-08-06 10:28:52.082271,491615,0.0,0.0
2021-08-06 10:28:52.082271,491677,0.0,4.3
2021-08-06 10:28:52.238038,491615,0.0,0.0
2021-08-06 10:28:52.238038,491677,0.0,4.3
2021-08-06 10:28:52.238038,644194,0.0,6.2
2021-08-06 10:28:52.393572,491615,0.0,0.0
2021-08-06 10:28:52.393572,491677,0.0,4.3
2021-08-06 10:28:52.393572,644194,0.0,6.2
2021-08-06 10:28:52.549105,491615,0.0,0.0
2021-08-06 10:28:52.549105,491677,0.0,4.3
2021-08-06 10:28:52.549105,644194,0.0,6.2
2021-08-06 10:28:52.705049,491615,0.0,0.0
2021-08-06 10:28:52.705049,491677,0.0,4.3
2021-08-06 10:28:52.705049,644194,0.0,6.2
2021-08-06 10:28:52.860998,491615,0.0,0.0
2021-08-06 10:28:52.860998,491677,0.0,4.3
2021-08-06 10:28:52.860998,644194,0.0,6.2
2021-08-06 10:28:53.016760,491615,0.0,0.0
2021-08-06 10:28:53.016760,491677,0.0,4.3
2021-08-06 10:28:53.016760,644194,0.0,6.2
2021-08-06 10:28:53.172550,491615,0.0,0.0
2021-08-06 10:28:53.172550,491677,0.0,4.3
2021-08-06 10:28:53.172550,644194,0.0,6.2
2021-08-06 10:28:53.328361,491615,0.0,0.0
2021-08-06 10:28:53.328361,491677,0.0,4.3
2021-08-06 10:28:53.328361,644194,0.0,6.2
2021-08-06 10:28:53.483998,491615,0.0,0.0
2021-08-06 10:28:53.483998,491677,0.0,4.3
2021-08-06 10:28:53.483998,644194,0.0,6.2
2021-08-06 10:28:53.639493,644194,6.7,6.2
2021-08-06 10:28:53.639493,491615,0.0,0.0
2021-08-06 10:28:53.639493,491677,0.0,4.3
2021-08-06 10:28:53.795302,491615,0.0,0.0
2021-08-06 10:28:53.795302,491677,0.0,4.3
2021-08-06 10:28:53.795302,644194,0.0,6.2
2021-08-06 10:28:53.950907,491615,0.0,0.0
2021-08-06 10:28:53.950907,491677,0.0,4.3
2021-08-06 10:28:53.950907,644194,0.0,6.2
2021-08-06 10:28:54.106675,491615,0.0,0.0
2021-08-06 10:28:54.106675,491677,0.0,4.3
2021-08-06 10:28:54.106675,644194,0.0,6.2
2021-08-06 10:28:54.262427,491615,0.0,0.0
2021-08-06 10:28:54.262427,491677,0.0,4.3
2021-08-06 10:28:54.262427,644194,0.0,6.2
2021-08-06 10:28:54.418001,491615,0.0,0.0
2021-08-06 10:28:54.418001,491677,0.0,4.3
2021-08-06 10:28:54.418001,644194,0.0,6.2
2021-08-06 10:28:54.573488,491615,0.0,0.0
2021-08-06 10:28:54.573488,491677,0.0,4.3
2021-08-06 10:28:54.573488,644194,0.0,6.2
2021-08-06 10:28:54.729042,644194,6.7,6.2
2021-08-06 10:28:54.729042,491615,0.0,0.0
2021-08-06 10:28:54.729042,491677,0.0,4.3
2021-08-06 10:28:54.884787,491615,0.0,0.0
2021-08-06 10:28:54.884787,491677,0.0,4.3
2021-08-06 10:28:54.884787,644194,0.0,6.2
2021-08-06 10:28:55.040459,491615,0.0,0.0
2021-08-06 10:28:55.040459,491677,0.0,4.3
2021-08-06 10:28:55.040459,644194,0.0,6.2
2021-08-06 10:28:55.195971,491615,0.0,0.0
2021-08-06 10:28:55.195971,491677,0.0,4.3
2021-08-06 10:28:55.195971,644194,0.0,6.2
2021-08-06 10:28:55.351521,491615,0.0,0.0
2021-08-06 10:28:55.351521,491677,0.0,4.3
2021-08-06 10:28:55.351521,644194,0.0,6.2
2021-08-06 10:28:55.507066,491615,0.0,0.0
2021-08-06 10:28:55.507066,491677,0.0,4.3
2021-08-06 10:28:55.507066,644194,0.0,6.2
2021-08-06 10:28:55.662759,491615,0.0,0.0
2021-08-06 10:28:55.662759,491677,0.0,4.3
2021-08-06 10:28:55.662759,644194,0.0,6.2
2021-08-06 10:28:55.818488,491615,0.0,0.0
2021-08-06 10:28:55.818488,491677,0.0,4.3
2021-08-06 10:28:55.818488,644194,0.0,6.2
2021-08-06 10:28:55.973967,491615,0.0,0.0
2021-08-06 10:28:55.973967,491677,0.0,4.3
2021-08-06 10:28:55.973967,644194,0.0,6.2
2021-08-06 10:28:56.129868,644194,6.7,6.2
2021-08-06 10:28:56.129868,491615,0.0,0.0
2021-08-06 10:28:56.129868,491677,0.0,4.3
2021-08-06 10:28:56.285723,491615,0.0,0.0
2021-08-06 10:28:56.285723,491677,0.0,4.3
2021-08-06 10:28:56.285723,644194,0.0,6.2
2021-08-06 10:28:56.441266,491615,0.0,0.0
2021-08-06 10:28:56.441266,491677,0.0,4.3
2021-08-06 10:28:56.441266,644194,0.0,6.2
2021-08-06 10:28:56.596979,491615,0.0,0.0
2021-08-06 10:28:56.596979,491677,0.0,4.3
2021-08-06 10:28:56.596979,644194,0.0,6.2
2021-08-06 10:28:56.752833,491615,0.0,0.0
2021-08-06 10:28:56.752833,491677,0.0,4.3
2021-08-06 10:28:56.752833,644194,0.0,6.2
2021-08-06 10:28:56.908533,491615,0.0,0.0
2021-08-06 10:28:56.908533,491677,0.0,4.3
2021-08-06 10:28:56.908533,644194,0.0,6.2
2021-08-06 10:28:57.063993,491615,0.0,0.0
2021-08-06 10:28:57.063993,491677,0.0,4.3
2021-08-06 10:28:57.063993,644194,0.0,6.2
2021-08-06 10:28:57.219442,491615,0.0,0.0
2021-08-06 10:28:57.219442,491677,0.0,4.3
2021-08-06 10:28:57.219442,644194,0.0,6.2
2021-08-06 10:28:57.374940,491615,0.0,0.0
2021-08-06 10:28:57.374940,491677,0.0,4.3
2021-08-06 10:28:57.374940,644194,0.0,6.2
2021-08-06 10:28:57.530484,644194,6.7,6.2
2021-08-06 10:28:57.530484,491615,0.0,0.0
2021-08-06 10:28:57.530484,491677,0.0,4.3
2021-08-06 10:28:57.685995,491615,0.0,0.0
2021-08-06 10:28:57.685995,491677,0.0,4.3
2021-08-06 10:28:57.685995,644194,0.0,6.2
2021-08-06 10:28:57.841713,491615,0.0,0.0
2021-08-06 10:28:57.841713,491677,0.0,4.3
2021-08-06 10:28:57.841713,644194,0.0,6.2
2021-08-06 10:28:57.997267,491615,0.0,0.0
2021-08-06 10:28:57.997267,491677,0.0,4.3
2021-08-06 10:28:57.997267,644194,0.0,6.2
2021-08-06 10:28:58.153030,491615,0.0,0.0
2021-08-06 10:28:58.153030,491677,0.0,4.3
2021-08-06 10:28:58.153030,644194,0.0,6.2
2021-08-06 10:28:58.308739,491615,0.0,0.0
2021-08-06 10:28:58.308739,491677,0.0,4.3
2021-08-06 10:28:58.308739,644194,0.0,6.2
2021-08-06 10:28:58.464444,491615,0.0,0.0
2021-08-06 10:28:58.464444,491677,0.0,4.3
2021-08-06 10:28:58.464444,644194,0.0,6.2
2021-08-06 10:28:58.619953,491615,0.0,0.0
2021-08-06 10:28:58.619953,491677,0.0,4.3
2021-08-06 10:28:58.619953,644194,0.0,6.2
2021-08-06 10:28:58.775708,491615,0.0,0.0
2021-08-06 10:28:58.775708,491677,0.0,4.3
2021-08-06 10:28:58.775708,644194,0.0,6.2
2021-08-06 10:28:58.931511,491615,0.0,0.0
2021-08-06 10:28:58.931511,491677,0.0,4.3
2021-08-06 10:28:58.931511,644194,0.0,6.2
2021-08-06 10:28:59.087074,491615,0.0,0.0
2021-08-06 10:28:59.087074,491677,0.0,4.3
2021-08-06 10:28:59.087074,644194,0.0,6.2
2021-08-06 10:28:59.242572,491615,0.0,0.0
2021-08-06 10:28:59.242572,491677,0.0,4.3
2021-08-06 10:28:59.242572,644194,0.0,6.2
2021-08-06 10:28:59.398129,491615,0.0,0.0
2021-08-06 10:28:59.398129,491677,0.0,4.3
2021-08-06 10:28:59.398129,644194,0.0,6.2
2021-08-06 10:28:59.553585,491615,0.0,0.0
2021-08-06 10:28:59.553585,491677,0.0,4.3
2021-08-06 10:28:59.553585,644194,0.0,6.2
2021-08-06 10:28:59.709174,491615,0.0,0.0
2021-08-06 10:28:59.709174,491677,0.0,4.3
2021-08-06 10:28:59.709174,644194,0.0,6.2
2021-08-06 10:28:59.864976,491615,0.0,0.0
2021-08-06 10:28:59.864976,491677,0.0,4.3
2021-08-06 10:28:59.864976,644194,0.0,6.2
2021-08-06 10:29:00.020723,491615,0.0,0.0
2021-08-06 10:29:00.020723,491677,0.0,4.3
2021-08-06 10:29:00.020723,644194,0.0,6.2
2021-08-06 10:29:00.176390,491615,0.0,0.0
2021-08-06 10:29:00.176390,491677,0.0,4.3
2021-08-06 10:29:00.176390,644194,0.0,6.2
2021-08-06 10:29:00.332118,491615,0.0,0.0
2021-08-06 10:29:00.332118,491677,0.0,4.3
2021-08-06 10:29:00.332118,644194,0.0,6.2
2021-08-06 10:29:00.487674,491615,0.0,0.0
2021-08-06 10:29:00.487674,491677,0.0,4.3
2021-08-06 10:29:00.487674,644194,0.0,6.2
2021-08-06 10:29:00.643264,644194,6.7,6.2
2021-08-06 10:29:00.643264,491615,0.0,0.0
2021-08-06 10:29:00.643264,491677,0.0,4.3
2021-08-06 10:29:00.799149,644194,6.7,6.2
2021-08-06 10:29:00.799149,491615,0.0,0.0
2021-08-06 10:29:00.799149,491677,0.0,4.3
2021-08-06 10:29:00.955114,491615,0.0,0.0
2021-08-06 10:29:00.955114,491677,0.0,4.3
2021-08-06 10:29:00.955114,644194,0.0,6.2
2021-08-06 10:29:01.110770,491615,0.0,0.0
2021-08-06 10:29:01.110770,491677,0.0,4.3
2021-08-06 10:29:01.110770,644194,0.0,6.2
2021-08-06 10:29:01.266555,491615,0.0,0.0
2021-08-06 10:29:01.266555,491677,0.0,4.3
2021-08-06 10:29:01.266555,644194,0.0,6.2
2021-08-06 10:29:01.422370,491615,0.0,0.0
2021-08-06 10:29:01.422370,491677,0.0,4.3
2021-08-06 10:29:01.422370,644194,0.0,6.2
2021-08-06 10:29:01.578202,644194,6.7,6.2
2021-08-06 10:29:01.578202,491615,0.0,0.0
2021-08-06 10:29:01.578202,491677,0.0,4.3
2021-08-06 10:29:01.734072,491615,0.0,0.0
2021-08-06 10:29:01.734072,491677,0.0,4.3
2021-08-06 10:29:01.734072,644194,0.0,6.2
2021-08-06 10:29:01.889715,491615,0.0,0.0
2021-08-06 10:29:01.889715,491677,0.0,4.3
2021-08-06 10:29:01.889715,644194,0.0,6.2
2021-08-06 10:29:02.045223,644194,6.7,6.2
2021-08-06 10:29:02.045223,491615,0.0,0.0
2021-08-06 10:29:02.045223,491677,0.0,4.3
2021-08-06 10:29:02.201028,491615,0.0,0.0
2021-08-06 10:29:02.201028,491677,0.0,4.3
2021-08-06 10:29:02.201028,644194,0.0,6.2
2021-08-06 10:29:02.356587,491615,0.0,0.0
2021-08-06 10:29:02.356587,491677,0.0,4.3
2021-08-06 10:29:02.356587,644194,0.0,6.2
2021-08-06 10:29:02.512083,491615,0.0,0.0
2021-08-06 10:29:02.512083,491677,0.0,4.3
2021-08-06 10:29:02.512083,644194,0.0,6.2
2021-08-06 10:29:02.667739,644194,20.0,6.2
2021-08-06 10:29:02.667739,491615,0.0,0.0
2021-08-06 10:29:02.667739,491677,0.0,4.3
2021-08-06 10:29:02.823799,491615,0.0,0.0
2021-08-06 10:29:02.823799,491677,0.0,4.3
2021-08-06 10:29:02.823799,644194,0.0,6.2
2021-08-06 10:29:02.979547,491615,0.0,0.0
2021-08-06 10:29:02.979547,491677,0.0,4.3
2021-08-06 10:29:02.979547,644194,0.0,6.2
2021-08-06 10:29:03.135491,491615,0.0,0.0
2021-08-06 10:29:03.135491,491677,0.0,4.3
2021-08-06 10:29:03.135491,644194,0.0,6.2
2021-08-06 10:29:03.291278,491615,0.0,0.0
2021-08-06 10:29:03.291278,491677,0.0,4.3
2021-08-06 10:29:03.291278,644194,0.0,6.2
2021-08-06 10:29:03.446940,491615,0.0,0.0
2021-08-06 10:29:03.446940,491677,0.0,4.3
2021-08-06 10:29:03.446940,644194,0.0,6.2
2021-08-06 10:29:03.602547,491615,0.0,0.0
2021-08-06 10:29:03.602547,491677,0.0,4.3
2021-08-06 10:29:03.602547,644194,0.0,6.2
2021-08-06 10:29:03.758428,491615,0.0,0.0
2021-08-06 10:29:03.758428,491677,0.0,4.3
2021-08-06 10:29:03.758428,644194,0.0,6.2
2021-08-06 10:29:03.914037,491615,0.0,0.0
2021-08-06 10:29:03.914037,491677,0.0,4.3
2021-08-06 10:29:03.914037,644194,0.0,6.2
2021-08-06 10:29:04.069517,491615,0.0,0.0
2021-08-06 10:29:04.069517,491677,0.0,4.3
2021-08-06 10:29:04.069517,644194,0.0,6.2
2021-08-06 10:29:04.225048,491615,0.0,0.0
2021-08-06 10:29:04.225048,491677,0.0,4.3
2021-08-06 10:29:04.225048,644194,0.0,6.2
2021-08-06 10:29:04.380969,491615,0.0,0.0
2021-08-06 10:29:04.380969,491677,0.0,4.3
2021-08-06 10:29:04.380969,644194,0.0,6.2
2021-08-06 10:29:04.536705,491615,0.0,0.0
2021-08-06 10:29:04.536705,491677,0.0,4.3
2021-08-06 10:29:04.536705,644194,0.0,6.2
2021-08-06 10:29:04.692230,644194,6.7,6.2
2021-08-06 10:29:04.692230,491615,0.0,0.0
2021-08-06 10:29:04.692230,491677,0.0,4.3
2021-08-06 10:29:04.847862,491615,0.0,0.0
2021-08-06 10:29:04.847862,491677,0.0,4.3
2021-08-06 10:29:04.847862,644194,0.0,6.2
2021-08-06 10:29:05.003359,491615,0.0,0.0
2021-08-06 10:29:05.003359,491677,0.0,4.3
2021-08-06 10:29:05.003359,644194,0.0,6.2
2021-08-06 10:29:05.159033,491615,0.0,0.0
2021-08-06 10:29:05.159033,491677,0.0,4.3
2021-08-06 10:29:05.159033,644194,0.0,6.2
2021-08-06 10:29:05.314584,491615,0.0,0.0
2021-08-06 10:29:05.314584,491677,0.0,4.3
2021-08-06 10:29:05.314584,644194,0.0,6.2
2021-08-06 10:29:05.470323,491615,0.0,0.0
2021-08-06 10:29:05.470323,491677,0.0,4.3
2021-08-06 10:29:05.470323,644194,0.0,6.2
2021-08-06 10:29:05.625838,491615,0.0,0.0
2021-08-06 10:29:05.625838,491677,0.0,4.3
2021-08-06 10:29:05.625838,644194,0.0,6.2
2021-08-06 10:29:05.781396,491615,0.0,0.0
2021-08-06 10:29:05.781396,491677,0.0,4.3
2021-08-06 10:29:05.781396,644194,0.0,6.2
2021-08-06 10:29:05.936990,491615,0.0,0.0
2021-08-06 10:29:05.936990,491677,0.0,4.3
2021-08-06 10:29:05.936990,644194,0.0,6.2
2021-08-06 10:29:06.092742,491615,0.0,0.0
2021-08-06 10:29:06.092742,491677,0.0,4.3
2021-08-06 10:29:06.092742,644194,0.0,6.2
2021-08-06 10:29:06.248422,644194,6.7,6.2
2021-08-06 10:29:06.248422,491615,0.0,0.0
2021-08-06 10:29:06.248422,491677,0.0,4.3
2021-08-06 10:29:06.404263,491615,0.0,0.0
2021-08-06 10:29:06.404263,491677,0.0,4.3
2021-08-06 10:29:06.404263,644194,0.0,6.2
2021-08-06 10:29:06.559916,491615,0.0,0.0
2021-08-06 10:29:06.559916,491677,0.0,4.3
2021-08-06 10:29:06.559916,644194,0.0,6.2
2021-08-06 10:29:06.715659,491615,0.0,0.0
2021-08-06 10:29:06.715659,491677,0.0,4.3
2021-08-06 10:29:06.715659,644194,0.0,6.2
2021-08-06 10:29:06.871370,491615,0.0,0.0
2021-08-06 10:29:06.871370,491677,0.0,4.3
2021-08-06 10:29:06.871370,644194,0.0,6.2
2021-08-06 10:29:07.027071,491615,0.0,0.0
2021-08-06 10:29:07.027071,491677,0.0,4.3
2021-08-06 10:29:07.027071,644194,0.0,6.2
2021-08-06 10:29:07.182641,491615,0.0,0.0
2021-08-06 10:29:07.182641,491677,0.0,4.3
2021-08-06 10:29:07.182641,644194,0.0,6.2
2021-08-06 10:29:07.338413,491615,0.0,0.0
2021-08-06 10:29:07.338413,491677,0.0,4.3
2021-08-06 10:29:07.338413,644194,0.0,6.2
2021-08-06 10:29:07.494031,491615,0.0,0.0
2021-08-06 10:29:07.494031,491677,0.0,4.3
2021-08-06 10:29:07.494031,644194,0.0,6.2
2021-08-06 10:29:07.649484,491615,0.0,0.0
2021-08-06 10:29:07.649484,491677,0.0,4.3
2021-08-06 10:29:07.649484,644194,0.0,6.2
2021-08-06 10:29:07.805052,491615,0.0,0.0
2021-08-06 10:29:07.805052,491677,0.0,4.3
2021-08-06 10:29:07.805052,644194,0.0,6.2
2021-08-06 10:29:07.960872,491615,0.0,0.0
2021-08-06 10:29:07.960872,491677,0.0,4.3
2021-08-06 10:29:07.960872,644194,0.0,6.2
2021-08-06 10:29:08.116416,491615,0.0,0.0
2021-08-06 10:29:08.116416,491677,0.0,4.3
2021-08-06 10:29:08.116416,644194,0.0,6.2
2021-08-06 10:29:08.271908,491615,0.0,0.0
2021-08-06 10:29:08.271908,491677,0.0,4.3
2021-08-06 10:29:08.271908,644194,0.0,6.2
2021-08-06 10:29:08.427410,491615,0.0,0.0
2021-08-06 10:29:08.427410,491677,0.0,4.3
2021-08-06 10:29:08.427410,644194,0.0,6.2
2021-08-06 10:29:08.582973,491615,0.0,0.0
2021-08-06 10:29:08.582973,491677,0.0,4.3
2021-08-06 10:29:08.582973,644194,0.0,6.2
2021-08-06 10:29:08.738451,644194,6.7,6.2
2021-08-06 10:29:08.738451,491615,0.0,0.0
2021-08-06 10:29:08.738451,491677,0.0,4.3
2021-08-06 10:29:08.894061,491615,0.0,0.0
2021-08-06 10:29:08.894061,491677,0.0,4.3
2021-08-06 10:29:08.894061,644194,0.0,6.2
2021-08-06 10:29:09.049586,491615,0.0,0.0
2021-08-06 10:29:09.049586,491677,0.0,4.3
2021-08-06 10:29:09.049586,644194,0.0,6.2
2021-08-06 10:29:09.205075,491615,0.0,0.0
2021-08-06 10:29:09.205075,491677,0.0,4.3
2021-08-06 10:29:09.205075,644194,0.0,6.2
2021-08-06 10:29:09.360698,491615,0.0,0.0
2021-08-06 10:29:09.360698,491677,0.0,4.3
2021-08-06 10:29:09.360698,644194,0.0,6.2
2021-08-06 10:29:09.516239,491615,0.0,0.0
2021-08-06 10:29:09.516239,491677,0.0,4.3
2021-08-06 10:29:09.516239,644194,0.0,6.2
2021-08-06 10:29:09.671787,491615,0.0,0.0
2021-08-06 10:29:09.671787,491677,0.0,4.3
2021-08-06 10:29:09.671787,644194,0.0,6.2
2021-08-06 10:29:09.827333,491615,0.0,0.0
2021-08-06 10:29:09.827333,491677,0.0,4.3
2021-08-06 10:29:09.827333,644194,0.0,6.2
2021-08-06 10:29:09.982848,491615,0.0,0.0
2021-08-06 10:29:09.982848,491677,0.0,4.3
2021-08-06 10:29:09.982848,644194,0.0,6.2
2021-08-06 10:29:10.138464,491615,0.0,0.0
2021-08-06 10:29:10.138464,491677,0.0,4.3
2021-08-06 10:29:10.138464,644194,0.0,6.2
2021-08-06 10:29:10.294198,491615,0.0,0.0
2021-08-06 10:29:10.294198,491677,0.0,4.3
2021-08-06 10:29:10.294198,644194,0.0,6.2
2021-08-06 10:29:10.449927,491615,0.0,0.0
2021-08-06 10:29:10.449927,491677,0.0,4.3
2021-08-06 10:29:10.449927,644194,0.0,6.2
2021-08-06 10:29:10.605594,491615,0.0,0.0
2021-08-06 10:29:10.605594,491677,0.0,4.3
2021-08-06 10:29:10.605594,644194,0.0,6.2
2021-08-06 10:29:10.761341,491615,0.0,0.0
2021-08-06 10:29:10.761341,491677,0.0,4.3
2021-08-06 10:29:10.761341,644194,0.0,6.2
2021-08-06 10:29:10.916967,491615,0.0,0.0
2021-08-06 10:29:10.916967,491677,0.0,4.3
2021-08-06 10:29:10.916967,644194,0.0,6.2
2021-08-06 10:29:11.072368,491615,0.0,0.0
2021-08-06 10:29:11.072368,491677,0.0,4.3
2021-08-06 10:29:11.072368,644194,0.0,6.2
2021-08-06 10:29:11.227899,491615,0.0,0.0
2021-08-06 10:29:11.227899,491677,0.0,4.3
2021-08-06 10:29:11.227899,644194,0.0,6.2
2021-08-06 10:29:11.383425,491615,0.0,0.0
2021-08-06 10:29:11.383425,491677,0.0,4.3
2021-08-06 10:29:11.383425,644194,0.0,6.2
2021-08-06 10:29:11.539050,491615,0.0,0.0
2021-08-06 10:29:11.539050,491677,0.0,4.3
2021-08-06 10:29:11.539050,644194,0.0,6.2
2021-08-06 10:29:11.694858,491615,0.0,0.0
2021-08-06 10:29:11.694858,491677,0.0,4.3
2021-08-06 10:29:11.694858,644194,0.0,6.2
2021-08-06 10:29:11.850474,491615,0.0,0.0
2021-08-06 10:29:11.850474,491677,0.0,4.3
2021-08-06 10:29:11.850474,644194,0.0,6.2
2021-08-06 10:29:12.006067,491615,0.0,0.0
2021-08-06 10:29:12.006067,491677,0.0,4.3
2021-08-06 10:29:12.006067,644194,0.0,6.2
2021-08-06 10:29:12.161673,491615,0.0,0.0
2021-08-06 10:29:12.161673,491677,0.0,4.3
2021-08-06 10:29:12.161673,644194,0.0,6.2
2021-08-06 10:29:12.317163,491615,0.0,0.0
2021-08-06 10:29:12.317163,491677,0.0,4.3
2021-08-06 10:29:12.317163,644194,0.0,6.2
2021-08-06 10:29:12.472966,491615,0.0,0.0
2021-08-06 10:29:12.472966,491677,0.0,4.3
2021-08-06 10:29:12.472966,644194,0.0,6.2
2021-08-06 10:29:12.628759,644194,6.7,6.2
2021-08-06 10:29:12.628759,491615,0.0,0.0
2021-08-06 10:29:12.628759,491677,0.0,4.3
2021-08-06 10:29:12.784629,491615,0.0,0.0
2021-08-06 10:29:12.784629,491677,0.0,4.3
2021-08-06 10:29:12.784629,644194,0.0,6.2
2021-08-06 10:29:12.940145,491615,0.0,0.0
2021-08-06 10:29:12.940145,491677,0.0,4.3
2021-08-06 10:29:12.940145,644194,0.0,6.2
2021-08-06 10:29:13.095789,491615,0.0,0.0
2021-08-06 10:29:13.095789,491677,0.0,4.3
2021-08-06 10:29:13.095789,644194,0.0,6.2
2021-08-06 10:29:13.251629,491615,0.0,0.0
2021-08-06 10:29:13.251629,491677,0.0,4.3
2021-08-06 10:29:13.251629,644194,0.0,6.2
2021-08-06 10:29:13.407197,491615,0.0,0.0
2021-08-06 10:29:13.407197,491677,0.0,4.3
2021-08-06 10:29:13.407197,644194,0.0,6.2
2021-08-06 10:29:13.562785,491615,0.0,0.0
2021-08-06 10:29:13.562785,491677,0.0,4.3
2021-08-06 10:29:13.562785,644194,0.0,6.2
2021-08-06 10:29:13.718620,491615,0.0,0.0
2021-08-06 10:29:13.718620,491677,0.0,4.3
2021-08-06 10:29:13.718620,644194,0.0,6.2
2021-08-06 10:29:13.874223,491615,0.0,0.0
2021-08-06 10:29:13.874223,491677,0.0,4.3
2021-08-06 10:29:13.874223,644194,0.0,6.2
2021-08-06 10:29:14.029829,491615,0.0,0.0
2021-08-06 10:29:14.029829,491677,0.0,4.3
2021-08-06 10:29:14.029829,644194,0.0,6.2
2021-08-06 10:29:14.185277,491615,0.0,0.0
2021-08-06 10:29:14.185277,491677,0.0,4.3
2021-08-06 10:29:14.185277,644194,0.0,6.2
2021-08-06 10:29:14.341039,491615,0.0,0.0
2021-08-06 10:29:14.341039,491677,0.0,4.3
2021-08-06 10:29:14.341039,644194,0.0,6.2
2021-08-06 10:29:14.496777,491615,0.0,0.0
2021-08-06 10:29:14.496777,491677,0.0,4.3
2021-08-06 10:29:14.496777,644194,0.0,6.2
2021-08-06 10:29:14.652339,644194,6.7,6.2
2021-08-06 10:29:14.652339,491615,0.0,0.0
2021-08-06 10:29:14.652339,491677,0.0,4.3
2021-08-06 10:29:14.808002,491615,0.0,0.0
2021-08-06 10:29:14.808002,491677,0.0,4.3
2021-08-06 10:29:14.808002,644194,0.0,6.2
2021-08-06 10:29:14.963466,491615,0.0,0.0
2021-08-06 10:29:14.963466,491677,0.0,4.3
2021-08-06 10:29:14.963466,644194,0.0,6.2
2021-08-06 10:29:15.118935,491615,0.0,0.0
2021-08-06 10:29:15.118935,491677,0.0,4.3
2021-08-06 10:29:15.118935,644194,0.0,6.2
2021-08-06 10:29:15.274415,491615,0.0,0.0
2021-08-06 10:29:15.274415,491677,0.0,4.3
2021-08-06 10:29:15.274415,644194,0.0,6.2
2021-08-06 10:29:15.429966,491615,0.0,0.0
2021-08-06 10:29:15.429966,491677,0.0,4.3
2021-08-06 10:29:15.429966,644194,0.0,6.2
2021-08-06 10:29:15.585623,491615,0.0,0.0
2021-08-06 10:29:15.585623,491677,0.0,4.3
2021-08-06 10:29:15.585623,644194,0.0,6.2
2021-08-06 10:29:15.741174,491615,0.0,0.0
2021-08-06 10:29:15.741174,491677,0.0,4.3
2021-08-06 10:29:15.741174,644194,0.0,6.2
2021-08-06 10:29:15.896895,491615,0.0,0.0
2021-08-06 10:29:15.896895,491677,0.0,4.3
2021-08-06 10:29:15.896895,644194,0.0,6.2
2021-08-06 10:29:16.052507,491615,0.0,0.0
2021-08-06 10:29:16.052507,491677,0.0,4.3
2021-08-06 10:29:16.052507,644194,0.0,6.2
2021-08-06 10:29:16.208314,491677,6.7,4.3
2021-08-06 10:29:16.208314,491615,0.0,0.0
2021-08-06 10:29:16.208314,644194,0.0,6.2
2021-08-06 10:29:16.364326,644194,13.3,6.2
2021-08-06 10:29:16.364326,491615,0.0,0.0
2021-08-06 10:29:16.364326,491677,0.0,4.3
2021-08-06 10:29:16.520303,491615,0.0,0.0
2021-08-06 10:29:16.520303,491677,0.0,4.3
2021-08-06 10:29:16.520303,644194,0.0,6.2
2021-08-06 10:29:16.675913,491615,0.0,0.0
2021-08-06 10:29:16.675913,491677,0.0,4.3
2021-08-06 10:29:16.675913,644194,0.0,6.2
2021-08-06 10:29:16.831668,491615,0.0,0.0
2021-08-06 10:29:16.831668,491677,0.0,4.3
2021-08-06 10:29:16.831668,644194,0.0,6.2
2021-08-06 10:29:16.987322,491615,0.0,0.0
2021-08-06 10:29:16.987322,491677,0.0,4.3
2021-08-06 10:29:16.987322,644194,0.0,6.2
2021-08-06 10:29:17.143014,491615,0.0,0.0
2021-08-06 10:29:17.143014,491677,0.0,4.3
2021-08-06 10:29:17.143014,644194,0.0,6.2
2021-08-06 10:29:17.298542,491615,0.0,0.0
2021-08-06 10:29:17.298542,491677,0.0,4.3
2021-08-06 10:29:17.298542,644194,0.0,6.2
2021-08-06 10:29:17.454092,491615,0.0,0.0
2021-08-06 10:29:17.454092,491677,0.0,4.3
2021-08-06 10:29:17.454092,644194,0.0,6.2
2021-08-06 10:29:17.609499,491615,0.0,0.0
2021-08-06 10:29:17.609499,491677,0.0,4.3
2021-08-06 10:29:17.609499,644194,0.0,6.2
2021-08-06 10:29:17.765066,491615,0.0,0.0
2021-08-06 10:29:17.765066,491677,0.0,4.3
2021-08-06 10:29:17.765066,644194,0.0,6.2
2021-08-06 10:29:17.920839,491615,0.0,0.0
2021-08-06 10:29:17.920839,491677,0.0,4.3
2021-08-06 10:29:17.920839,644194,0.0,6.2
2021-08-06 10:29:18.076495,491615,0.0,0.0
2021-08-06 10:29:18.076495,491677,0.0,4.3
2021-08-06 10:29:18.076495,644194,0.0,6.2
2021-08-06 10:29:18.232198,491615,0.0,0.0
2021-08-06 10:29:18.232198,491677,0.0,4.3
2021-08-06 10:29:18.232198,644194,0.0,6.2
2021-08-06 10:29:18.387744,491615,0.0,0.0
2021-08-06 10:29:18.387744,491677,0.0,4.3
2021-08-06 10:29:18.387744,644194,0.0,6.2
2021-08-06 10:29:18.543227,491615,0.0,0.0
2021-08-06 10:29:18.543227,491677,0.0,4.3
2021-08-06 10:29:18.543227,644194,0.0,6.2
2021-08-06 10:29:18.698816,491615,0.0,0.0
2021-08-06 10:29:18.698816,491677,0.0,4.3
2021-08-06 10:29:18.698816,644194,0.0,6.2
2021-08-06 10:29:18.854386,491615,0.0,0.0
2021-08-06 10:29:18.854386,491677,0.0,4.3
2021-08-06 10:29:18.854386,644194,0.0,6.2
2021-08-06 10:29:19.010000,491615,0.0,0.0
2021-08-06 10:29:19.010000,491677,0.0,4.3
2021-08-06 10:29:19.010000,644194,0.0,6.2
2021-08-06 10:29:19.165702,491615,0.0,0.0
2021-08-06 10:29:19.165702,491677,0.0,4.3
2021-08-06 10:29:19.165702,644194,0.0,6.2
2021-08-06 10:29:19.321291,491615,0.0,0.0
2021-08-06 10:29:19.321291,491677,0.0,4.3
2021-08-06 10:29:19.321291,644194,0.0,6.2
2021-08-06 10:29:19.477178,644194,186.7,6.3
2021-08-06 10:29:19.477178,491615,0.0,0.0
2021-08-06 10:29:19.477178,491677,0.0,4.3
2021-08-06 10:29:19.634040,644194,118.8,6.3
2021-08-06 10:29:19.634040,491615,0.0,0.0
2021-08-06 10:29:19.634040,491677,0.0,4.3
2021-08-06 10:29:19.789396,644194,106.7,6.4
2021-08-06 10:29:19.789396,491615,0.0,0.0
2021-08-06 10:29:19.789396,491677,0.0,4.3
2021-08-06 10:29:19.943985,644194,73.3,6.3
2021-08-06 10:29:19.943985,491615,0.0,0.0
2021-08-06 10:29:19.943985,491677,0.0,4.3
2021-08-06 10:29:20.099860,644194,20.0,6.3
2021-08-06 10:29:20.099860,491615,0.0,0.0
2021-08-06 10:29:20.099860,491677,0.0,4.3
2021-08-06 10:29:20.256021,644194,13.3,6.3
2021-08-06 10:29:20.256021,491615,0.0,0.0
2021-08-06 10:29:20.256021,491677,0.0,4.3
2021-08-06 10:29:20.412243,644194,26.7,6.3
2021-08-06 10:29:20.412243,491615,0.0,0.0
2021-08-06 10:29:20.412243,491677,0.0,4.3
2021-08-06 10:29:20.568329,644194,40.0,6.3
2021-08-06 10:29:20.568329,491615,0.0,0.0
2021-08-06 10:29:20.568329,491677,0.0,4.3
2021-08-06 10:29:20.724488,644194,20.0,6.3
2021-08-06 10:29:20.724488,491615,0.0,0.0
2021-08-06 10:29:20.724488,491677,0.0,4.3
2021-08-06 10:29:20.880669,644194,20.0,6.3
2021-08-06 10:29:20.880669,491615,0.0,0.0
2021-08-06 10:29:20.880669,491677,0.0,4.3
2021-08-06 10:29:21.036847,644194,20.0,6.3
2021-08-06 10:29:21.036847,491615,0.0,0.0
2021-08-06 10:29:21.036847,491677,0.0,4.3
2021-08-06 10:29:21.192894,644194,26.7,6.3
2021-08-06 10:29:21.192894,491677,6.7,4.3
2021-08-06 10:29:21.192894,491615,0.0,0.0
2021-08-06 10:29:21.349168,644194,93.3,6.3
2021-08-06 10:29:21.349168,491615,0.0,0.0
2021-08-06 10:29:21.349168,491677,0.0,4.3
2021-08-06 10:29:21.504797,644194,153.3,6.4
2021-08-06 10:29:21.504797,491615,0.0,0.0
2021-08-06 10:29:21.504797,491677,0.0,4.3
2021-08-06 10:29:21.660287,644194,86.7,6.2
2021-08-06 10:29:21.660287,491615,0.0,0.0
2021-08-06 10:29:21.660287,491677,0.0,4.3
2021-08-06 10:29:21.817096,644194,20.0,6.2
2021-08-06 10:29:21.817096,491615,0.0,0.0
2021-08-06 10:29:21.817096,491677,0.0,4.3
2021-08-06 10:29:21.973121,644194,20.0,6.2
2021-08-06 10:29:21.973121,491615,0.0,0.0
2021-08-06 10:29:21.973121,491677,0.0,4.3
2021-08-06 10:29:22.129151,644194,66.7,6.2
2021-08-06 10:29:22.129151,491615,0.0,0.0
2021-08-06 10:29:22.129151,491677,0.0,4.3
2021-08-06 10:29:22.284684,644194,86.7,6.2
2021-08-06 10:29:22.284684,491615,0.0,0.0
2021-08-06 10:29:22.284684,491677,0.0,4.3
2021-08-06 10:29:22.440915,644194,46.7,6.2
2021-08-06 10:29:22.440915,491615,0.0,0.0
2021-08-06 10:29:22.440915,491677,0.0,4.3
2021-08-06 10:29:22.597136,644194,53.3,6.2
2021-08-06 10:29:22.597136,491615,0.0,0.0
2021-08-06 10:29:22.597136,491677,0.0,4.3
2021-08-06 10:29:22.753537,644194,20.0,6.3
2021-08-06 10:29:22.753537,491615,0.0,0.0
2021-08-06 10:29:22.753537,491677,0.0,4.3
2021-08-06 10:29:22.909889,644194,40.0,6.2
2021-08-06 10:29:22.909889,491615,0.0,0.0
2021-08-06 10:29:22.909889,491677,0.0,4.3
2021-08-06 10:29:23.065536,644194,113.3,6.3
2021-08-06 10:29:23.065536,491615,0.0,0.0
2021-08-06 10:29:23.065536,491677,0.0,4.3
2021-08-06 10:29:23.221159,644194,106.7,6.3
2021-08-06 10:29:23.221159,491615,0.0,0.0
2021-08-06 10:29:23.221159,491677,0.0,4.3
2021-08-06 10:29:23.377446,644194,46.7,6.3
2021-08-06 10:29:23.377446,491615,0.0,0.0
2021-08-06 10:29:23.377446,491677,0.0,4.3
2021-08-06 10:29:23.533476,644194,20.0,6.3
2021-08-06 10:29:23.533476,491615,0.0,0.0
2021-08-06 10:29:23.533476,491677,0.0,4.3
2021-08-06 10:29:23.689946,644194,20.0,6.3
2021-08-06 10:29:23.689946,491615,0.0,0.0
2021-08-06 10:29:23.689946,491677,0.0,4.3
2021-08-06 10:29:23.846002,644194,26.7,6.3
2021-08-06 10:29:23.846002,491615,0.0,0.0
2021-08-06 10:29:23.846002,491677,0.0,4.3
2021-08-06 10:29:24.002097,644194,13.3,6.3
2021-08-06 10:29:24.002097,491615,0.0,0.0
2021-08-06 10:29:24.002097,491677,0.0,4.3
2021-08-06 10:29:24.158175,644194,6.7,6.3
2021-08-06 10:29:24.158175,491615,0.0,0.0
2021-08-06 10:29:24.158175,491677,0.0,4.3
2021-08-06 10:29:24.315213,644194,13.3,6.3
2021-08-06 10:29:24.315213,491615,0.0,0.0
2021-08-06 10:29:24.315213,491677,0.0,4.3
2021-08-06 10:29:24.471658,491615,0.0,0.0
2021-08-06 10:29:24.471658,491677,0.0,4.3
2021-08-06 10:29:24.471658,644194,0.0,6.3
2021-08-06 10:29:24.627903,644194,13.3,6.3
2021-08-06 10:29:24.627903,491615,0.0,0.0
2021-08-06 10:29:24.627903,491677,0.0,4.3
2021-08-06 10:29:24.784121,644194,56.2,6.3
2021-08-06 10:29:24.784121,491615,0.0,0.0
2021-08-06 10:29:24.784121,491677,0.0,4.3
2021-08-06 10:29:24.940359,644194,26.7,6.3
2021-08-06 10:29:24.940359,491615,0.0,0.0
2021-08-06 10:29:24.940359,491677,0.0,4.3
2021-08-06 10:29:25.096575,644194,13.3,6.3
2021-08-06 10:29:25.096575,491615,0.0,0.0
2021-08-06 10:29:25.096575,491677,0.0,4.3
2021-08-06 10:29:25.252814,644194,26.7,6.3
2021-08-06 10:29:25.252814,491615,0.0,0.0
2021-08-06 10:29:25.252814,491677,0.0,4.3
2021-08-06 10:29:25.409118,644194,20.0,6.3
2021-08-06 10:29:25.409118,491615,0.0,0.0
2021-08-06 10:29:25.409118,491677,0.0,4.3
2021-08-06 10:29:25.566195,644194,33.3,6.3
2021-08-06 10:29:25.566195,491615,0.0,0.0
2021-08-06 10:29:25.566195,491677,0.0,4.3
2021-08-06 10:29:25.722316,644194,26.7,6.3
2021-08-06 10:29:25.722316,491615,0.0,0.0
2021-08-06 10:29:25.722316,491677,0.0,4.3
2021-08-06 10:29:25.878448,644194,40.0,6.3
2021-08-06 10:29:25.878448,491615,0.0,0.0
2021-08-06 10:29:25.878448,491677,0.0,4.3
2021-08-06 10:29:26.034008,644194,93.8,6.3
2021-08-06 10:29:26.034008,491615,0.0,0.0
2021-08-06 10:29:26.034008,491677,0.0,4.3
2021-08-06 10:29:26.190252,644194,26.7,6.3
2021-08-06 10:29:26.190252,491615,0.0,0.0
2021-08-06 10:29:26.190252,491677,0.0,4.3
2021-08-06 10:29:26.346344,644194,6.7,6.3
2021-08-06 10:29:26.346344,491615,0.0,0.0
2021-08-06 10:29:26.346344,491677,0.0,4.3
2021-08-06 10:29:26.502836,644194,20.0,6.3
2021-08-06 10:29:26.502836,491615,0.0,0.0
2021-08-06 10:29:26.502836,491677,0.0,4.3
2021-08-06 10:29:26.659219,644194,13.3,6.2
2021-08-06 10:29:26.659219,491615,0.0,0.0
2021-08-06 10:29:26.659219,491677,0.0,4.3
2021-08-06 10:29:26.815389,644194,20.0,6.2
2021-08-06 10:29:26.815389,491615,0.0,0.0
2021-08-06 10:29:26.815389,491677,0.0,4.3
2021-08-06 10:29:26.972433,644194,26.7,6.2
2021-08-06 10:29:26.972433,491615,0.0,0.0
2021-08-06 10:29:26.972433,491677,0.0,4.3
2021-08-06 10:29:27.128872,644194,53.3,6.2
2021-08-06 10:29:27.128872,491615,0.0,0.0
2021-08-06 10:29:27.128872,491677,0.0,4.3
2021-08-06 10:29:27.284943,644194,13.3,6.2
2021-08-06 10:29:27.284943,491615,0.0,0.0
2021-08-06 10:29:27.284943,491677,0.0,4.3
2021-08-06 10:29:27.441332,644194,13.3,6.2
2021-08-06 10:29:27.441332,491615,0.0,0.0
2021-08-06 10:29:27.441332,491677,0.0,4.3
2021-08-06 10:29:27.597374,491677,6.7,4.3
2021-08-06 10:29:27.597374,491615,0.0,0.0
2021-08-06 10:29:27.752745,491615,0.0,0.0
2021-08-06 10:29:27.752745,491677,0.0,4.3
2021-08-06 10:29:27.908716,491615,0.0,0.0
2021-08-06 10:29:27.908716,491677,0.0,4.3
2021-08-06 10:29:28.064503,491615,0.0,0.0
2021-08-06 10:29:28.064503,491677,0.0,4.3
2021-08-06 10:29:28.220202,491615,0.0,0.0
2021-08-06 10:29:28.220202,491677,0.0,4.3
2021-08-06 10:29:28.375877,491615,0.0,0.0
2021-08-06 10:29:28.375877,491677,0.0,4.3
2021-08-06 10:29:28.531526,491615,0.0,0.0
2021-08-06 10:29:28.531526,491677,0.0,4.3
2021-08-06 10:29:28.687157,491615,0.0,0.0
2021-08-06 10:29:28.687157,491677,0.0,4.3
2021-08-06 10:29:28.842632,491615,0.0,0.0
2021-08-06 10:29:28.842632,491677,0.0,4.3
2021-08-06 10:29:28.998109,491615,0.0,0.0
2021-08-06 10:29:28.998109,491677,0.0,4.3
2021-08-06 10:29:29.153532,491615,0.0,0.0
2021-08-06 10:29:29.153532,491677,0.0,4.3
2021-08-06 10:29:29.308995,491615,0.0,0.0
2021-08-06 10:29:29.308995,491677,0.0,4.3
2021-08-06 10:29:29.464740,491615,0.0,0.0
2021-08-06 10:29:29.464740,491677,0.0,4.3
2021-08-06 10:29:29.620124,491615,0.0,0.0
2021-08-06 10:29:29.620124,491677,0.0,4.3
2021-08-06 10:29:29.775541,491615,0.0,0.0
2021-08-06 10:29:29.775541,491677,0.0,4.3
2021-08-06 10:29:29.931093,491615,0.0,0.0
2021-08-06 10:29:29.931093,491677,0.0,4.3
2021-08-06 10:29:30.087073,491615,0.0,0.0
2021-08-06 10:29:30.087073,491677,0.0,4.3
2021-08-06 10:29:30.242506,491615,0.0,0.0
2021-08-06 10:29:30.242506,491677,0.0,4.3
2021-08-06 10:29:30.398014,491615,0.0,0.0
2021-08-06 10:29:30.398014,491677,0.0,4.3
2021-08-06 10:29:30.553635,491615,0.0,0.0
2021-08-06 10:29:30.553635,491677,0.0,4.3
2021-08-06 10:29:30.709082,491615,0.0,0.0
2021-08-06 10:29:30.709082,491677,0.0,4.3
2021-08-06 10:29:30.864791,491615,0.0,0.0
2021-08-06 10:29:30.864791,491677,0.0,4.3
2021-08-06 10:29:31.020476,491615,0.0,0.0
2021-08-06 10:29:31.020476,491677,0.0,4.3
2021-08-06 10:29:31.175996,491615,0.0,0.0
2021-08-06 10:29:31.175996,491677,0.0,4.3
2021-08-06 10:29:31.331360,491615,0.0,0.0
2021-08-06 10:29:31.331360,491677,0.0,4.3
2021-08-06 10:29:31.486821,491615,0.0,0.0
2021-08-06 10:29:31.486821,491677,0.0,4.3
2021-08-06 10:29:31.642221,491615,0.0,0.0
2021-08-06 10:29:31.642221,491677,0.0,4.3
2021-08-06 10:29:31.797554,491615,0.0,0.0
2021-08-06 10:29:31.797554,491677,0.0,4.3
2021-08-06 10:29:31.952977,491615,0.0,0.0
2021-08-06 10:29:31.952977,491677,0.0,4.3
2021-08-06 10:29:32.108671,491615,0.0,0.0
2021-08-06 10:29:32.108671,491677,0.0,4.3
2021-08-06 10:29:32.264131,491615,0.0,0.0
2021-08-06 10:29:32.264131,491677,0.0,4.3
2021-08-06 10:29:32.419900,491615,0.0,0.0
2021-08-06 10:29:32.419900,491677,0.0,4.3
2021-08-06 10:29:32.575584,491615,0.0,0.0
2021-08-06 10:29:32.575584,491677,0.0,4.3
2021-08-06 10:29:32.731301,491615,0.0,0.0
2021-08-06 10:29:32.731301,491677,0.0,4.3
