timestamp,PID,CPU,RAM
2021-08-06 19:30:42.238283,4164152,0.0,0.0
2021-08-06 19:30:42.238283,4164211,0.0,5.8
2021-08-06 19:30:42.393867,4164152,0.0,0.0
2021-08-06 19:30:42.393867,4164211,0.0,5.8
2021-08-06 19:30:42.549285,4164152,0.0,0.0
2021-08-06 19:30:42.549285,4164211,0.0,5.8
2021-08-06 19:30:42.704740,4164152,0.0,0.0
2021-08-06 19:30:42.704740,4164211,0.0,5.8
2021-08-06 19:30:42.860315,4164152,0.0,0.0
2021-08-06 19:30:42.860315,4164211,0.0,5.8
2021-08-06 19:30:43.015841,4164152,0.0,0.0
2021-08-06 19:30:43.015841,4164211,0.0,5.8
2021-08-06 19:30:43.171245,4164152,0.0,0.0
2021-08-06 19:30:43.171245,4164211,0.0,5.8
2021-08-06 19:30:43.326596,4164152,0.0,0.0
2021-08-06 19:30:43.326596,4164211,0.0,5.8
2021-08-06 19:30:43.481933,4164152,0.0,0.0
2021-08-06 19:30:43.481933,4164211,0.0,5.8
2021-08-06 19:30:43.637268,4164152,0.0,0.0
2021-08-06 19:30:43.637268,4164211,0.0,5.8
2021-08-06 19:30:43.792618,4164152,0.0,0.0
2021-08-06 19:30:43.792618,4164211,0.0,5.8
2021-08-06 19:30:43.947897,4164152,0.0,0.0
2021-08-06 19:30:43.947897,4164211,0.0,5.8
2021-08-06 19:30:44.103305,4164152,0.0,0.0
2021-08-06 19:30:44.103305,4164211,0.0,5.8
2021-08-06 19:30:44.258716,4164152,0.0,0.0
2021-08-06 19:30:44.258716,4164211,0.0,5.8
2021-08-06 19:30:44.414013,4164152,0.0,0.0
2021-08-06 19:30:44.414013,4164211,0.0,5.8
2021-08-06 19:30:44.569338,4164152,0.0,0.0
2021-08-06 19:30:44.569338,4164211,0.0,5.8
2021-08-06 19:30:44.724621,4164152,0.0,0.0
2021-08-06 19:30:44.724621,4164211,0.0,5.8
2021-08-06 19:30:44.879948,4164152,0.0,0.0
2021-08-06 19:30:44.879948,4164211,0.0,5.8
2021-08-06 19:30:45.036036,4164211,20.0,5.8
2021-08-06 19:30:45.036036,4164152,0.0,0.0
2021-08-06 19:30:45.193924,4164152,0.0,0.0
2021-08-06 19:30:45.193924,4164211,0.0,5.8
2021-08-06 19:30:45.350460,4164152,0.0,0.0
2021-08-06 19:30:45.350460,4164211,0.0,5.8
2021-08-06 19:30:45.505902,4164152,0.0,0.0
2021-08-06 19:30:45.505902,4164211,0.0,5.8
2021-08-06 19:30:45.661868,4164152,0.0,0.0
2021-08-06 19:30:45.661868,4164211,0.0,5.8
2021-08-06 19:30:45.817174,4164152,0.0,0.0
2021-08-06 19:30:45.817174,4164211,0.0,5.8
2021-08-06 19:30:45.972741,4164152,0.0,0.0
2021-08-06 19:30:45.972741,4164211,0.0,5.8
2021-08-06 19:30:46.130424,4164152,0.0,0.0
2021-08-06 19:30:46.130424,4164211,0.0,5.8
2021-08-06 19:30:46.286424,4164152,0.0,0.0
2021-08-06 19:30:46.286424,4164211,0.0,5.8
2021-08-06 19:30:46.441811,4164152,0.0,0.0
2021-08-06 19:30:46.441811,4164211,0.0,5.8
2021-08-06 19:30:46.597841,4164152,0.0,0.0
2021-08-06 19:30:46.597841,4164211,0.0,5.8
2021-08-06 19:30:46.754753,4164152,0.0,0.0
2021-08-06 19:30:46.754753,4164211,0.0,5.8
2021-08-06 19:30:46.910265,4164152,0.0,0.0
2021-08-06 19:30:46.910265,4164211,0.0,5.8
2021-08-06 19:30:47.066904,4164152,0.0,0.0
2021-08-06 19:30:47.066904,4164211,0.0,5.8
2021-08-06 19:30:47.223102,4164152,0.0,0.0
2021-08-06 19:30:47.223102,4164211,0.0,5.8
2021-08-06 19:30:47.379616,4164152,0.0,0.0
2021-08-06 19:30:47.379616,4164211,0.0,5.8
2021-08-06 19:30:47.535736,4164152,0.0,0.0
2021-08-06 19:30:47.535736,4164211,0.0,5.8
2021-08-06 19:30:47.690980,4164152,0.0,0.0
2021-08-06 19:30:47.690980,4164211,0.0,5.8
2021-08-06 19:30:47.846416,4164152,0.0,0.0
2021-08-06 19:30:47.846416,4164211,0.0,5.8
2021-08-06 19:30:48.001719,4164152,0.0,0.0
2021-08-06 19:30:48.001719,4164211,0.0,5.8
2021-08-06 19:30:48.157502,4164152,0.0,0.0
2021-08-06 19:30:48.157502,4164211,0.0,5.8
2021-08-06 19:30:48.313690,4164152,0.0,0.0
2021-08-06 19:30:48.313690,4164211,0.0,5.8
2021-08-06 19:30:48.469316,4164152,0.0,0.0
2021-08-06 19:30:48.469316,4164211,0.0,5.8
2021-08-06 19:30:48.624906,4164152,0.0,0.0
2021-08-06 19:30:48.624906,4164211,0.0,5.8
2021-08-06 19:30:48.780687,4164152,0.0,0.0
2021-08-06 19:30:48.780687,4164211,0.0,5.8
2021-08-06 19:30:48.936100,4164152,0.0,0.0
2021-08-06 19:30:48.936100,4164211,0.0,5.8
2021-08-06 19:30:49.091504,4164152,0.0,0.0
2021-08-06 19:30:49.091504,4164211,0.0,5.8
2021-08-06 19:30:49.246913,4164152,0.0,0.0
2021-08-06 19:30:49.246913,4164211,0.0,5.8
2021-08-06 19:30:49.402338,4164152,0.0,0.0
2021-08-06 19:30:49.402338,4164211,0.0,5.8
2021-08-06 19:30:49.557869,4164152,0.0,0.0
2021-08-06 19:30:49.557869,4164211,0.0,5.8
2021-08-06 19:30:49.713349,4164152,0.0,0.0
2021-08-06 19:30:49.713349,4164211,0.0,5.8
2021-08-06 19:30:49.868896,4164152,0.0,0.0
2021-08-06 19:30:49.868896,4164211,0.0,5.8
2021-08-06 19:30:50.024244,4164152,0.0,0.0
2021-08-06 19:30:50.024244,4164211,0.0,5.8
2021-08-06 19:30:50.179616,4164152,0.0,0.0
2021-08-06 19:30:50.179616,4164211,0.0,5.8
2021-08-06 19:30:50.334978,4164152,0.0,0.0
2021-08-06 19:30:50.334978,4164211,0.0,5.8
2021-08-06 19:30:50.490547,4164152,0.0,0.0
2021-08-06 19:30:50.490547,4164211,0.0,5.8
2021-08-06 19:30:50.646337,4164152,0.0,0.0
2021-08-06 19:30:50.646337,4164211,0.0,5.8
2021-08-06 19:30:50.801704,4164152,0.0,0.0
2021-08-06 19:30:50.801704,4164211,0.0,5.8
2021-08-06 19:30:50.957145,4164152,0.0,0.0
2021-08-06 19:30:50.957145,4164211,0.0,5.8
2021-08-06 19:30:51.112554,4164152,0.0,0.0
2021-08-06 19:30:51.112554,4164211,0.0,5.8
2021-08-06 19:30:51.268005,4164152,0.0,0.0
2021-08-06 19:30:51.268005,4164211,0.0,5.8
2021-08-06 19:30:51.423694,4164152,0.0,0.0
2021-08-06 19:30:51.423694,4164211,0.0,5.8
2021-08-06 19:30:51.579089,4164152,0.0,0.0
2021-08-06 19:30:51.579089,4164211,0.0,5.8
2021-08-06 19:30:51.734548,4164152,0.0,0.0
2021-08-06 19:30:51.734548,4164211,0.0,5.8
2021-08-06 19:30:51.890144,4164152,0.0,0.0
2021-08-06 19:30:51.890144,4164211,0.0,5.8
2021-08-06 19:30:52.046945,4164152,0.0,0.0
2021-08-06 19:30:52.046945,4164211,0.0,5.8
2021-08-06 19:30:52.202508,4164152,0.0,0.0
2021-08-06 19:30:52.202508,4164211,0.0,5.8
2021-08-06 19:30:52.358109,4164152,0.0,0.0
2021-08-06 19:30:52.358109,4164211,0.0,5.8
2021-08-06 19:30:52.513717,4164152,0.0,0.0
2021-08-06 19:30:52.513717,4164211,0.0,5.8
2021-08-06 19:30:52.669149,4164152,0.0,0.0
2021-08-06 19:30:52.669149,4164211,0.0,5.8
2021-08-06 19:30:52.824489,4164152,0.0,0.0
2021-08-06 19:30:52.824489,4164211,0.0,5.8
2021-08-06 19:30:52.979768,4164152,0.0,0.0
2021-08-06 19:30:52.979768,4164211,0.0,5.8
2021-08-06 19:30:53.135063,4164152,0.0,0.0
2021-08-06 19:30:53.135063,4164211,0.0,5.8
2021-08-06 19:30:53.290361,4164152,0.0,0.0
2021-08-06 19:30:53.290361,4164211,0.0,5.8
2021-08-06 19:30:53.445705,4164152,0.0,0.0
2021-08-06 19:30:53.445705,4164211,0.0,5.8
2021-08-06 19:30:53.600976,4164152,0.0,0.0
2021-08-06 19:30:53.600976,4164211,0.0,5.8
2021-08-06 19:30:53.756365,4164152,0.0,0.0
2021-08-06 19:30:53.756365,4164211,0.0,5.8
2021-08-06 19:30:53.911692,4164152,0.0,0.0
2021-08-06 19:30:53.911692,4164211,0.0,5.8
2021-08-06 19:30:54.067002,4164152,0.0,0.0
2021-08-06 19:30:54.067002,4164211,0.0,5.8
2021-08-06 19:30:54.222326,4164152,0.0,0.0
2021-08-06 19:30:54.222326,4164211,0.0,5.8
2021-08-06 19:30:54.377828,4164152,0.0,0.0
2021-08-06 19:30:54.377828,4164211,0.0,5.8
2021-08-06 19:30:54.533214,4164152,0.0,0.0
2021-08-06 19:30:54.533214,4164211,0.0,5.8
2021-08-06 19:30:54.688577,4164152,0.0,0.0
2021-08-06 19:30:54.688577,4164211,0.0,5.8
2021-08-06 19:30:54.843937,4164152,0.0,0.0
2021-08-06 19:30:54.843937,4164211,0.0,5.8
2021-08-06 19:30:54.999424,4164152,0.0,0.0
2021-08-06 19:30:54.999424,4164211,0.0,5.8
2021-08-06 19:30:55.154747,4164152,0.0,0.0
2021-08-06 19:30:55.154747,4164211,0.0,5.8
2021-08-06 19:30:55.310108,4164152,0.0,0.0
2021-08-06 19:30:55.310108,4164211,0.0,5.8
2021-08-06 19:30:55.465536,4164152,0.0,0.0
2021-08-06 19:30:55.465536,4164211,0.0,5.8
2021-08-06 19:30:55.620468,4164152,0.0,0.0
2021-08-06 19:30:55.620468,4164211,0.0,5.8
2021-08-06 19:30:55.775845,4164152,0.0,0.0
2021-08-06 19:30:55.775845,4164211,0.0,5.8
2021-08-06 19:30:55.931124,4164152,0.0,0.0
2021-08-06 19:30:55.931124,4164211,0.0,5.8
2021-08-06 19:30:56.086443,4164152,0.0,0.0
2021-08-06 19:30:56.086443,4164211,0.0,5.8
2021-08-06 19:30:56.241795,4164152,0.0,0.0
2021-08-06 19:30:56.241795,4164211,0.0,5.8
2021-08-06 19:30:56.397092,4164152,0.0,0.0
2021-08-06 19:30:56.397092,4164211,0.0,5.8
2021-08-06 19:30:56.552416,4164211,6.7,5.8
2021-08-06 19:30:56.552416,4164152,0.0,0.0
2021-08-06 19:30:56.707759,4164152,0.0,0.0
2021-08-06 19:30:56.707759,4164211,0.0,5.8
2021-08-06 19:30:56.863223,4164152,0.0,0.0
2021-08-06 19:30:56.863223,4164211,0.0,5.8
2021-08-06 19:30:57.018662,4164152,0.0,0.0
2021-08-06 19:30:57.018662,4164211,0.0,5.8
2021-08-06 19:30:57.174104,4164152,0.0,0.0
2021-08-06 19:30:57.174104,4164211,0.0,5.8
2021-08-06 19:30:57.329717,4164152,0.0,0.0
2021-08-06 19:30:57.329717,4164211,0.0,5.8
2021-08-06 19:30:57.485173,4164152,0.0,0.0
2021-08-06 19:30:57.485173,4164211,0.0,5.8
2021-08-06 19:30:57.640604,4164152,0.0,0.0
2021-08-06 19:30:57.640604,4164211,0.0,5.8
2021-08-06 19:30:57.795912,4164152,0.0,0.0
2021-08-06 19:30:57.795912,4164211,0.0,5.8
2021-08-06 19:30:57.951260,4164152,0.0,0.0
2021-08-06 19:30:57.951260,4164211,0.0,5.8
2021-08-06 19:30:58.106593,4164152,0.0,0.0
2021-08-06 19:30:58.106593,4164211,0.0,5.8
2021-08-06 19:30:58.261883,4164152,0.0,0.0
2021-08-06 19:30:58.261883,4164211,0.0,5.8
2021-08-06 19:30:58.417280,4164152,0.0,0.0
2021-08-06 19:30:58.417280,4164211,0.0,5.8
2021-08-06 19:30:58.572626,4164152,0.0,0.0
2021-08-06 19:30:58.572626,4164211,0.0,5.8
2021-08-06 19:30:58.727947,4164152,0.0,0.0
2021-08-06 19:30:58.727947,4164211,0.0,5.8
2021-08-06 19:30:58.883401,4164152,0.0,0.0
2021-08-06 19:30:58.883401,4164211,0.0,5.8
2021-08-06 19:30:59.038755,4164152,0.0,0.0
2021-08-06 19:30:59.038755,4164211,0.0,5.8
2021-08-06 19:30:59.194165,4164152,0.0,0.0
2021-08-06 19:30:59.194165,4164211,0.0,5.8
2021-08-06 19:30:59.349672,4164152,0.0,0.0
2021-08-06 19:30:59.349672,4164211,0.0,5.8
2021-08-06 19:30:59.505010,4164152,0.0,0.0
2021-08-06 19:30:59.505010,4164211,0.0,5.8
2021-08-06 19:30:59.660366,4164152,0.0,0.0
2021-08-06 19:30:59.660366,4164211,0.0,5.8
2021-08-06 19:30:59.815797,4164152,0.0,0.0
2021-08-06 19:30:59.815797,4164211,0.0,5.8
2021-08-06 19:30:59.971121,4164152,0.0,0.0
2021-08-06 19:30:59.971121,4164211,0.0,5.8
2021-08-06 19:31:00.126553,4164152,0.0,0.0
2021-08-06 19:31:00.126553,4164211,0.0,5.8
2021-08-06 19:31:00.282063,4164152,0.0,0.0
2021-08-06 19:31:00.282063,4164211,0.0,5.8
2021-08-06 19:31:00.437427,4164152,0.0,0.0
2021-08-06 19:31:00.437427,4164211,0.0,5.8
2021-08-06 19:31:00.592820,4164152,0.0,0.0
2021-08-06 19:31:00.592820,4164211,0.0,5.8
2021-08-06 19:31:00.748447,4164152,0.0,0.0
2021-08-06 19:31:00.748447,4164211,0.0,5.8
2021-08-06 19:31:00.903861,4164152,0.0,0.0
2021-08-06 19:31:00.903861,4164211,0.0,5.8
2021-08-06 19:31:01.059231,4164152,0.0,0.0
2021-08-06 19:31:01.059231,4164211,0.0,5.8
2021-08-06 19:31:01.214624,4164152,0.0,0.0
2021-08-06 19:31:01.214624,4164211,0.0,5.8
2021-08-06 19:31:01.370007,4164152,0.0,0.0
2021-08-06 19:31:01.370007,4164211,0.0,5.8
2021-08-06 19:31:01.525489,4164152,0.0,0.0
2021-08-06 19:31:01.525489,4164211,0.0,5.8
2021-08-06 19:31:01.681118,4164152,0.0,0.0
2021-08-06 19:31:01.681118,4164211,0.0,5.8
2021-08-06 19:31:01.836699,4164152,0.0,0.0
2021-08-06 19:31:01.836699,4164211,0.0,5.8
2021-08-06 19:31:01.992038,4164152,0.0,0.0
2021-08-06 19:31:01.992038,4164211,0.0,5.8
2021-08-06 19:31:02.147377,4164152,0.0,0.0
2021-08-06 19:31:02.147377,4164211,0.0,5.8
2021-08-06 19:31:02.302697,4164152,0.0,0.0
2021-08-06 19:31:02.302697,4164211,0.0,5.8
2021-08-06 19:31:02.458145,4164152,0.0,0.0
2021-08-06 19:31:02.458145,4164211,0.0,5.8
2021-08-06 19:31:02.613734,4164152,0.0,0.0
2021-08-06 19:31:02.613734,4164211,0.0,5.8
2021-08-06 19:31:02.769329,4164152,0.0,0.0
2021-08-06 19:31:02.769329,4164211,0.0,5.8
2021-08-06 19:31:02.924709,4164152,0.0,0.0
2021-08-06 19:31:02.924709,4164211,0.0,5.8
2021-08-06 19:31:03.080022,4164152,0.0,0.0
2021-08-06 19:31:03.080022,4164211,0.0,5.8
2021-08-06 19:31:03.235398,4164152,0.0,0.0
2021-08-06 19:31:03.235398,4164211,0.0,5.8
2021-08-06 19:31:03.390708,4164152,0.0,0.0
2021-08-06 19:31:03.390708,4164211,0.0,5.8
2021-08-06 19:31:03.546046,4164152,0.0,0.0
2021-08-06 19:31:03.546046,4164211,0.0,5.8
2021-08-06 19:31:03.701478,4164152,0.0,0.0
2021-08-06 19:31:03.701478,4164211,0.0,5.8
2021-08-06 19:31:03.856909,4164152,0.0,0.0
2021-08-06 19:31:03.856909,4164211,0.0,5.8
2021-08-06 19:31:04.012311,4164152,0.0,0.0
2021-08-06 19:31:04.012311,4164211,0.0,5.8
2021-08-06 19:31:04.167649,4164152,0.0,0.0
2021-08-06 19:31:04.167649,4164211,0.0,5.8
2021-08-06 19:31:04.323011,4164152,0.0,0.0
2021-08-06 19:31:04.323011,4164211,0.0,5.8
2021-08-06 19:31:04.478579,4164152,0.0,0.0
2021-08-06 19:31:04.478579,4164211,0.0,5.8
2021-08-06 19:31:04.634393,4164152,0.0,0.0
2021-08-06 19:31:04.634393,4164211,0.0,5.8
2021-08-06 19:31:04.789860,4164152,0.0,0.0
2021-08-06 19:31:04.789860,4164211,0.0,5.8
2021-08-06 19:31:04.945266,4164152,0.0,0.0
2021-08-06 19:31:04.945266,4164211,0.0,5.8
2021-08-06 19:31:05.100624,4164152,0.0,0.0
2021-08-06 19:31:05.100624,4164211,0.0,5.8
2021-08-06 19:31:05.255923,4164152,0.0,0.0
2021-08-06 19:31:05.255923,4164211,0.0,5.8
2021-08-06 19:31:05.411205,4164152,0.0,0.0
2021-08-06 19:31:05.411205,4164211,0.0,5.8
2021-08-06 19:31:05.566523,4164152,0.0,0.0
2021-08-06 19:31:05.566523,4164211,0.0,5.8
2021-08-06 19:31:05.721941,4164152,0.0,0.0
2021-08-06 19:31:05.721941,4164211,0.0,5.8
2021-08-06 19:31:05.877344,4164152,0.0,0.0
2021-08-06 19:31:05.877344,4164211,0.0,5.8
2021-08-06 19:31:06.032720,4164152,0.0,0.0
2021-08-06 19:31:06.032720,4164211,0.0,5.8
2021-08-06 19:31:06.188004,4164152,0.0,0.0
2021-08-06 19:31:06.188004,4164211,0.0,5.8
2021-08-06 19:31:06.343349,4164152,0.0,0.0
2021-08-06 19:31:06.343349,4164211,0.0,5.8
2021-08-06 19:31:06.498638,4164152,0.0,0.0
2021-08-06 19:31:06.498638,4164211,0.0,5.8
2021-08-06 19:31:06.654468,4164152,0.0,0.0
2021-08-06 19:31:06.654468,4164211,0.0,5.8
2021-08-06 19:31:06.810671,4164152,0.0,0.0
2021-08-06 19:31:06.810671,4164211,0.0,5.8
2021-08-06 19:31:06.966520,4164152,0.0,0.0
2021-08-06 19:31:06.966520,4164211,0.0,5.8
2021-08-06 19:31:07.121944,4164152,0.0,0.0
2021-08-06 19:31:07.121944,4164211,0.0,5.8
2021-08-06 19:31:07.277384,4164152,0.0,0.0
2021-08-06 19:31:07.277384,4164211,0.0,5.8
2021-08-06 19:31:07.432715,4164152,0.0,0.0
2021-08-06 19:31:07.432715,4164211,0.0,5.8
2021-08-06 19:31:07.588115,4164152,0.0,0.0
2021-08-06 19:31:07.588115,4164211,0.0,5.8
2021-08-06 19:31:07.743546,4164152,0.0,0.0
2021-08-06 19:31:07.743546,4164211,0.0,5.8
2021-08-06 19:31:07.898914,4164152,0.0,0.0
2021-08-06 19:31:07.898914,4164211,0.0,5.8
2021-08-06 19:31:08.054370,4164152,0.0,0.0
2021-08-06 19:31:08.054370,4164211,0.0,5.8
2021-08-06 19:31:08.209837,4164152,0.0,0.0
2021-08-06 19:31:08.209837,4164211,0.0,5.8
2021-08-06 19:31:08.365255,4164152,0.0,0.0
2021-08-06 19:31:08.365255,4164211,0.0,5.8
2021-08-06 19:31:08.520618,4164152,0.0,0.0
2021-08-06 19:31:08.520618,4164211,0.0,5.8
2021-08-06 19:31:08.675961,4164152,0.0,0.0
2021-08-06 19:31:08.675961,4164211,0.0,5.8
2021-08-06 19:31:08.831285,4164152,0.0,0.0
2021-08-06 19:31:08.831285,4164211,0.0,5.8
2021-08-06 19:31:08.986549,4164152,0.0,0.0
2021-08-06 19:31:08.986549,4164211,0.0,5.8
2021-08-06 19:31:09.141859,4164152,0.0,0.0
2021-08-06 19:31:09.141859,4164211,0.0,5.8
2021-08-06 19:31:09.297285,4164152,0.0,0.0
2021-08-06 19:31:09.297285,4164211,0.0,5.8
2021-08-06 19:31:09.452692,4164152,0.0,0.0
2021-08-06 19:31:09.452692,4164211,0.0,5.8
2021-08-06 19:31:09.608010,4164152,0.0,0.0
2021-08-06 19:31:09.608010,4164211,0.0,5.8
2021-08-06 19:31:09.763392,4164152,0.0,0.0
2021-08-06 19:31:09.763392,4164211,0.0,5.8
2021-08-06 19:31:09.918708,4164152,0.0,0.0
2021-08-06 19:31:09.918708,4164211,0.0,5.8
2021-08-06 19:31:10.074046,4164152,0.0,0.0
2021-08-06 19:31:10.074046,4164211,0.0,5.8
2021-08-06 19:31:10.229448,4164152,0.0,0.0
2021-08-06 19:31:10.229448,4164211,0.0,5.8
2021-08-06 19:31:10.384834,4164152,0.0,0.0
2021-08-06 19:31:10.384834,4164211,0.0,5.8
2021-08-06 19:31:10.540185,4164152,0.0,0.0
2021-08-06 19:31:10.540185,4164211,0.0,5.8
2021-08-06 19:31:10.695568,4164152,0.0,0.0
2021-08-06 19:31:10.695568,4164211,0.0,5.8
2021-08-06 19:31:10.850907,4164152,0.0,0.0
2021-08-06 19:31:10.850907,4164211,0.0,5.8
2021-08-06 19:31:11.006399,4164152,0.0,0.0
2021-08-06 19:31:11.006399,4164211,0.0,5.8
2021-08-06 19:31:11.161715,4164152,0.0,0.0
2021-08-06 19:31:11.161715,4164211,0.0,5.8
2021-08-06 19:31:11.317159,4164152,0.0,0.0
2021-08-06 19:31:11.317159,4164211,0.0,5.8
2021-08-06 19:31:11.472881,4164152,0.0,0.0
2021-08-06 19:31:11.472881,4164211,0.0,5.8
2021-08-06 19:31:11.628515,4164152,0.0,0.0
2021-08-06 19:31:11.628515,4164211,0.0,5.8
2021-08-06 19:31:11.783981,4164152,0.0,0.0
2021-08-06 19:31:11.783981,4164211,0.0,5.8
2021-08-06 19:31:11.939448,4164152,0.0,0.0
2021-08-06 19:31:11.939448,4164211,0.0,5.8
2021-08-06 19:31:12.094820,4164152,0.0,0.0
2021-08-06 19:31:12.094820,4164211,0.0,5.8
2021-08-06 19:31:12.250250,4164152,0.0,0.0
2021-08-06 19:31:12.250250,4164211,0.0,5.8
2021-08-06 19:31:12.405648,4164152,0.0,0.0
2021-08-06 19:31:12.405648,4164211,0.0,5.8
2021-08-06 19:31:12.561143,4164152,0.0,0.0
2021-08-06 19:31:12.561143,4164211,0.0,5.8
2021-08-06 19:31:12.716581,4164152,0.0,0.0
2021-08-06 19:31:12.716581,4164211,0.0,5.8
2021-08-06 19:31:12.871924,4164152,0.0,0.0
2021-08-06 19:31:12.871924,4164211,0.0,5.8
2021-08-06 19:31:13.027252,4164152,0.0,0.0
2021-08-06 19:31:13.027252,4164211,0.0,5.8
2021-08-06 19:31:13.182618,4164152,0.0,0.0
2021-08-06 19:31:13.182618,4164211,0.0,5.8
2021-08-06 19:31:13.337944,4164152,0.0,0.0
2021-08-06 19:31:13.337944,4164211,0.0,5.8
2021-08-06 19:31:13.493377,4164152,0.0,0.0
2021-08-06 19:31:13.493377,4164211,0.0,5.8
2021-08-06 19:31:13.648846,4164152,0.0,0.0
2021-08-06 19:31:13.648846,4164211,0.0,5.8
2021-08-06 19:31:13.804387,4164152,0.0,0.0
2021-08-06 19:31:13.804387,4164211,0.0,5.8
2021-08-06 19:31:13.959766,4164152,0.0,0.0
2021-08-06 19:31:13.959766,4164211,0.0,5.8
2021-08-06 19:31:14.115228,4164152,0.0,0.0
2021-08-06 19:31:14.115228,4164211,0.0,5.8
2021-08-06 19:31:14.270517,4164152,0.0,0.0
2021-08-06 19:31:14.270517,4164211,0.0,5.8
2021-08-06 19:31:14.425804,4164152,0.0,0.0
2021-08-06 19:31:14.425804,4164211,0.0,5.8
2021-08-06 19:31:14.581248,4164152,0.0,0.0
2021-08-06 19:31:14.581248,4164211,0.0,5.8
2021-08-06 19:31:14.736662,4164152,0.0,0.0
2021-08-06 19:31:14.736662,4164211,0.0,5.8
2021-08-06 19:31:14.892012,4164152,0.0,0.0
2021-08-06 19:31:14.892012,4164211,0.0,5.8
2021-08-06 19:31:15.047365,4164152,0.0,0.0
2021-08-06 19:31:15.047365,4164211,0.0,5.8
2021-08-06 19:31:15.202886,4164152,0.0,0.0
2021-08-06 19:31:15.202886,4164211,0.0,5.8
2021-08-06 19:31:15.358252,4164152,0.0,0.0
2021-08-06 19:31:15.358252,4164211,0.0,5.8
2021-08-06 19:31:15.513638,4164152,0.0,0.0
2021-08-06 19:31:15.513638,4164211,0.0,5.8
2021-08-06 19:31:15.669038,4164152,0.0,0.0
2021-08-06 19:31:15.669038,4164211,0.0,5.8
2021-08-06 19:31:15.824386,4164152,0.0,0.0
2021-08-06 19:31:15.824386,4164211,0.0,5.8
2021-08-06 19:31:15.979873,4164152,0.0,0.0
2021-08-06 19:31:15.979873,4164211,0.0,5.8
2021-08-06 19:31:16.135289,4164152,0.0,0.0
2021-08-06 19:31:16.135289,4164211,0.0,5.8
2021-08-06 19:31:16.290586,4164152,0.0,0.0
2021-08-06 19:31:16.290586,4164211,0.0,5.8
2021-08-06 19:31:16.445971,4164152,0.0,0.0
2021-08-06 19:31:16.445971,4164211,0.0,5.8
2021-08-06 19:31:16.601508,4164152,0.0,0.0
2021-08-06 19:31:16.601508,4164211,0.0,5.8
2021-08-06 19:31:16.757013,4164152,0.0,0.0
2021-08-06 19:31:16.757013,4164211,0.0,5.8
2021-08-06 19:31:16.912602,4164152,0.0,0.0
2021-08-06 19:31:16.912602,4164211,0.0,5.8
2021-08-06 19:31:17.067966,4164152,0.0,0.0
2021-08-06 19:31:17.067966,4164211,0.0,5.8
2021-08-06 19:31:17.223380,4164152,0.0,0.0
2021-08-06 19:31:17.223380,4164211,0.0,5.8
2021-08-06 19:31:17.378869,4164152,0.0,0.0
2021-08-06 19:31:17.378869,4164211,0.0,5.8
2021-08-06 19:31:17.534325,4164152,0.0,0.0
2021-08-06 19:31:17.534325,4164211,0.0,5.8
2021-08-06 19:31:17.689816,4164211,6.7,5.8
2021-08-06 19:31:17.689816,4164152,0.0,0.0
2021-08-06 19:31:17.845234,4164152,0.0,0.0
2021-08-06 19:31:17.845234,4164211,0.0,5.8
2021-08-06 19:31:18.000553,4164152,0.0,0.0
2021-08-06 19:31:18.000553,4164211,0.0,5.8
2021-08-06 19:31:18.155920,4164152,0.0,0.0
2021-08-06 19:31:18.155920,4164211,0.0,5.8
2021-08-06 19:31:18.311501,4164152,0.0,0.0
2021-08-06 19:31:18.311501,4164211,0.0,5.8
2021-08-06 19:31:18.467151,4164152,0.0,0.0
2021-08-06 19:31:18.467151,4164211,0.0,5.8
2021-08-06 19:31:18.622951,4164152,0.0,0.0
2021-08-06 19:31:18.622951,4164211,0.0,5.8
2021-08-06 19:31:18.778333,4164152,0.0,0.0
2021-08-06 19:31:18.778333,4164211,0.0,5.8
2021-08-06 19:31:18.933689,4164152,0.0,0.0
2021-08-06 19:31:18.933689,4164211,0.0,5.8
2021-08-06 19:31:19.089022,4164152,0.0,0.0
2021-08-06 19:31:19.089022,4164211,0.0,5.8
2021-08-06 19:31:19.244374,4164152,0.0,0.0
2021-08-06 19:31:19.244374,4164211,0.0,5.8
2021-08-06 19:31:19.399768,4164152,0.0,0.0
2021-08-06 19:31:19.399768,4164211,0.0,5.8
2021-08-06 19:31:19.555056,4164152,0.0,0.0
2021-08-06 19:31:19.555056,4164211,0.0,5.8
2021-08-06 19:31:19.710478,4164152,0.0,0.0
2021-08-06 19:31:19.710478,4164211,0.0,5.8
2021-08-06 19:31:19.866030,4164152,0.0,0.0
2021-08-06 19:31:19.866030,4164211,0.0,5.8
2021-08-06 19:31:20.021385,4164152,0.0,0.0
2021-08-06 19:31:20.021385,4164211,0.0,5.8
2021-08-06 19:31:20.176651,4164152,0.0,0.0
2021-08-06 19:31:20.176651,4164211,0.0,5.8
2021-08-06 19:31:20.331952,4164152,0.0,0.0
2021-08-06 19:31:20.331952,4164211,0.0,5.8
2021-08-06 19:31:20.487335,4164152,0.0,0.0
2021-08-06 19:31:20.487335,4164211,0.0,5.8
2021-08-06 19:31:20.642771,4164152,0.0,0.0
2021-08-06 19:31:20.642771,4164211,0.0,5.8
2021-08-06 19:31:20.798246,4164152,0.0,0.0
2021-08-06 19:31:20.798246,4164211,0.0,5.8
2021-08-06 19:31:20.953549,4164152,0.0,0.0
2021-08-06 19:31:20.953549,4164211,0.0,5.8
2021-08-06 19:31:21.109078,4164152,0.0,0.0
2021-08-06 19:31:21.109078,4164211,0.0,5.8
2021-08-06 19:31:21.264440,4164152,0.0,0.0
2021-08-06 19:31:21.264440,4164211,0.0,5.8
2021-08-06 19:31:21.419752,4164152,0.0,0.0
2021-08-06 19:31:21.419752,4164211,0.0,5.8
2021-08-06 19:31:21.575065,4164152,0.0,0.0
2021-08-06 19:31:21.575065,4164211,0.0,5.8
2021-08-06 19:31:21.730420,4164152,0.0,0.0
2021-08-06 19:31:21.730420,4164211,0.0,5.8
2021-08-06 19:31:21.885757,4164152,0.0,0.0
2021-08-06 19:31:21.885757,4164211,0.0,5.8
2021-08-06 19:31:22.041229,4164152,0.0,0.0
2021-08-06 19:31:22.041229,4164211,0.0,5.8
2021-08-06 19:31:22.196648,4164152,0.0,0.0
2021-08-06 19:31:22.196648,4164211,0.0,5.8
2021-08-06 19:31:22.352292,4164152,0.0,0.0
2021-08-06 19:31:22.352292,4164211,0.0,5.8
2021-08-06 19:31:22.507827,4164152,0.0,0.0
2021-08-06 19:31:22.507827,4164211,0.0,5.8
2021-08-06 19:31:22.663225,4164152,0.0,0.0
2021-08-06 19:31:22.663225,4164211,0.0,5.8
2021-08-06 19:31:22.818497,4164152,0.0,0.0
2021-08-06 19:31:22.818497,4164211,0.0,5.8
2021-08-06 19:31:22.973790,4164152,0.0,0.0
2021-08-06 19:31:22.973790,4164211,0.0,5.8
2021-08-06 19:31:23.129186,4164152,0.0,0.0
2021-08-06 19:31:23.129186,4164211,0.0,5.8
2021-08-06 19:31:23.284716,4164152,0.0,0.0
2021-08-06 19:31:23.284716,4164211,0.0,5.8
2021-08-06 19:31:23.440068,4164152,0.0,0.0
2021-08-06 19:31:23.440068,4164211,0.0,5.8
2021-08-06 19:31:23.595407,4164152,0.0,0.0
2021-08-06 19:31:23.595407,4164211,0.0,5.8
2021-08-06 19:31:23.750763,4164152,0.0,0.0
2021-08-06 19:31:23.750763,4164211,0.0,5.8
2021-08-06 19:31:23.906087,4164152,0.0,0.0
2021-08-06 19:31:23.906087,4164211,0.0,5.8
2021-08-06 19:31:24.061412,4164152,0.0,0.0
2021-08-06 19:31:24.061412,4164211,0.0,5.8
2021-08-06 19:31:24.216850,4164152,0.0,0.0
2021-08-06 19:31:24.216850,4164211,0.0,5.8
2021-08-06 19:31:24.372490,4164152,0.0,0.0
2021-08-06 19:31:24.372490,4164211,0.0,5.8
2021-08-06 19:31:24.528074,4164152,0.0,0.0
2021-08-06 19:31:24.528074,4164211,0.0,5.8
2021-08-06 19:31:24.683481,4164152,0.0,0.0
2021-08-06 19:31:24.683481,4164211,0.0,5.8
2021-08-06 19:31:24.838837,4164152,0.0,0.0
2021-08-06 19:31:24.838837,4164211,0.0,5.8
2021-08-06 19:31:24.994299,4164152,0.0,0.0
2021-08-06 19:31:24.994299,4164211,0.0,5.8
2021-08-06 19:31:25.149694,4164152,0.0,0.0
2021-08-06 19:31:25.149694,4164211,0.0,5.8
2021-08-06 19:31:25.305208,4164152,0.0,0.0
2021-08-06 19:31:25.305208,4164211,0.0,5.8
2021-08-06 19:31:25.460627,4164152,0.0,0.0
2021-08-06 19:31:25.460627,4164211,0.0,5.8
2021-08-06 19:31:25.616150,4164152,0.0,0.0
2021-08-06 19:31:25.616150,4164211,0.0,5.8
2021-08-06 19:31:25.771561,4164152,0.0,0.0
2021-08-06 19:31:25.771561,4164211,0.0,5.8
2021-08-06 19:31:25.926961,4164152,0.0,0.0
2021-08-06 19:31:25.926961,4164211,0.0,5.8
2021-08-06 19:31:26.082471,4164152,0.0,0.0
2021-08-06 19:31:26.082471,4164211,0.0,5.8
2021-08-06 19:31:26.237849,4164152,0.0,0.0
2021-08-06 19:31:26.237849,4164211,0.0,5.8
2021-08-06 19:31:26.393314,4164152,0.0,0.0
2021-08-06 19:31:26.393314,4164211,0.0,5.8
2021-08-06 19:31:26.548730,4164152,0.0,0.0
2021-08-06 19:31:26.548730,4164211,0.0,5.8
2021-08-06 19:31:26.704340,4164152,0.0,0.0
2021-08-06 19:31:26.704340,4164211,0.0,5.8
2021-08-06 19:31:26.859978,4164152,0.0,0.0
2021-08-06 19:31:26.859978,4164211,0.0,5.8
2021-08-06 19:31:27.015500,4164152,0.0,0.0
2021-08-06 19:31:27.015500,4164211,0.0,5.8
2021-08-06 19:31:27.170972,4164152,0.0,0.0
2021-08-06 19:31:27.170972,4164211,0.0,5.8
2021-08-06 19:31:27.326495,4164152,0.0,0.0
2021-08-06 19:31:27.326495,4164211,0.0,5.8
2021-08-06 19:31:27.482051,4164152,0.0,0.0
2021-08-06 19:31:27.482051,4164211,0.0,5.8
2021-08-06 19:31:27.637651,4164152,0.0,0.0
2021-08-06 19:31:27.637651,4164211,0.0,5.8
2021-08-06 19:31:27.793109,4164152,0.0,0.0
2021-08-06 19:31:27.793109,4164211,0.0,5.8
2021-08-06 19:31:27.948445,4164152,0.0,0.0
2021-08-06 19:31:27.948445,4164211,0.0,5.8
2021-08-06 19:31:28.103866,4164152,0.0,0.0
2021-08-06 19:31:28.103866,4164211,0.0,5.8
2021-08-06 19:31:28.259464,4164152,0.0,0.0
2021-08-06 19:31:28.259464,4164211,0.0,5.8
2021-08-06 19:31:28.415067,4164152,0.0,0.0
2021-08-06 19:31:28.415067,4164211,0.0,5.8
2021-08-06 19:31:28.570618,4164152,0.0,0.0
2021-08-06 19:31:28.570618,4164211,0.0,5.8
2021-08-06 19:31:28.726196,4164152,0.0,0.0
2021-08-06 19:31:28.726196,4164211,0.0,5.8
2021-08-06 19:31:28.881717,4164152,0.0,0.0
2021-08-06 19:31:28.881717,4164211,0.0,5.8
2021-08-06 19:31:29.037102,4164152,0.0,0.0
2021-08-06 19:31:29.037102,4164211,0.0,5.8
2021-08-06 19:31:29.192410,4164152,0.0,0.0
2021-08-06 19:31:29.192410,4164211,0.0,5.8
2021-08-06 19:31:29.347714,4164152,0.0,0.0
2021-08-06 19:31:29.347714,4164211,0.0,5.8
2021-08-06 19:31:29.503040,4164152,0.0,0.0
2021-08-06 19:31:29.503040,4164211,0.0,5.8
2021-08-06 19:31:29.658403,4164152,0.0,0.0
2021-08-06 19:31:29.658403,4164211,0.0,5.8
2021-08-06 19:31:29.813744,4164152,0.0,0.0
2021-08-06 19:31:29.813744,4164211,0.0,5.8
2021-08-06 19:31:29.969046,4164152,0.0,0.0
2021-08-06 19:31:29.969046,4164211,0.0,5.8
2021-08-06 19:31:30.124494,4164152,0.0,0.0
2021-08-06 19:31:30.124494,4164211,0.0,5.8
2021-08-06 19:31:30.279866,4164152,0.0,0.0
2021-08-06 19:31:30.279866,4164211,0.0,5.8
2021-08-06 19:31:30.435215,4164152,0.0,0.0
2021-08-06 19:31:30.435215,4164211,0.0,5.8
2021-08-06 19:31:30.590509,4164152,0.0,0.0
2021-08-06 19:31:30.590509,4164211,0.0,5.8
2021-08-06 19:31:30.745934,4164152,0.0,0.0
2021-08-06 19:31:30.745934,4164211,0.0,5.8
2021-08-06 19:31:30.901449,4164152,0.0,0.0
2021-08-06 19:31:30.901449,4164211,0.0,5.8
2021-08-06 19:31:31.056994,4164152,0.0,0.0
2021-08-06 19:31:31.056994,4164211,0.0,5.8
2021-08-06 19:31:31.212394,4164152,0.0,0.0
2021-08-06 19:31:31.212394,4164211,0.0,5.8
2021-08-06 19:31:31.367811,4164152,0.0,0.0
2021-08-06 19:31:31.367811,4164211,0.0,5.8
2021-08-06 19:31:31.523497,4164152,0.0,0.0
2021-08-06 19:31:31.523497,4164211,0.0,5.8
2021-08-06 19:31:31.679039,4164152,0.0,0.0
2021-08-06 19:31:31.679039,4164211,0.0,5.8
2021-08-06 19:31:31.834501,4164152,0.0,0.0
2021-08-06 19:31:31.834501,4164211,0.0,5.8
2021-08-06 19:31:31.989943,4164152,0.0,0.0
2021-08-06 19:31:31.989943,4164211,0.0,5.8
2021-08-06 19:31:32.145550,4164152,0.0,0.0
2021-08-06 19:31:32.145550,4164211,0.0,5.8
2021-08-06 19:31:32.301120,4164152,0.0,0.0
2021-08-06 19:31:32.301120,4164211,0.0,5.8
2021-08-06 19:31:32.456715,4164152,0.0,0.0
2021-08-06 19:31:32.456715,4164211,0.0,5.8
2021-08-06 19:31:32.612187,4164152,0.0,0.0
2021-08-06 19:31:32.612187,4164211,0.0,5.8
2021-08-06 19:31:32.767669,4164152,0.0,0.0
2021-08-06 19:31:32.767669,4164211,0.0,5.8
2021-08-06 19:31:32.923230,4164152,0.0,0.0
2021-08-06 19:31:32.923230,4164211,0.0,5.8
2021-08-06 19:31:33.078819,4164152,0.0,0.0
2021-08-06 19:31:33.078819,4164211,0.0,5.8
2021-08-06 19:31:33.234446,4164152,0.0,0.0
2021-08-06 19:31:33.234446,4164211,0.0,5.8
2021-08-06 19:31:33.389983,4164152,0.0,0.0
2021-08-06 19:31:33.389983,4164211,0.0,5.8
2021-08-06 19:31:33.545530,4164152,0.0,0.0
2021-08-06 19:31:33.545530,4164211,0.0,5.8
2021-08-06 19:31:33.701100,4164152,0.0,0.0
2021-08-06 19:31:33.701100,4164211,0.0,5.8
2021-08-06 19:31:33.856660,4164152,0.0,0.0
2021-08-06 19:31:33.856660,4164211,0.0,5.8
2021-08-06 19:31:34.012246,4164152,0.0,0.0
2021-08-06 19:31:34.012246,4164211,0.0,5.8
2021-08-06 19:31:34.167801,4164152,0.0,0.0
2021-08-06 19:31:34.167801,4164211,0.0,5.8
2021-08-06 19:31:34.323410,4164152,0.0,0.0
2021-08-06 19:31:34.323410,4164211,0.0,5.8
2021-08-06 19:31:34.478973,4164152,0.0,0.0
2021-08-06 19:31:34.478973,4164211,0.0,5.8
2021-08-06 19:31:34.634512,4164152,0.0,0.0
2021-08-06 19:31:34.634512,4164211,0.0,5.8
2021-08-06 19:31:34.789876,4164152,0.0,0.0
2021-08-06 19:31:34.789876,4164211,0.0,5.8
2021-08-06 19:31:34.945228,4164152,0.0,0.0
2021-08-06 19:31:34.945228,4164211,0.0,5.8
2021-08-06 19:31:35.100632,4164152,0.0,0.0
2021-08-06 19:31:35.100632,4164211,0.0,5.8
2021-08-06 19:31:35.255950,4164152,0.0,0.0
2021-08-06 19:31:35.255950,4164211,0.0,5.8
2021-08-06 19:31:35.411287,4164152,0.0,0.0
2021-08-06 19:31:35.411287,4164211,0.0,5.8
2021-08-06 19:31:35.566628,4164152,0.0,0.0
2021-08-06 19:31:35.566628,4164211,0.0,5.8
2021-08-06 19:31:35.721956,4164152,0.0,0.0
2021-08-06 19:31:35.721956,4164211,0.0,5.8
2021-08-06 19:31:35.877341,4164152,0.0,0.0
2021-08-06 19:31:35.877341,4164211,0.0,5.8
2021-08-06 19:31:36.032921,4164152,0.0,0.0
2021-08-06 19:31:36.032921,4164211,0.0,5.8
2021-08-06 19:31:36.188504,4164152,0.0,0.0
2021-08-06 19:31:36.188504,4164211,0.0,5.8
2021-08-06 19:31:36.344161,4164152,0.0,0.0
2021-08-06 19:31:36.344161,4164211,0.0,5.8
2021-08-06 19:31:36.499826,4164152,0.0,0.0
2021-08-06 19:31:36.499826,4164211,0.0,5.8
2021-08-06 19:31:36.655484,4164152,0.0,0.0
2021-08-06 19:31:36.655484,4164211,0.0,5.8
2021-08-06 19:31:36.811046,4164152,0.0,0.0
2021-08-06 19:31:36.811046,4164211,0.0,5.8
2021-08-06 19:31:36.966429,4164152,0.0,0.0
2021-08-06 19:31:36.966429,4164211,0.0,5.8
2021-08-06 19:31:37.121983,4164152,0.0,0.0
2021-08-06 19:31:37.121983,4164211,0.0,5.8
2021-08-06 19:31:37.277366,4164152,0.0,0.0
2021-08-06 19:31:37.277366,4164211,0.0,5.8
2021-08-06 19:31:37.432705,4164152,0.0,0.0
2021-08-06 19:31:37.432705,4164211,0.0,5.8
2021-08-06 19:31:37.588109,4164152,0.0,0.0
2021-08-06 19:31:37.588109,4164211,0.0,5.8
2021-08-06 19:31:37.743546,4164152,0.0,0.0
2021-08-06 19:31:37.743546,4164211,0.0,5.8
2021-08-06 19:31:37.899094,4164152,0.0,0.0
2021-08-06 19:31:37.899094,4164211,0.0,5.8
2021-08-06 19:31:38.054553,4164152,0.0,0.0
2021-08-06 19:31:38.054553,4164211,0.0,5.8
2021-08-06 19:31:38.210022,4164152,0.0,0.0
2021-08-06 19:31:38.210022,4164211,0.0,5.8
2021-08-06 19:31:38.365390,4164152,0.0,0.0
2021-08-06 19:31:38.365390,4164211,0.0,5.8
2021-08-06 19:31:38.520896,4164152,0.0,0.0
2021-08-06 19:31:38.520896,4164211,0.0,5.8
2021-08-06 19:31:38.676447,4164152,0.0,0.0
2021-08-06 19:31:38.676447,4164211,0.0,5.8
2021-08-06 19:31:38.831857,4164152,0.0,0.0
2021-08-06 19:31:38.831857,4164211,0.0,5.8
2021-08-06 19:31:38.987231,4164152,0.0,0.0
2021-08-06 19:31:38.987231,4164211,0.0,5.8
2021-08-06 19:31:39.142633,4164152,0.0,0.0
2021-08-06 19:31:39.142633,4164211,0.0,5.8
2021-08-06 19:31:39.297935,4164152,0.0,0.0
2021-08-06 19:31:39.297935,4164211,0.0,5.8
2021-08-06 19:31:39.453226,4164152,0.0,0.0
2021-08-06 19:31:39.453226,4164211,0.0,5.8
2021-08-06 19:31:39.608806,4164152,0.0,0.0
2021-08-06 19:31:39.608806,4164211,0.0,5.8
2021-08-06 19:31:39.764283,4164152,0.0,0.0
2021-08-06 19:31:39.764283,4164211,0.0,5.8
2021-08-06 19:31:39.919658,4164152,0.0,0.0
2021-08-06 19:31:39.919658,4164211,0.0,5.8
2021-08-06 19:31:40.074958,4164152,0.0,0.0
2021-08-06 19:31:40.074958,4164211,0.0,5.8
2021-08-06 19:31:40.230324,4164152,0.0,0.0
2021-08-06 19:31:40.230324,4164211,0.0,5.8
2021-08-06 19:31:40.385825,4164152,0.0,0.0
2021-08-06 19:31:40.385825,4164211,0.0,5.8
2021-08-06 19:31:40.541317,4164152,0.0,0.0
2021-08-06 19:31:40.541317,4164211,0.0,5.8
2021-08-06 19:31:40.696675,4164152,0.0,0.0
2021-08-06 19:31:40.696675,4164211,0.0,5.8
2021-08-06 19:31:40.851952,4164152,0.0,0.0
2021-08-06 19:31:40.851952,4164211,0.0,5.8
2021-08-06 19:31:41.007237,4164152,0.0,0.0
2021-08-06 19:31:41.007237,4164211,0.0,5.8
2021-08-06 19:31:41.162549,4164152,0.0,0.0
2021-08-06 19:31:41.162549,4164211,0.0,5.8
2021-08-06 19:31:41.317858,4164152,0.0,0.0
2021-08-06 19:31:41.317858,4164211,0.0,5.8
2021-08-06 19:31:41.473396,4164152,0.0,0.0
2021-08-06 19:31:41.473396,4164211,0.0,5.8
2021-08-06 19:31:41.629168,4164152,0.0,0.0
2021-08-06 19:31:41.629168,4164211,0.0,5.8
2021-08-06 19:31:41.784632,4164152,0.0,0.0
2021-08-06 19:31:41.784632,4164211,0.0,5.8
2021-08-06 19:31:41.940245,4164152,0.0,0.0
2021-08-06 19:31:41.940245,4164211,0.0,5.8
2021-08-06 19:31:42.095816,4164152,0.0,0.0
2021-08-06 19:31:42.095816,4164211,0.0,5.8
2021-08-06 19:31:42.251387,4164152,0.0,0.0
2021-08-06 19:31:42.251387,4164211,0.0,5.8
2021-08-06 19:31:42.406962,4164152,0.0,0.0
2021-08-06 19:31:42.406962,4164211,0.0,5.8
2021-08-06 19:31:42.562518,4164152,0.0,0.0
2021-08-06 19:31:42.562518,4164211,0.0,5.8
2021-08-06 19:31:42.718100,4164152,0.0,0.0
2021-08-06 19:31:42.718100,4164211,0.0,5.8
2021-08-06 19:31:42.873686,4164152,0.0,0.0
2021-08-06 19:31:42.873686,4164211,0.0,5.8
2021-08-06 19:31:43.029353,4164152,0.0,0.0
2021-08-06 19:31:43.029353,4164211,0.0,5.8
2021-08-06 19:31:43.184868,4164152,0.0,0.0
2021-08-06 19:31:43.184868,4164211,0.0,5.8
2021-08-06 19:31:43.340533,4164152,0.0,0.0
2021-08-06 19:31:43.340533,4164211,0.0,5.8
2021-08-06 19:31:43.496154,4164152,0.0,0.0
2021-08-06 19:31:43.496154,4164211,0.0,5.8
2021-08-06 19:31:43.651656,4164152,0.0,0.0
2021-08-06 19:31:43.651656,4164211,0.0,5.8
2021-08-06 19:31:43.807181,4164152,0.0,0.0
2021-08-06 19:31:43.807181,4164211,0.0,5.8
2021-08-06 19:31:43.962749,4164152,0.0,0.0
2021-08-06 19:31:43.962749,4164211,0.0,5.8
2021-08-06 19:31:44.118249,4164152,0.0,0.0
2021-08-06 19:31:44.118249,4164211,0.0,5.8
2021-08-06 19:31:44.273738,4164152,0.0,0.0
2021-08-06 19:31:44.273738,4164211,0.0,5.8
2021-08-06 19:31:44.429389,4164152,0.0,0.0
2021-08-06 19:31:44.429389,4164211,0.0,5.8
2021-08-06 19:31:44.584976,4164152,0.0,0.0
2021-08-06 19:31:44.584976,4164211,0.0,5.8
2021-08-06 19:31:44.740527,4164152,0.0,0.0
2021-08-06 19:31:44.740527,4164211,0.0,5.8
2021-08-06 19:31:44.896046,4164152,0.0,0.0
2021-08-06 19:31:44.896046,4164211,0.0,5.8
2021-08-06 19:31:45.051465,4164152,0.0,0.0
2021-08-06 19:31:45.051465,4164211,0.0,5.8
2021-08-06 19:31:45.206904,4164152,0.0,0.0
2021-08-06 19:31:45.206904,4164211,0.0,5.8
2021-08-06 19:31:45.362511,4164152,0.0,0.0
2021-08-06 19:31:45.362511,4164211,0.0,5.8
2021-08-06 19:31:45.518078,4164152,0.0,0.0
2021-08-06 19:31:45.518078,4164211,0.0,5.8
2021-08-06 19:31:45.673529,4164152,0.0,0.0
2021-08-06 19:31:45.673529,4164211,0.0,5.8
2021-08-06 19:31:45.828886,4164152,0.0,0.0
2021-08-06 19:31:45.828886,4164211,0.0,5.8
2021-08-06 19:31:45.984182,4164152,0.0,0.0
2021-08-06 19:31:45.984182,4164211,0.0,5.8
2021-08-06 19:31:46.139607,4164152,0.0,0.0
2021-08-06 19:31:46.139607,4164211,0.0,5.8
2021-08-06 19:31:46.295172,4164152,0.0,0.0
2021-08-06 19:31:46.295172,4164211,0.0,5.8
2021-08-06 19:31:46.450762,4164152,0.0,0.0
2021-08-06 19:31:46.450762,4164211,0.0,5.8
2021-08-06 19:31:46.606222,4164152,0.0,0.0
2021-08-06 19:31:46.606222,4164211,0.0,5.8
2021-08-06 19:31:46.761763,4164152,0.0,0.0
2021-08-06 19:31:46.761763,4164211,0.0,5.8
2021-08-06 19:31:46.917422,4164152,0.0,0.0
2021-08-06 19:31:46.917422,4164211,0.0,5.8
2021-08-06 19:31:47.072900,4164152,0.0,0.0
2021-08-06 19:31:47.072900,4164211,0.0,5.8
2021-08-06 19:31:47.228303,4164152,0.0,0.0
2021-08-06 19:31:47.228303,4164211,0.0,5.8
2021-08-06 19:31:47.383648,4164152,0.0,0.0
2021-08-06 19:31:47.383648,4164211,0.0,5.8
2021-08-06 19:31:47.539003,4164152,0.0,0.0
2021-08-06 19:31:47.539003,4164211,0.0,5.8
2021-08-06 19:31:47.694453,4164152,0.0,0.0
2021-08-06 19:31:47.694453,4164211,0.0,5.8
2021-08-06 19:31:47.850027,4164152,0.0,0.0
2021-08-06 19:31:47.850027,4164211,0.0,5.8
2021-08-06 19:31:48.005474,4164152,0.0,0.0
2021-08-06 19:31:48.005474,4164211,0.0,5.8
2021-08-06 19:31:48.160952,4164152,0.0,0.0
2021-08-06 19:31:48.160952,4164211,0.0,5.8
2021-08-06 19:31:48.316589,4164152,0.0,0.0
2021-08-06 19:31:48.316589,4164211,0.0,5.8
2021-08-06 19:31:48.472196,4164152,0.0,0.0
2021-08-06 19:31:48.472196,4164211,0.0,5.8
2021-08-06 19:31:48.627627,4164152,0.0,0.0
2021-08-06 19:31:48.627627,4164211,0.0,5.8
2021-08-06 19:31:48.782951,4164152,0.0,0.0
2021-08-06 19:31:48.782951,4164211,0.0,5.8
2021-08-06 19:31:48.938480,4164152,0.0,0.0
2021-08-06 19:31:48.938480,4164211,0.0,5.8
2021-08-06 19:31:49.093923,4164152,0.0,0.0
2021-08-06 19:31:49.093923,4164211,0.0,5.8
2021-08-06 19:31:49.249268,4164152,0.0,0.0
2021-08-06 19:31:49.249268,4164211,0.0,5.8
2021-08-06 19:31:49.404649,4164152,0.0,0.0
2021-08-06 19:31:49.404649,4164211,0.0,5.8
2021-08-06 19:31:49.560067,4164152,0.0,0.0
2021-08-06 19:31:49.560067,4164211,0.0,5.8
2021-08-06 19:31:49.715443,4164152,0.0,0.0
2021-08-06 19:31:49.715443,4164211,0.0,5.8
2021-08-06 19:31:49.870786,4164152,0.0,0.0
2021-08-06 19:31:49.870786,4164211,0.0,5.8
2021-08-06 19:31:50.026110,4164152,0.0,0.0
2021-08-06 19:31:50.026110,4164211,0.0,5.8
2021-08-06 19:31:50.181436,4164152,0.0,0.0
2021-08-06 19:31:50.181436,4164211,0.0,5.8
2021-08-06 19:31:50.336761,4164152,0.0,0.0
2021-08-06 19:31:50.336761,4164211,0.0,5.8
2021-08-06 19:31:50.492200,4164152,0.0,0.0
2021-08-06 19:31:50.492200,4164211,0.0,5.8
2021-08-06 19:31:50.647598,4164152,0.0,0.0
2021-08-06 19:31:50.647598,4164211,0.0,5.8
2021-08-06 19:31:50.802927,4164152,0.0,0.0
2021-08-06 19:31:50.802927,4164211,0.0,5.8
2021-08-06 19:31:50.958214,4164152,0.0,0.0
2021-08-06 19:31:50.958214,4164211,0.0,5.8
2021-08-06 19:31:51.113643,4164152,0.0,0.0
2021-08-06 19:31:51.113643,4164211,0.0,5.8
2021-08-06 19:31:51.269281,4164152,0.0,0.0
2021-08-06 19:31:51.269281,4164211,0.0,5.8
2021-08-06 19:31:51.425021,4164152,0.0,0.0
2021-08-06 19:31:51.425021,4164211,0.0,5.8
2021-08-06 19:31:51.580397,4164152,0.0,0.0
2021-08-06 19:31:51.580397,4164211,0.0,5.8
2021-08-06 19:31:51.735822,4164152,0.0,0.0
2021-08-06 19:31:51.735822,4164211,0.0,5.8
2021-08-06 19:31:51.891958,4164152,0.0,0.0
2021-08-06 19:31:51.891958,4164211,0.0,5.8
2021-08-06 19:31:52.048321,4164152,0.0,0.0
2021-08-06 19:31:52.048321,4164211,0.0,5.8
2021-08-06 19:31:52.203674,4164152,0.0,0.0
2021-08-06 19:31:52.203674,4164211,0.0,5.8
2021-08-06 19:31:52.359223,4164152,0.0,0.0
2021-08-06 19:31:52.359223,4164211,0.0,5.8
2021-08-06 19:31:52.514669,4164152,0.0,0.0
2021-08-06 19:31:52.514669,4164211,0.0,5.8
2021-08-06 19:31:52.670076,4164152,0.0,0.0
2021-08-06 19:31:52.670076,4164211,0.0,5.8
2021-08-06 19:31:52.825521,4164152,0.0,0.0
2021-08-06 19:31:52.825521,4164211,0.0,5.8
2021-08-06 19:31:52.980992,4164152,0.0,0.0
2021-08-06 19:31:52.980992,4164211,0.0,5.8
2021-08-06 19:31:53.136341,4164152,0.0,0.0
2021-08-06 19:31:53.136341,4164211,0.0,5.8
2021-08-06 19:31:53.291620,4164152,0.0,0.0
2021-08-06 19:31:53.291620,4164211,0.0,5.8
2021-08-06 19:31:53.446946,4164152,0.0,0.0
2021-08-06 19:31:53.446946,4164211,0.0,5.8
2021-08-06 19:31:53.602254,4164152,0.0,0.0
2021-08-06 19:31:53.602254,4164211,0.0,5.8
2021-08-06 19:31:53.757715,4164152,0.0,0.0
2021-08-06 19:31:53.757715,4164211,0.0,5.8
2021-08-06 19:31:53.913241,4164152,0.0,0.0
2021-08-06 19:31:53.913241,4164211,0.0,5.8
2021-08-06 19:31:54.068610,4164152,0.0,0.0
2021-08-06 19:31:54.068610,4164211,0.0,5.8
2021-08-06 19:31:54.223879,4164152,0.0,0.0
2021-08-06 19:31:54.223879,4164211,0.0,5.8
2021-08-06 19:31:54.379228,4164152,0.0,0.0
2021-08-06 19:31:54.379228,4164211,0.0,5.8
2021-08-06 19:31:54.534617,4164152,0.0,0.0
2021-08-06 19:31:54.534617,4164211,0.0,5.8
2021-08-06 19:31:54.690196,4164152,0.0,0.0
2021-08-06 19:31:54.690196,4164211,0.0,5.8
2021-08-06 19:31:54.845701,4164152,0.0,0.0
2021-08-06 19:31:54.845701,4164211,0.0,5.8
2021-08-06 19:31:55.001179,4164152,0.0,0.0
2021-08-06 19:31:55.001179,4164211,0.0,5.8
2021-08-06 19:31:55.156643,4164152,0.0,0.0
2021-08-06 19:31:55.156643,4164211,0.0,5.8
2021-08-06 19:31:55.311968,4164152,0.0,0.0
2021-08-06 19:31:55.311968,4164211,0.0,5.8
2021-08-06 19:31:55.467346,4164152,0.0,0.0
2021-08-06 19:31:55.467346,4164211,0.0,5.8
2021-08-06 19:31:55.622687,4164152,0.0,0.0
2021-08-06 19:31:55.622687,4164211,0.0,5.8
2021-08-06 19:31:55.778048,4164152,0.0,0.0
2021-08-06 19:31:55.778048,4164211,0.0,5.8
2021-08-06 19:31:55.933419,4164152,0.0,0.0
2021-08-06 19:31:55.933419,4164211,0.0,5.8
2021-08-06 19:31:56.088711,4164152,0.0,0.0
2021-08-06 19:31:56.088711,4164211,0.0,5.8
2021-08-06 19:31:56.244090,4164152,0.0,0.0
2021-08-06 19:31:56.244090,4164211,0.0,5.8
2021-08-06 19:31:56.399683,4164152,0.0,0.0
2021-08-06 19:31:56.399683,4164211,0.0,5.8
2021-08-06 19:31:56.555050,4164152,0.0,0.0
2021-08-06 19:31:56.555050,4164211,0.0,5.8
2021-08-06 19:31:56.710416,4164152,0.0,0.0
2021-08-06 19:31:56.710416,4164211,0.0,5.8
2021-08-06 19:31:56.865982,4164152,0.0,0.0
2021-08-06 19:31:56.865982,4164211,0.0,5.8
2021-08-06 19:31:57.021403,4164152,0.0,0.0
2021-08-06 19:31:57.021403,4164211,0.0,5.8
2021-08-06 19:31:57.176704,4164152,0.0,0.0
2021-08-06 19:31:57.176704,4164211,0.0,5.8
2021-08-06 19:31:57.332152,4164152,0.0,0.0
2021-08-06 19:31:57.332152,4164211,0.0,5.8
2021-08-06 19:31:57.487603,4164152,0.0,0.0
2021-08-06 19:31:57.487603,4164211,0.0,5.8
2021-08-06 19:31:57.643215,4164152,0.0,0.0
2021-08-06 19:31:57.643215,4164211,0.0,5.8
2021-08-06 19:31:57.798807,4164152,0.0,0.0
2021-08-06 19:31:57.798807,4164211,0.0,5.8
2021-08-06 19:31:57.954368,4164152,0.0,0.0
2021-08-06 19:31:57.954368,4164211,0.0,5.8
2021-08-06 19:31:58.109950,4164152,0.0,0.0
2021-08-06 19:31:58.109950,4164211,0.0,5.8
2021-08-06 19:31:58.265478,4164152,0.0,0.0
2021-08-06 19:31:58.265478,4164211,0.0,5.8
2021-08-06 19:31:58.420864,4164152,0.0,0.0
2021-08-06 19:31:58.420864,4164211,0.0,5.8
2021-08-06 19:31:58.576200,4164152,0.0,0.0
2021-08-06 19:31:58.576200,4164211,0.0,5.8
2021-08-06 19:31:58.731560,4164152,0.0,0.0
2021-08-06 19:31:58.731560,4164211,0.0,5.8
2021-08-06 19:31:58.886972,4164152,0.0,0.0
2021-08-06 19:31:58.886972,4164211,0.0,5.8
2021-08-06 19:31:59.042477,4164152,0.0,0.0
2021-08-06 19:31:59.042477,4164211,0.0,5.8
2021-08-06 19:31:59.197842,4164152,0.0,0.0
2021-08-06 19:31:59.197842,4164211,0.0,5.8
2021-08-06 19:31:59.353185,4164152,0.0,0.0
2021-08-06 19:31:59.353185,4164211,0.0,5.8
2021-08-06 19:31:59.508538,4164152,0.0,0.0
2021-08-06 19:31:59.508538,4164211,0.0,5.8
2021-08-06 19:31:59.663898,4164152,0.0,0.0
2021-08-06 19:31:59.663898,4164211,0.0,5.8
2021-08-06 19:31:59.819209,4164152,0.0,0.0
2021-08-06 19:31:59.819209,4164211,0.0,5.8
2021-08-06 19:31:59.974513,4164152,0.0,0.0
2021-08-06 19:31:59.974513,4164211,0.0,5.8
2021-08-06 19:32:00.129905,4164152,0.0,0.0
2021-08-06 19:32:00.129905,4164211,0.0,5.8
2021-08-06 19:32:00.285219,4164152,0.0,0.0
2021-08-06 19:32:00.285219,4164211,0.0,5.8
2021-08-06 19:32:00.440618,4164152,0.0,0.0
2021-08-06 19:32:00.440618,4164211,0.0,5.8
2021-08-06 19:32:00.595949,4164152,0.0,0.0
2021-08-06 19:32:00.595949,4164211,0.0,5.8
2021-08-06 19:32:00.751306,4164152,0.0,0.0
2021-08-06 19:32:00.751306,4164211,0.0,5.8
2021-08-06 19:32:00.906608,4164152,0.0,0.0
2021-08-06 19:32:00.906608,4164211,0.0,5.8
2021-08-06 19:32:01.062035,4164152,0.0,0.0
2021-08-06 19:32:01.062035,4164211,0.0,5.8
2021-08-06 19:32:01.217618,4164152,0.0,0.0
2021-08-06 19:32:01.217618,4164211,0.0,5.8
2021-08-06 19:32:01.373192,4164152,0.0,0.0
2021-08-06 19:32:01.373192,4164211,0.0,5.8
2021-08-06 19:32:01.528925,4164211,6.2,5.8
2021-08-06 19:32:01.528925,4164152,0.0,0.0
2021-08-06 19:32:01.684559,4164152,0.0,0.0
2021-08-06 19:32:01.684559,4164211,0.0,5.8
2021-08-06 19:32:01.840214,4164211,6.7,5.8
2021-08-06 19:32:01.840214,4164152,0.0,0.0
2021-08-06 19:32:01.995962,4164152,0.0,0.0
2021-08-06 19:32:01.995962,4164211,0.0,5.8
2021-08-06 19:32:02.151431,4164152,0.0,0.0
2021-08-06 19:32:02.151431,4164211,0.0,5.8
2021-08-06 19:32:02.306783,4164152,0.0,0.0
2021-08-06 19:32:02.306783,4164211,0.0,5.8
2021-08-06 19:32:02.462138,4164152,0.0,0.0
2021-08-06 19:32:02.462138,4164211,0.0,5.8
2021-08-06 19:32:02.617526,4164152,0.0,0.0
2021-08-06 19:32:02.617526,4164211,0.0,5.8
2021-08-06 19:32:02.772892,4164152,0.0,0.0
2021-08-06 19:32:02.772892,4164211,0.0,5.8
2021-08-06 19:32:02.928354,4164152,0.0,0.0
2021-08-06 19:32:02.928354,4164211,0.0,5.8
2021-08-06 19:32:03.083672,4164152,0.0,0.0
2021-08-06 19:32:03.083672,4164211,0.0,5.8
2021-08-06 19:32:03.239033,4164152,0.0,0.0
2021-08-06 19:32:03.239033,4164211,0.0,5.8
2021-08-06 19:32:03.394523,4164152,0.0,0.0
2021-08-06 19:32:03.394523,4164211,0.0,5.8
2021-08-06 19:32:03.549898,4164152,0.0,0.0
2021-08-06 19:32:03.549898,4164211,0.0,5.8
2021-08-06 19:32:03.705240,4164152,0.0,0.0
2021-08-06 19:32:03.705240,4164211,0.0,5.8
2021-08-06 19:32:03.860596,4164152,0.0,0.0
2021-08-06 19:32:03.860596,4164211,0.0,5.8
2021-08-06 19:32:04.015912,4164152,0.0,0.0
2021-08-06 19:32:04.015912,4164211,0.0,5.8
2021-08-06 19:32:04.171310,4164152,0.0,0.0
2021-08-06 19:32:04.171310,4164211,0.0,5.8
2021-08-06 19:32:04.326632,4164152,0.0,0.0
2021-08-06 19:32:04.326632,4164211,0.0,5.8
2021-08-06 19:32:04.481907,4164152,0.0,0.0
2021-08-06 19:32:04.481907,4164211,0.0,5.8
2021-08-06 19:32:04.636834,4164152,0.0,0.0
2021-08-06 19:32:04.636834,4164211,0.0,5.8
2021-08-06 19:32:04.792179,4164152,0.0,0.0
2021-08-06 19:32:04.792179,4164211,0.0,5.8
2021-08-06 19:32:04.947481,4164152,0.0,0.0
2021-08-06 19:32:04.947481,4164211,0.0,5.8
2021-08-06 19:32:05.102804,4164152,0.0,0.0
2021-08-06 19:32:05.102804,4164211,0.0,5.8
2021-08-06 19:32:05.258128,4164152,0.0,0.0
2021-08-06 19:32:05.258128,4164211,0.0,5.8
2021-08-06 19:32:05.413554,4164152,0.0,0.0
2021-08-06 19:32:05.413554,4164211,0.0,5.8
2021-08-06 19:32:05.568895,4164152,0.0,0.0
2021-08-06 19:32:05.568895,4164211,0.0,5.8
2021-08-06 19:32:05.724270,4164152,0.0,0.0
2021-08-06 19:32:05.724270,4164211,0.0,5.8
2021-08-06 19:32:05.879612,4164152,0.0,0.0
2021-08-06 19:32:05.879612,4164211,0.0,5.8
2021-08-06 19:32:06.034942,4164152,0.0,0.0
2021-08-06 19:32:06.034942,4164211,0.0,5.8
2021-08-06 19:32:06.190180,4164152,0.0,0.0
2021-08-06 19:32:06.190180,4164211,0.0,5.8
2021-08-06 19:32:06.345497,4164152,0.0,0.0
2021-08-06 19:32:06.345497,4164211,0.0,5.8
