timestamp,PID,CPU,RAM
2021-08-06 20:33:38.882498,1846313,173.3,1.1
2021-08-06 20:33:38.882498,962875,0.0,0.0
2021-08-06 20:33:38.882498,962938,0.0,5.6
2021-08-06 20:33:39.040308,1846313,120.0,1.2
2021-08-06 20:33:39.040308,962875,0.0,0.0
2021-08-06 20:33:39.040308,962938,0.0,5.6
2021-08-06 20:33:39.198473,1846313,166.7,1.3
2021-08-06 20:33:39.198473,962875,0.0,0.0
2021-08-06 20:33:39.198473,962938,0.0,5.6
2021-08-06 20:33:39.355349,1846313,193.3,1.4
2021-08-06 20:33:39.355349,962875,0.0,0.0
2021-08-06 20:33:39.355349,962938,0.0,5.6
2021-08-06 20:33:39.512272,1846313,206.7,1.5
2021-08-06 20:33:39.512272,962875,0.0,0.0
2021-08-06 20:33:39.512272,962938,0.0,5.6
2021-08-06 20:33:39.669187,1846313,166.7,1.5
2021-08-06 20:33:39.669187,962875,0.0,0.0
2021-08-06 20:33:39.669187,962938,0.0,5.6
2021-08-06 20:33:39.826924,1846313,260.0,1.6
2021-08-06 20:33:39.826924,962875,0.0,0.0
2021-08-06 20:33:39.826924,962938,0.0,5.6
2021-08-06 20:33:39.983666,1846313,237.5,1.6
2021-08-06 20:33:39.983666,962875,0.0,0.0
2021-08-06 20:33:39.983666,962938,0.0,5.6
2021-08-06 20:33:40.141001,1846313,206.7,1.6
2021-08-06 20:33:40.141001,962875,0.0,0.0
2021-08-06 20:33:40.141001,962938,0.0,5.6
2021-08-06 20:33:40.298561,1846313,240.0,1.9
2021-08-06 20:33:40.298561,962875,0.0,0.0
2021-08-06 20:33:40.298561,962938,0.0,5.6
2021-08-06 20:33:40.455849,1846313,226.7,1.9
2021-08-06 20:33:40.455849,962938,6.7,5.6
2021-08-06 20:33:40.455849,962875,0.0,0.0
2021-08-06 20:33:40.613205,1846313,206.7,2.0
2021-08-06 20:33:40.613205,962875,0.0,0.0
2021-08-06 20:33:40.613205,962938,0.0,5.6
2021-08-06 20:33:40.770228,1846313,213.3,2.3
2021-08-06 20:33:40.770228,962875,0.0,0.0
2021-08-06 20:33:40.770228,962938,0.0,5.6
2021-08-06 20:33:40.927456,1846313,193.3,2.4
2021-08-06 20:33:40.927456,962875,0.0,0.0
2021-08-06 20:33:40.927456,962938,0.0,5.6
2021-08-06 20:33:41.084816,1846313,133.3,2.4
2021-08-06 20:33:41.084816,962875,0.0,0.0
2021-08-06 20:33:41.084816,962938,0.0,5.6
2021-08-06 20:33:41.241703,1846313,153.3,2.5
2021-08-06 20:33:41.241703,962875,0.0,0.0
2021-08-06 20:33:41.241703,962938,0.0,5.6
2021-08-06 20:33:41.398827,1846313,313.3,2.5
2021-08-06 20:33:41.398827,962875,0.0,0.0
2021-08-06 20:33:41.398827,962938,0.0,5.6
2021-08-06 20:33:41.556132,1846313,320.0,2.8
2021-08-06 20:33:41.556132,962875,0.0,0.0
2021-08-06 20:33:41.556132,962938,0.0,5.6
2021-08-06 20:33:41.713393,1846313,253.3,2.8
2021-08-06 20:33:41.713393,962875,0.0,0.0
2021-08-06 20:33:41.713393,962938,0.0,5.6
2021-08-06 20:33:41.870407,1846313,320.0,2.9
2021-08-06 20:33:41.870407,962875,0.0,0.0
2021-08-06 20:33:41.870407,962938,0.0,5.6
2021-08-06 20:33:42.030553,1846313,266.7,2.9
2021-08-06 20:33:42.030553,962875,0.0,0.0
2021-08-06 20:33:42.030553,962938,0.0,5.6
2021-08-06 20:33:42.187399,1846313,306.7,2.9
2021-08-06 20:33:42.187399,962875,0.0,0.0
2021-08-06 20:33:42.187399,962938,0.0,5.6
2021-08-06 20:33:42.344668,1846313,273.3,3.2
2021-08-06 20:33:42.344668,962875,0.0,0.0
2021-08-06 20:33:42.344668,962938,0.0,5.6
2021-08-06 20:33:42.502102,1846313,306.7,3.5
2021-08-06 20:33:42.502102,962875,0.0,0.0
2021-08-06 20:33:42.502102,962938,0.0,5.6
2021-08-06 20:33:42.661927,1846313,293.3,3.6
2021-08-06 20:33:42.661927,962875,0.0,0.0
2021-08-06 20:33:42.661927,962938,0.0,5.6
2021-08-06 20:33:42.818041,1846313,153.3,3.8
2021-08-06 20:33:42.818041,962875,0.0,0.0
2021-08-06 20:33:42.818041,962938,0.0,5.6
2021-08-06 20:33:42.975588,1846313,120.0,3.9
2021-08-06 20:33:42.975588,962875,0.0,0.0
2021-08-06 20:33:42.975588,962938,0.0,5.6
2021-08-06 20:33:43.133419,1846313,100.0,3.9
2021-08-06 20:33:43.133419,962875,0.0,0.0
2021-08-06 20:33:43.133419,962938,0.0,5.6
2021-08-06 20:33:43.290501,1846313,153.3,3.8
2021-08-06 20:33:43.290501,962875,0.0,0.0
2021-08-06 20:33:43.290501,962938,0.0,5.6
2021-08-06 20:33:43.447515,1846313,106.7,3.8
2021-08-06 20:33:43.447515,962875,0.0,0.0
2021-08-06 20:33:43.447515,962938,0.0,5.6
2021-08-06 20:33:43.604174,1846313,173.3,4.0
2021-08-06 20:33:43.604174,962875,0.0,0.0
2021-08-06 20:33:43.604174,962938,0.0,5.6
2021-08-06 20:33:43.760961,1846313,220.0,4.0
2021-08-06 20:33:43.760961,962875,0.0,0.0
2021-08-06 20:33:43.760961,962938,0.0,5.6
2021-08-06 20:33:43.917678,1846313,126.7,4.1
2021-08-06 20:33:43.917678,962875,0.0,0.0
2021-08-06 20:33:43.917678,962938,0.0,5.6
2021-08-06 20:33:44.074061,1846313,175.0,4.1
2021-08-06 20:33:44.074061,962875,0.0,0.0
2021-08-06 20:33:44.074061,962938,0.0,5.6
2021-08-06 20:33:44.230880,1846313,220.0,4.1
2021-08-06 20:33:44.230880,962875,0.0,0.0
2021-08-06 20:33:44.230880,962938,0.0,5.6
2021-08-06 20:33:44.387898,1846313,186.7,4.1
2021-08-06 20:33:44.387898,962875,0.0,0.0
2021-08-06 20:33:44.387898,962938,0.0,5.6
2021-08-06 20:33:44.545239,1846313,113.3,4.2
2021-08-06 20:33:44.545239,962875,0.0,0.0
2021-08-06 20:33:44.545239,962938,0.0,5.6
2021-08-06 20:33:44.701791,1846313,173.3,4.2
2021-08-06 20:33:44.701791,962875,0.0,0.0
2021-08-06 20:33:44.701791,962938,0.0,5.6
2021-08-06 20:33:44.858980,1846313,253.3,4.2
2021-08-06 20:33:44.858980,962875,0.0,0.0
2021-08-06 20:33:44.858980,962938,0.0,5.6
2021-08-06 20:33:45.017205,1846313,140.0,4.4
2021-08-06 20:33:45.017205,962875,0.0,0.0
2021-08-06 20:33:45.017205,962938,0.0,5.6
2021-08-06 20:33:45.174418,1846313,220.0,4.7
2021-08-06 20:33:45.174418,962875,0.0,0.0
2021-08-06 20:33:45.174418,962938,0.0,5.6
2021-08-06 20:33:45.331650,1846313,266.7,4.7
2021-08-06 20:33:45.331650,962875,0.0,0.0
2021-08-06 20:33:45.331650,962938,0.0,5.6
2021-08-06 20:33:45.488604,1846313,193.3,4.7
2021-08-06 20:33:45.488604,962875,0.0,0.0
2021-08-06 20:33:45.488604,962938,0.0,5.6
2021-08-06 20:33:45.645926,1846313,273.3,4.8
2021-08-06 20:33:45.645926,962875,0.0,0.0
2021-08-06 20:33:45.645926,962938,0.0,5.6
2021-08-06 20:33:45.804903,1846313,353.3,4.8
2021-08-06 20:33:45.804903,962875,0.0,0.0
2021-08-06 20:33:45.804903,962938,0.0,5.6
2021-08-06 20:33:45.961428,1846313,266.7,4.8
2021-08-06 20:33:45.961428,962875,0.0,0.0
2021-08-06 20:33:45.961428,962938,0.0,5.6
2021-08-06 20:33:46.124647,1846313,356.2,4.9
2021-08-06 20:33:46.124647,962875,0.0,0.0
2021-08-06 20:33:46.124647,962938,0.0,5.6
2021-08-06 20:33:46.282176,1846313,253.3,4.9
2021-08-06 20:33:46.282176,962875,0.0,0.0
2021-08-06 20:33:46.282176,962938,0.0,5.6
2021-08-06 20:33:46.445928,1846313,353.3,4.9
2021-08-06 20:33:46.445928,962875,0.0,0.0
2021-08-06 20:33:46.445928,962938,0.0,5.6
2021-08-06 20:33:46.604629,1846313,313.3,5.0
2021-08-06 20:33:46.604629,962875,0.0,0.0
2021-08-06 20:33:46.604629,962938,0.0,5.6
2021-08-06 20:33:46.763830,1846313,356.2,5.0
2021-08-06 20:33:46.763830,962875,0.0,0.0
2021-08-06 20:33:46.763830,962938,0.0,5.6
2021-08-06 20:33:46.920133,1846313,346.7,5.1
2021-08-06 20:33:46.920133,962875,0.0,0.0
2021-08-06 20:33:46.920133,962938,0.0,5.6
2021-08-06 20:33:47.077896,1846313,293.3,5.3
2021-08-06 20:33:47.077896,962875,0.0,0.0
2021-08-06 20:33:47.077896,962938,0.0,5.6
2021-08-06 20:33:47.234455,1846313,200.0,5.4
2021-08-06 20:33:47.234455,962875,0.0,0.0
2021-08-06 20:33:47.234455,962938,0.0,5.6
2021-08-06 20:33:47.390574,1846313,266.7,5.4
2021-08-06 20:33:47.390574,962875,0.0,0.0
2021-08-06 20:33:47.390574,962938,0.0,5.6
2021-08-06 20:33:47.547341,1846313,173.3,5.4
2021-08-06 20:33:47.547341,962875,0.0,0.0
2021-08-06 20:33:47.547341,962938,0.0,5.6
2021-08-06 20:33:47.705175,1846313,273.3,5.5
2021-08-06 20:33:47.705175,962875,0.0,0.0
2021-08-06 20:33:47.705175,962938,0.0,5.6
2021-08-06 20:33:47.862857,1846313,313.3,5.6
2021-08-06 20:33:47.862857,962875,0.0,0.0
2021-08-06 20:33:47.862857,962938,0.0,5.6
2021-08-06 20:33:48.022574,1846313,333.3,5.6
2021-08-06 20:33:48.022574,962875,0.0,0.0
2021-08-06 20:33:48.022574,962938,0.0,5.6
2021-08-06 20:33:48.182158,1846313,300.0,5.7
2021-08-06 20:33:48.182158,962875,0.0,0.0
2021-08-06 20:33:48.182158,962938,0.0,5.6
2021-08-06 20:33:48.344572,1846313,333.3,5.5
2021-08-06 20:33:48.344572,962875,0.0,0.0
2021-08-06 20:33:48.344572,962938,0.0,5.6
2021-08-06 20:33:48.504375,1846313,273.3,5.8
2021-08-06 20:33:48.504375,962875,0.0,0.0
2021-08-06 20:33:48.504375,962938,0.0,5.6
2021-08-06 20:33:48.662686,1846313,346.7,5.9
2021-08-06 20:33:48.662686,962875,0.0,0.0
2021-08-06 20:33:48.662686,962938,0.0,5.6
2021-08-06 20:33:48.822285,1846313,353.3,5.8
2021-08-06 20:33:48.822285,962875,0.0,0.0
2021-08-06 20:33:48.822285,962938,0.0,5.6
2021-08-06 20:33:48.978703,1846313,326.7,5.8
2021-08-06 20:33:48.978703,962875,0.0,0.0
2021-08-06 20:33:48.978703,962938,0.0,5.6
2021-08-06 20:33:49.136742,1846313,246.7,5.8
2021-08-06 20:33:49.136742,962875,0.0,0.0
2021-08-06 20:33:49.136742,962938,0.0,5.6
2021-08-06 20:33:49.293614,1846313,237.5,6.1
2021-08-06 20:33:49.293614,962875,0.0,0.0
2021-08-06 20:33:49.293614,962938,0.0,5.6
2021-08-06 20:33:49.450413,1846313,253.3,6.1
2021-08-06 20:33:49.450413,962875,0.0,0.0
2021-08-06 20:33:49.450413,962938,0.0,5.6
2021-08-06 20:33:49.607831,1846313,33.3,6.1
2021-08-06 20:33:49.607831,962875,0.0,0.0
2021-08-06 20:33:49.607831,962938,0.0,5.6
2021-08-06 20:33:49.765699,1846313,40.0,6.1
2021-08-06 20:33:49.765699,962875,0.0,0.0
2021-08-06 20:33:49.765699,962938,0.0,5.6
2021-08-06 20:33:49.923485,1846313,6.2,6.1
2021-08-06 20:33:49.923485,962875,0.0,0.0
2021-08-06 20:33:49.923485,962938,0.0,5.6
2021-08-06 20:33:50.080815,962875,0.0,0.0
2021-08-06 20:33:50.080815,962938,0.0,5.6
2021-08-06 20:33:50.080815,1846313,0.0,6.1
2021-08-06 20:33:50.238613,962875,0.0,0.0
2021-08-06 20:33:50.238613,962938,0.0,5.6
2021-08-06 20:33:50.238613,1846313,0.0,6.1
2021-08-06 20:33:50.396052,962875,0.0,0.0
2021-08-06 20:33:50.396052,962938,0.0,5.6
2021-08-06 20:33:50.396052,1846313,0.0,6.1
2021-08-06 20:33:50.553321,1846313,6.2,6.1
2021-08-06 20:33:50.553321,962875,0.0,0.0
2021-08-06 20:33:50.553321,962938,0.0,5.6
2021-08-06 20:33:50.710702,962875,0.0,0.0
2021-08-06 20:33:50.710702,962938,0.0,5.6
2021-08-06 20:33:50.710702,1846313,0.0,6.1
2021-08-06 20:33:50.868145,962875,0.0,0.0
2021-08-06 20:33:50.868145,962938,0.0,5.6
2021-08-06 20:33:50.868145,1846313,0.0,6.1
2021-08-06 20:33:51.025496,962875,0.0,0.0
2021-08-06 20:33:51.025496,962938,0.0,5.6
2021-08-06 20:33:51.025496,1846313,0.0,6.1
2021-08-06 20:33:51.182931,962875,0.0,0.0
2021-08-06 20:33:51.182931,962938,0.0,5.6
2021-08-06 20:33:51.182931,1846313,0.0,6.1
2021-08-06 20:33:51.340448,962875,0.0,0.0
2021-08-06 20:33:51.340448,962938,0.0,5.6
2021-08-06 20:33:51.340448,1846313,0.0,6.1
2021-08-06 20:33:51.498388,962875,0.0,0.0
2021-08-06 20:33:51.498388,962938,0.0,5.6
2021-08-06 20:33:51.498388,1846313,0.0,6.1
2021-08-06 20:33:51.655818,962875,0.0,0.0
2021-08-06 20:33:51.655818,962938,0.0,5.6
2021-08-06 20:33:51.655818,1846313,0.0,6.1
2021-08-06 20:33:51.813202,962875,0.0,0.0
2021-08-06 20:33:51.813202,962938,0.0,5.6
2021-08-06 20:33:51.813202,1846313,0.0,6.1
2021-08-06 20:33:51.970694,962875,0.0,0.0
2021-08-06 20:33:51.970694,962938,0.0,5.6
2021-08-06 20:33:51.970694,1846313,0.0,6.1
2021-08-06 20:33:52.128069,962875,0.0,0.0
2021-08-06 20:33:52.128069,962938,0.0,5.6
2021-08-06 20:33:52.128069,1846313,0.0,6.1
2021-08-06 20:33:52.285594,962875,0.0,0.0
2021-08-06 20:33:52.285594,962938,0.0,5.6
2021-08-06 20:33:52.285594,1846313,0.0,6.1
2021-08-06 20:33:52.443142,962875,0.0,0.0
2021-08-06 20:33:52.443142,962938,0.0,5.6
2021-08-06 20:33:52.443142,1846313,0.0,6.1
2021-08-06 20:33:52.600741,962875,0.0,0.0
2021-08-06 20:33:52.600741,962938,0.0,5.6
2021-08-06 20:33:52.600741,1846313,0.0,6.1
2021-08-06 20:33:52.758306,962875,0.0,0.0
2021-08-06 20:33:52.758306,962938,0.0,5.6
2021-08-06 20:33:52.758306,1846313,0.0,6.1
2021-08-06 20:33:52.915671,962875,0.0,0.0
2021-08-06 20:33:52.915671,962938,0.0,5.6
2021-08-06 20:33:52.915671,1846313,0.0,6.1
2021-08-06 20:33:53.073014,962875,0.0,0.0
2021-08-06 20:33:53.073014,962938,0.0,5.6
2021-08-06 20:33:53.073014,1846313,0.0,6.1
2021-08-06 20:33:53.230395,962875,0.0,0.0
2021-08-06 20:33:53.230395,962938,0.0,5.6
2021-08-06 20:33:53.230395,1846313,0.0,6.1
2021-08-06 20:33:53.387770,962875,0.0,0.0
2021-08-06 20:33:53.387770,962938,0.0,5.6
2021-08-06 20:33:53.387770,1846313,0.0,6.0
2021-08-06 20:33:53.545322,962875,0.0,0.0
2021-08-06 20:33:53.545322,962938,0.0,5.6
2021-08-06 20:33:53.545322,1846313,0.0,6.0
2021-08-06 20:33:53.702920,962875,0.0,0.0
2021-08-06 20:33:53.702920,962938,0.0,5.6
2021-08-06 20:33:53.702920,1846313,0.0,6.0
2021-08-06 20:33:53.860325,1846313,6.7,6.0
2021-08-06 20:33:53.860325,962875,0.0,0.0
2021-08-06 20:33:53.860325,962938,0.0,5.6
2021-08-06 20:33:54.017728,962875,0.0,0.0
2021-08-06 20:33:54.017728,962938,0.0,5.6
2021-08-06 20:33:54.017728,1846313,0.0,6.0
2021-08-06 20:33:54.175084,962875,0.0,0.0
2021-08-06 20:33:54.175084,962938,0.0,5.6
2021-08-06 20:33:54.175084,1846313,0.0,6.0
2021-08-06 20:33:54.332487,962875,0.0,0.0
2021-08-06 20:33:54.332487,962938,0.0,5.6
2021-08-06 20:33:54.332487,1846313,0.0,6.0
2021-08-06 20:33:54.489896,962875,0.0,0.0
2021-08-06 20:33:54.489896,962938,0.0,5.6
2021-08-06 20:33:54.489896,1846313,0.0,6.0
2021-08-06 20:33:54.647389,962875,0.0,0.0
2021-08-06 20:33:54.647389,962938,0.0,5.6
2021-08-06 20:33:54.647389,1846313,0.0,6.0
2021-08-06 20:33:54.804806,962875,0.0,0.0
2021-08-06 20:33:54.804806,962938,0.0,5.6
2021-08-06 20:33:54.804806,1846313,0.0,6.0
2021-08-06 20:33:54.962169,962875,0.0,0.0
2021-08-06 20:33:54.962169,962938,0.0,5.6
2021-08-06 20:33:54.962169,1846313,0.0,6.0
2021-08-06 20:33:55.119736,962875,0.0,0.0
2021-08-06 20:33:55.119736,962938,0.0,5.6
2021-08-06 20:33:55.119736,1846313,0.0,6.0
2021-08-06 20:33:55.277097,962875,0.0,0.0
2021-08-06 20:33:55.277097,962938,0.0,5.6
2021-08-06 20:33:55.277097,1846313,0.0,6.0
2021-08-06 20:33:55.434499,962875,0.0,0.0
2021-08-06 20:33:55.434499,962938,0.0,5.6
2021-08-06 20:33:55.434499,1846313,0.0,6.0
2021-08-06 20:33:55.592052,1846313,6.7,6.0
2021-08-06 20:33:55.592052,962875,0.0,0.0
2021-08-06 20:33:55.592052,962938,0.0,5.6
2021-08-06 20:33:55.749668,1846313,40.0,6.0
2021-08-06 20:33:55.749668,962875,0.0,0.0
2021-08-06 20:33:55.749668,962938,0.0,5.6
2021-08-06 20:33:55.906418,1846313,13.3,6.0
2021-08-06 20:33:55.906418,962875,0.0,0.0
2021-08-06 20:33:55.906418,962938,0.0,5.6
2021-08-06 20:33:56.063716,962875,0.0,0.0
2021-08-06 20:33:56.063716,962938,0.0,5.6
2021-08-06 20:33:56.063716,1846313,0.0,6.0
2021-08-06 20:33:56.221014,962875,0.0,0.0
2021-08-06 20:33:56.221014,962938,0.0,5.6
2021-08-06 20:33:56.221014,1846313,0.0,6.0
2021-08-06 20:33:56.378329,962875,0.0,0.0
2021-08-06 20:33:56.378329,962938,0.0,5.6
2021-08-06 20:33:56.378329,1846313,0.0,6.0
2021-08-06 20:33:56.535926,962875,0.0,0.0
2021-08-06 20:33:56.535926,962938,0.0,5.6
2021-08-06 20:33:56.535926,1846313,0.0,6.0
2021-08-06 20:33:56.693411,962875,0.0,0.0
2021-08-06 20:33:56.693411,962938,0.0,5.6
2021-08-06 20:33:56.693411,1846313,0.0,6.0
2021-08-06 20:33:56.850855,1846313,6.7,6.0
2021-08-06 20:33:56.850855,962875,0.0,0.0
2021-08-06 20:33:56.850855,962938,0.0,5.6
2021-08-06 20:33:57.008741,962875,0.0,0.0
2021-08-06 20:33:57.008741,962938,0.0,5.6
2021-08-06 20:33:57.008741,1846313,0.0,6.0
2021-08-06 20:33:57.166178,962875,0.0,0.0
2021-08-06 20:33:57.166178,962938,0.0,5.6
2021-08-06 20:33:57.166178,1846313,0.0,6.0
2021-08-06 20:33:57.323614,962875,0.0,0.0
2021-08-06 20:33:57.323614,962938,0.0,5.6
2021-08-06 20:33:57.323614,1846313,0.0,6.0
2021-08-06 20:33:57.480957,1846313,6.7,6.0
2021-08-06 20:33:57.480957,962875,0.0,0.0
2021-08-06 20:33:57.480957,962938,0.0,5.6
2021-08-06 20:33:57.637341,962875,0.0,0.0
2021-08-06 20:33:57.637341,962938,0.0,5.6
2021-08-06 20:33:57.637341,1846313,0.0,6.0
2021-08-06 20:33:57.794949,962875,0.0,0.0
2021-08-06 20:33:57.794949,962938,0.0,5.6
2021-08-06 20:33:57.794949,1846313,0.0,6.0
2021-08-06 20:33:57.952358,962875,0.0,0.0
2021-08-06 20:33:57.952358,962938,0.0,5.6
2021-08-06 20:33:57.952358,1846313,0.0,6.0
2021-08-06 20:33:58.109937,1846313,6.7,6.0
2021-08-06 20:33:58.109937,962875,0.0,0.0
2021-08-06 20:33:58.109937,962938,0.0,5.6
2021-08-06 20:33:58.267844,962875,0.0,0.0
2021-08-06 20:33:58.267844,962938,0.0,5.6
2021-08-06 20:33:58.267844,1846313,0.0,6.0
2021-08-06 20:33:58.425289,962875,0.0,0.0
2021-08-06 20:33:58.425289,962938,0.0,5.6
2021-08-06 20:33:58.425289,1846313,0.0,6.0
2021-08-06 20:33:58.582929,962875,0.0,0.0
2021-08-06 20:33:58.582929,962938,0.0,5.6
2021-08-06 20:33:58.582929,1846313,0.0,6.0
2021-08-06 20:33:58.740484,962875,0.0,0.0
2021-08-06 20:33:58.740484,962938,0.0,5.6
2021-08-06 20:33:58.740484,1846313,0.0,6.0
2021-08-06 20:33:58.898072,962875,0.0,0.0
2021-08-06 20:33:58.898072,962938,0.0,5.6
2021-08-06 20:33:58.898072,1846313,0.0,6.0
2021-08-06 20:33:59.055443,962875,0.0,0.0
2021-08-06 20:33:59.055443,962938,0.0,5.6
2021-08-06 20:33:59.055443,1846313,0.0,6.0
2021-08-06 20:33:59.212895,962875,0.0,0.0
2021-08-06 20:33:59.212895,962938,0.0,5.6
2021-08-06 20:33:59.212895,1846313,0.0,6.0
2021-08-06 20:33:59.370343,962875,0.0,0.0
2021-08-06 20:33:59.370343,962938,0.0,5.6
2021-08-06 20:33:59.370343,1846313,0.0,6.0
2021-08-06 20:33:59.526986,962938,6.7,5.6
2021-08-06 20:33:59.526986,1846313,6.7,6.0
2021-08-06 20:33:59.526986,962875,0.0,0.0
2021-08-06 20:33:59.683875,962875,0.0,0.0
2021-08-06 20:33:59.683875,962938,0.0,5.6
2021-08-06 20:33:59.683875,1846313,0.0,6.0
2021-08-06 20:33:59.841643,962875,0.0,0.0
2021-08-06 20:33:59.841643,962938,0.0,5.6
2021-08-06 20:33:59.841643,1846313,0.0,6.0
2021-08-06 20:33:59.998995,962875,0.0,0.0
2021-08-06 20:33:59.998995,962938,0.0,5.6
2021-08-06 20:33:59.998995,1846313,0.0,6.0
2021-08-06 20:34:00.155700,1846313,6.7,6.0
2021-08-06 20:34:00.155700,962875,0.0,0.0
2021-08-06 20:34:00.155700,962938,0.0,5.6
2021-08-06 20:34:00.313636,962875,0.0,0.0
2021-08-06 20:34:00.313636,962938,0.0,5.6
2021-08-06 20:34:00.313636,1846313,0.0,6.0
2021-08-06 20:34:00.470989,962875,0.0,0.0
2021-08-06 20:34:00.470989,962938,0.0,5.6
2021-08-06 20:34:00.470989,1846313,0.0,6.0
2021-08-06 20:34:00.628604,962875,0.0,0.0
2021-08-06 20:34:00.628604,962938,0.0,5.6
2021-08-06 20:34:00.628604,1846313,0.0,6.0
2021-08-06 20:34:00.785976,962875,0.0,0.0
2021-08-06 20:34:00.785976,962938,0.0,5.6
2021-08-06 20:34:00.785976,1846313,0.0,6.0
2021-08-06 20:34:00.943446,962875,0.0,0.0
2021-08-06 20:34:00.943446,962938,0.0,5.6
2021-08-06 20:34:00.943446,1846313,0.0,6.0
2021-08-06 20:34:01.100934,1846313,6.7,6.0
2021-08-06 20:34:01.100934,962875,0.0,0.0
2021-08-06 20:34:01.100934,962938,0.0,5.6
2021-08-06 20:34:01.258456,962875,0.0,0.0
2021-08-06 20:34:01.258456,962938,0.0,5.6
2021-08-06 20:34:01.258456,1846313,0.0,6.0
2021-08-06 20:34:01.415861,962875,0.0,0.0
2021-08-06 20:34:01.415861,962938,0.0,5.6
2021-08-06 20:34:01.415861,1846313,0.0,6.0
2021-08-06 20:34:01.573279,962875,0.0,0.0
2021-08-06 20:34:01.573279,962938,0.0,5.6
2021-08-06 20:34:01.573279,1846313,0.0,6.0
2021-08-06 20:34:01.730878,962875,0.0,0.0
2021-08-06 20:34:01.730878,962938,0.0,5.6
2021-08-06 20:34:01.730878,1846313,0.0,6.0
2021-08-06 20:34:01.888448,962875,0.0,0.0
2021-08-06 20:34:01.888448,962938,0.0,5.6
2021-08-06 20:34:01.888448,1846313,0.0,6.0
2021-08-06 20:34:02.046015,962875,0.0,0.0
2021-08-06 20:34:02.046015,962938,0.0,5.6
2021-08-06 20:34:02.046015,1846313,0.0,6.0
2021-08-06 20:34:02.203777,962875,0.0,0.0
2021-08-06 20:34:02.203777,962938,0.0,5.6
2021-08-06 20:34:02.203777,1846313,0.0,6.0
2021-08-06 20:34:02.361232,962875,0.0,0.0
2021-08-06 20:34:02.361232,962938,0.0,5.6
2021-08-06 20:34:02.361232,1846313,0.0,6.0
2021-08-06 20:34:02.518640,1846313,6.7,6.0
2021-08-06 20:34:02.518640,962875,0.0,0.0
2021-08-06 20:34:02.518640,962938,0.0,5.6
2021-08-06 20:34:02.676212,962875,0.0,0.0
2021-08-06 20:34:02.676212,962938,0.0,5.6
2021-08-06 20:34:02.676212,1846313,0.0,6.0
2021-08-06 20:34:02.833895,962875,0.0,0.0
2021-08-06 20:34:02.833895,962938,0.0,5.6
2021-08-06 20:34:02.833895,1846313,0.0,6.0
2021-08-06 20:34:02.991339,962875,0.0,0.0
2021-08-06 20:34:02.991339,962938,0.0,5.6
2021-08-06 20:34:02.991339,1846313,0.0,6.0
2021-08-06 20:34:03.148838,962875,0.0,0.0
2021-08-06 20:34:03.148838,962938,0.0,5.6
2021-08-06 20:34:03.148838,1846313,0.0,6.0
2021-08-06 20:34:03.306504,1846313,20.0,6.0
2021-08-06 20:34:03.306504,962875,0.0,0.0
2021-08-06 20:34:03.306504,962938,0.0,5.6
2021-08-06 20:34:03.463658,1846313,12.5,6.0
2021-08-06 20:34:03.463658,962875,0.0,0.0
2021-08-06 20:34:03.463658,962938,0.0,5.6
2021-08-06 20:34:03.621023,1846313,6.7,6.0
2021-08-06 20:34:03.621023,962875,0.0,0.0
2021-08-06 20:34:03.621023,962938,0.0,5.6
2021-08-06 20:34:03.778708,962875,0.0,0.0
2021-08-06 20:34:03.778708,962938,0.0,5.6
2021-08-06 20:34:03.778708,1846313,0.0,6.0
2021-08-06 20:34:03.935956,962875,0.0,0.0
2021-08-06 20:34:03.935956,962938,0.0,5.6
2021-08-06 20:34:03.935956,1846313,0.0,6.0
2021-08-06 20:34:04.093302,1846313,6.7,6.0
2021-08-06 20:34:04.093302,962875,0.0,0.0
2021-08-06 20:34:04.093302,962938,0.0,5.6
2021-08-06 20:34:04.251092,962875,0.0,0.0
2021-08-06 20:34:04.251092,962938,0.0,5.6
2021-08-06 20:34:04.251092,1846313,0.0,6.0
2021-08-06 20:34:04.408575,962875,0.0,0.0
2021-08-06 20:34:04.408575,962938,0.0,5.6
2021-08-06 20:34:04.408575,1846313,0.0,6.0
2021-08-06 20:34:04.566040,962875,0.0,0.0
2021-08-06 20:34:04.566040,962938,0.0,5.6
2021-08-06 20:34:04.566040,1846313,0.0,6.0
2021-08-06 20:34:04.724052,962875,0.0,0.0
2021-08-06 20:34:04.724052,962938,0.0,5.6
2021-08-06 20:34:04.724052,1846313,0.0,6.0
2021-08-06 20:34:04.880224,962875,0.0,0.0
2021-08-06 20:34:04.880224,962938,0.0,5.6
2021-08-06 20:34:04.880224,1846313,0.0,6.0
2021-08-06 20:34:05.037670,962875,0.0,0.0
2021-08-06 20:34:05.037670,962938,0.0,5.6
2021-08-06 20:34:05.037670,1846313,0.0,6.0
2021-08-06 20:34:05.195144,962875,0.0,0.0
2021-08-06 20:34:05.195144,962938,0.0,5.6
2021-08-06 20:34:05.195144,1846313,0.0,6.0
2021-08-06 20:34:05.352542,962875,0.0,0.0
2021-08-06 20:34:05.352542,962938,0.0,5.6
2021-08-06 20:34:05.352542,1846313,0.0,6.0
2021-08-06 20:34:05.509998,962875,0.0,0.0
2021-08-06 20:34:05.509998,962938,0.0,5.6
2021-08-06 20:34:05.509998,1846313,0.0,6.0
2021-08-06 20:34:05.667478,962875,0.0,0.0
2021-08-06 20:34:05.667478,962938,0.0,5.6
2021-08-06 20:34:05.667478,1846313,0.0,6.0
2021-08-06 20:34:05.824950,1846313,6.7,6.0
2021-08-06 20:34:05.824950,962875,0.0,0.0
2021-08-06 20:34:05.824950,962938,0.0,5.6
2021-08-06 20:34:05.982573,962875,0.0,0.0
2021-08-06 20:34:05.982573,962938,0.0,5.6
2021-08-06 20:34:05.982573,1846313,0.0,6.0
2021-08-06 20:34:06.139972,962875,0.0,0.0
2021-08-06 20:34:06.139972,962938,0.0,5.6
2021-08-06 20:34:06.139972,1846313,0.0,6.0
2021-08-06 20:34:06.297376,962875,0.0,0.0
2021-08-06 20:34:06.297376,962938,0.0,5.6
2021-08-06 20:34:06.297376,1846313,0.0,6.0
2021-08-06 20:34:06.454822,962875,0.0,0.0
2021-08-06 20:34:06.454822,962938,0.0,5.6
2021-08-06 20:34:06.454822,1846313,0.0,6.0
2021-08-06 20:34:06.612460,962875,0.0,0.0
2021-08-06 20:34:06.612460,962938,0.0,5.6
2021-08-06 20:34:06.612460,1846313,0.0,6.0
2021-08-06 20:34:06.769898,962875,0.0,0.0
2021-08-06 20:34:06.769898,962938,0.0,5.6
2021-08-06 20:34:06.769898,1846313,0.0,6.0
2021-08-06 20:34:06.927394,962875,0.0,0.0
2021-08-06 20:34:06.927394,962938,0.0,5.6
2021-08-06 20:34:06.927394,1846313,0.0,6.0
2021-08-06 20:34:07.085034,962875,0.0,0.0
2021-08-06 20:34:07.085034,962938,0.0,5.6
2021-08-06 20:34:07.085034,1846313,0.0,6.0
2021-08-06 20:34:07.242442,962875,0.0,0.0
2021-08-06 20:34:07.242442,962938,0.0,5.6
2021-08-06 20:34:07.242442,1846313,0.0,6.0
2021-08-06 20:34:07.399822,962875,0.0,0.0
2021-08-06 20:34:07.399822,962938,0.0,5.6
2021-08-06 20:34:07.399822,1846313,0.0,6.0
2021-08-06 20:34:07.557261,1846313,6.7,6.0
2021-08-06 20:34:07.557261,962875,0.0,0.0
2021-08-06 20:34:07.557261,962938,0.0,5.6
2021-08-06 20:34:07.714836,962875,0.0,0.0
2021-08-06 20:34:07.714836,962938,0.0,5.6
2021-08-06 20:34:07.714836,1846313,0.0,6.0
2021-08-06 20:34:07.872193,962875,0.0,0.0
2021-08-06 20:34:07.872193,962938,0.0,5.6
2021-08-06 20:34:07.872193,1846313,0.0,6.0
2021-08-06 20:34:08.029735,962875,0.0,0.0
2021-08-06 20:34:08.029735,962938,0.0,5.6
2021-08-06 20:34:08.029735,1846313,0.0,6.0
2021-08-06 20:34:08.187535,962875,0.0,0.0
2021-08-06 20:34:08.187535,962938,0.0,5.6
2021-08-06 20:34:08.187535,1846313,0.0,6.0
2021-08-06 20:34:08.344987,962875,0.0,0.0
2021-08-06 20:34:08.344987,962938,0.0,5.6
2021-08-06 20:34:08.344987,1846313,0.0,6.0
2021-08-06 20:34:08.502503,1846313,6.7,6.0
2021-08-06 20:34:08.502503,962875,0.0,0.0
2021-08-06 20:34:08.502503,962938,0.0,5.6
2021-08-06 20:34:08.660161,962875,0.0,0.0
2021-08-06 20:34:08.660161,962938,0.0,5.6
2021-08-06 20:34:08.660161,1846313,0.0,6.0
2021-08-06 20:34:08.817608,962875,0.0,0.0
2021-08-06 20:34:08.817608,962938,0.0,5.6
2021-08-06 20:34:08.817608,1846313,0.0,6.0
2021-08-06 20:34:08.975112,962875,0.0,0.0
2021-08-06 20:34:08.975112,962938,0.0,5.6
2021-08-06 20:34:08.975112,1846313,0.0,6.0
2021-08-06 20:34:09.132808,962875,0.0,0.0
2021-08-06 20:34:09.132808,962938,0.0,5.6
2021-08-06 20:34:09.132808,1846313,0.0,6.0
2021-08-06 20:34:09.290508,962875,0.0,0.0
2021-08-06 20:34:09.290508,962938,0.0,5.6
2021-08-06 20:34:09.290508,1846313,0.0,6.0
2021-08-06 20:34:09.448070,962875,0.0,0.0
2021-08-06 20:34:09.448070,962938,0.0,5.6
2021-08-06 20:34:09.448070,1846313,0.0,6.0
2021-08-06 20:34:09.605439,962875,0.0,0.0
2021-08-06 20:34:09.605439,962938,0.0,5.6
2021-08-06 20:34:09.605439,1846313,0.0,6.0
2021-08-06 20:34:09.763004,962875,0.0,0.0
2021-08-06 20:34:09.763004,962938,0.0,5.6
2021-08-06 20:34:09.763004,1846313,0.0,6.0
2021-08-06 20:34:09.920456,962875,0.0,0.0
2021-08-06 20:34:09.920456,962938,0.0,5.6
2021-08-06 20:34:09.920456,1846313,0.0,6.0
2021-08-06 20:34:10.078086,1846313,6.7,6.0
2021-08-06 20:34:10.078086,962875,0.0,0.0
2021-08-06 20:34:10.078086,962938,0.0,5.6
2021-08-06 20:34:10.235601,962875,0.0,0.0
2021-08-06 20:34:10.235601,962938,0.0,5.6
2021-08-06 20:34:10.235601,1846313,0.0,6.0
2021-08-06 20:34:10.393072,962875,0.0,0.0
2021-08-06 20:34:10.393072,962938,0.0,5.6
2021-08-06 20:34:10.393072,1846313,0.0,6.0
2021-08-06 20:34:10.550470,962875,0.0,0.0
2021-08-06 20:34:10.550470,962938,0.0,5.6
2021-08-06 20:34:10.550470,1846313,0.0,6.0
2021-08-06 20:34:10.707925,962875,0.0,0.0
2021-08-06 20:34:10.707925,962938,0.0,5.6
2021-08-06 20:34:10.707925,1846313,0.0,6.0
2021-08-06 20:34:10.865414,962875,0.0,0.0
2021-08-06 20:34:10.865414,962938,0.0,5.6
2021-08-06 20:34:10.865414,1846313,0.0,6.0
2021-08-06 20:34:11.023020,962875,0.0,0.0
2021-08-06 20:34:11.023020,962938,0.0,5.6
2021-08-06 20:34:11.023020,1846313,0.0,6.0
2021-08-06 20:34:11.180462,962875,0.0,0.0
2021-08-06 20:34:11.180462,962938,0.0,5.6
2021-08-06 20:34:11.180462,1846313,0.0,6.0
2021-08-06 20:34:11.337871,962875,0.0,0.0
2021-08-06 20:34:11.337871,962938,0.0,5.6
2021-08-06 20:34:11.337871,1846313,0.0,6.0
2021-08-06 20:34:11.494845,962875,0.0,0.0
2021-08-06 20:34:11.494845,962938,0.0,5.6
2021-08-06 20:34:11.494845,1846313,0.0,6.0
2021-08-06 20:34:11.652283,962875,0.0,0.0
2021-08-06 20:34:11.652283,962938,0.0,5.6
2021-08-06 20:34:11.652283,1846313,0.0,6.0
2021-08-06 20:34:11.809713,962875,0.0,0.0
2021-08-06 20:34:11.809713,962938,0.0,5.6
2021-08-06 20:34:11.809713,1846313,0.0,6.0
2021-08-06 20:34:11.967497,1846313,13.3,6.0
2021-08-06 20:34:11.967497,962875,0.0,0.0
2021-08-06 20:34:11.967497,962938,0.0,5.6
2021-08-06 20:34:12.125243,962875,0.0,0.0
2021-08-06 20:34:12.125243,962938,0.0,5.6
2021-08-06 20:34:12.125243,1846313,0.0,6.0
2021-08-06 20:34:12.282682,962875,0.0,0.0
2021-08-06 20:34:12.282682,962938,0.0,5.6
2021-08-06 20:34:12.282682,1846313,0.0,6.0
2021-08-06 20:34:12.440208,962875,0.0,0.0
2021-08-06 20:34:12.440208,962938,0.0,5.6
2021-08-06 20:34:12.440208,1846313,0.0,6.0
2021-08-06 20:34:12.597392,962875,0.0,0.0
2021-08-06 20:34:12.597392,962938,0.0,5.6
2021-08-06 20:34:12.597392,1846313,0.0,6.0
2021-08-06 20:34:12.754593,962875,0.0,0.0
2021-08-06 20:34:12.754593,962938,0.0,5.6
2021-08-06 20:34:12.754593,1846313,0.0,6.0
2021-08-06 20:34:12.911873,962875,0.0,0.0
2021-08-06 20:34:12.911873,962938,0.0,5.6
2021-08-06 20:34:12.911873,1846313,0.0,6.0
2021-08-06 20:34:13.069459,962875,0.0,0.0
2021-08-06 20:34:13.069459,962938,0.0,5.6
2021-08-06 20:34:13.069459,1846313,0.0,6.0
2021-08-06 20:34:13.226608,962875,0.0,0.0
2021-08-06 20:34:13.226608,962938,0.0,5.6
2021-08-06 20:34:13.226608,1846313,0.0,6.0
2021-08-06 20:34:13.383654,962875,0.0,0.0
2021-08-06 20:34:13.383654,962938,0.0,5.6
2021-08-06 20:34:13.383654,1846313,0.0,6.0
2021-08-06 20:34:13.541315,1846313,6.7,6.0
2021-08-06 20:34:13.541315,962875,0.0,0.0
2021-08-06 20:34:13.541315,962938,0.0,5.6
2021-08-06 20:34:13.699036,962875,0.0,0.0
2021-08-06 20:34:13.699036,962938,0.0,5.6
2021-08-06 20:34:13.699036,1846313,0.0,6.0
2021-08-06 20:34:13.856420,962875,0.0,0.0
2021-08-06 20:34:13.856420,962938,0.0,5.6
2021-08-06 20:34:13.856420,1846313,0.0,6.0
2021-08-06 20:34:14.013799,1846313,6.2,6.0
2021-08-06 20:34:14.013799,962875,0.0,0.0
2021-08-06 20:34:14.013799,962938,0.0,5.6
2021-08-06 20:34:14.171520,962875,0.0,0.0
2021-08-06 20:34:14.171520,962938,0.0,5.6
2021-08-06 20:34:14.171520,1846313,0.0,6.0
2021-08-06 20:34:14.328006,962875,0.0,0.0
2021-08-06 20:34:14.328006,962938,0.0,5.6
2021-08-06 20:34:14.328006,1846313,0.0,6.0
2021-08-06 20:34:14.485467,962875,0.0,0.0
2021-08-06 20:34:14.485467,962938,0.0,5.6
2021-08-06 20:34:14.485467,1846313,0.0,6.0
2021-08-06 20:34:14.642796,962875,0.0,0.0
2021-08-06 20:34:14.642796,962938,0.0,5.6
2021-08-06 20:34:14.642796,1846313,0.0,6.0
2021-08-06 20:34:14.800408,962875,0.0,0.0
2021-08-06 20:34:14.800408,962938,0.0,5.6
2021-08-06 20:34:14.800408,1846313,0.0,6.0
2021-08-06 20:34:14.957947,962875,0.0,0.0
2021-08-06 20:34:14.957947,962938,0.0,5.6
2021-08-06 20:34:14.957947,1846313,0.0,6.0
2021-08-06 20:34:15.115553,962875,0.0,0.0
2021-08-06 20:34:15.115553,962938,0.0,5.6
2021-08-06 20:34:15.115553,1846313,0.0,6.0
2021-08-06 20:34:15.273246,962875,0.0,0.0
2021-08-06 20:34:15.273246,962938,0.0,5.6
2021-08-06 20:34:15.273246,1846313,0.0,6.0
2021-08-06 20:34:15.430647,962875,0.0,0.0
2021-08-06 20:34:15.430647,962938,0.0,5.6
2021-08-06 20:34:15.430647,1846313,0.0,6.0
2021-08-06 20:34:15.587973,1846313,6.7,6.0
2021-08-06 20:34:15.587973,962875,0.0,0.0
2021-08-06 20:34:15.587973,962938,0.0,5.6
2021-08-06 20:34:15.745570,962875,0.0,0.0
2021-08-06 20:34:15.745570,962938,0.0,5.6
2021-08-06 20:34:15.745570,1846313,0.0,6.0
2021-08-06 20:34:15.903091,962875,0.0,0.0
2021-08-06 20:34:15.903091,962938,0.0,5.6
2021-08-06 20:34:15.903091,1846313,0.0,6.0
2021-08-06 20:34:16.060686,962875,0.0,0.0
2021-08-06 20:34:16.060686,962938,0.0,5.6
2021-08-06 20:34:16.060686,1846313,0.0,6.0
2021-08-06 20:34:16.217992,962875,0.0,0.0
2021-08-06 20:34:16.217992,962938,0.0,5.6
2021-08-06 20:34:16.217992,1846313,0.0,6.0
2021-08-06 20:34:16.375278,962875,0.0,0.0
2021-08-06 20:34:16.375278,962938,0.0,5.6
2021-08-06 20:34:16.375278,1846313,0.0,6.0
2021-08-06 20:34:16.532782,962875,0.0,0.0
2021-08-06 20:34:16.532782,962938,0.0,5.6
2021-08-06 20:34:16.532782,1846313,0.0,6.0
2021-08-06 20:34:16.690337,962875,0.0,0.0
2021-08-06 20:34:16.690337,962938,0.0,5.6
2021-08-06 20:34:16.690337,1846313,0.0,6.0
2021-08-06 20:34:16.847729,962875,0.0,0.0
2021-08-06 20:34:16.847729,962938,0.0,5.6
2021-08-06 20:34:16.847729,1846313,0.0,6.0
2021-08-06 20:34:17.005129,962875,0.0,0.0
2021-08-06 20:34:17.005129,962938,0.0,5.6
2021-08-06 20:34:17.005129,1846313,0.0,6.0
2021-08-06 20:34:17.162515,962875,0.0,0.0
2021-08-06 20:34:17.162515,962938,0.0,5.6
2021-08-06 20:34:17.162515,1846313,0.0,6.0
2021-08-06 20:34:17.319909,962875,0.0,0.0
2021-08-06 20:34:17.319909,962938,0.0,5.6
2021-08-06 20:34:17.319909,1846313,0.0,6.0
2021-08-06 20:34:17.477407,962875,0.0,0.0
2021-08-06 20:34:17.477407,962938,0.0,5.6
2021-08-06 20:34:17.477407,1846313,0.0,6.0
2021-08-06 20:34:17.635065,962875,0.0,0.0
2021-08-06 20:34:17.635065,962938,0.0,5.6
2021-08-06 20:34:17.635065,1846313,0.0,6.0
2021-08-06 20:34:17.792535,962875,0.0,0.0
2021-08-06 20:34:17.792535,962938,0.0,5.6
2021-08-06 20:34:17.792535,1846313,0.0,6.0
2021-08-06 20:34:17.949942,962875,0.0,0.0
2021-08-06 20:34:17.949942,962938,0.0,5.6
2021-08-06 20:34:17.949942,1846313,0.0,6.0
2021-08-06 20:34:18.107477,1846313,6.7,6.0
2021-08-06 20:34:18.107477,962875,0.0,0.0
2021-08-06 20:34:18.107477,962938,0.0,5.6
2021-08-06 20:34:18.265366,962875,0.0,0.0
2021-08-06 20:34:18.265366,962938,0.0,5.6
2021-08-06 20:34:18.265366,1846313,0.0,6.0
2021-08-06 20:34:18.422978,962875,0.0,0.0
2021-08-06 20:34:18.422978,962938,0.0,5.6
2021-08-06 20:34:18.422978,1846313,0.0,6.0
2021-08-06 20:34:18.580515,962875,0.0,0.0
2021-08-06 20:34:18.580515,962938,0.0,5.6
2021-08-06 20:34:18.580515,1846313,0.0,6.0
2021-08-06 20:34:18.738006,962875,0.0,0.0
2021-08-06 20:34:18.738006,962938,0.0,5.6
2021-08-06 20:34:18.738006,1846313,0.0,6.0
2021-08-06 20:34:18.895158,962875,0.0,0.0
2021-08-06 20:34:18.895158,962938,0.0,5.6
2021-08-06 20:34:18.895158,1846313,0.0,6.0
2021-08-06 20:34:19.052817,1846313,6.7,6.0
2021-08-06 20:34:19.052817,962875,0.0,0.0
2021-08-06 20:34:19.052817,962938,0.0,5.6
2021-08-06 20:34:19.210255,962875,0.0,0.0
2021-08-06 20:34:19.210255,962938,0.0,5.6
2021-08-06 20:34:19.210255,1846313,0.0,6.0
2021-08-06 20:34:19.367658,962875,0.0,0.0
2021-08-06 20:34:19.367658,962938,0.0,5.6
2021-08-06 20:34:19.367658,1846313,0.0,6.0
2021-08-06 20:34:19.525251,962875,0.0,0.0
2021-08-06 20:34:19.525251,962938,0.0,5.6
2021-08-06 20:34:19.525251,1846313,0.0,6.0
2021-08-06 20:34:19.682804,962875,0.0,0.0
2021-08-06 20:34:19.682804,962938,0.0,5.6
2021-08-06 20:34:19.682804,1846313,0.0,6.0
2021-08-06 20:34:19.840124,962875,0.0,0.0
2021-08-06 20:34:19.840124,962938,0.0,5.6
2021-08-06 20:34:19.840124,1846313,0.0,6.0
2021-08-06 20:34:19.997393,962875,0.0,0.0
2021-08-06 20:34:19.997393,962938,0.0,5.6
2021-08-06 20:34:19.997393,1846313,0.0,6.0
2021-08-06 20:34:20.155055,1846313,6.7,6.0
2021-08-06 20:34:20.155055,962875,0.0,0.0
2021-08-06 20:34:20.155055,962938,0.0,5.6
2021-08-06 20:34:20.312820,962875,0.0,0.0
2021-08-06 20:34:20.312820,962938,0.0,5.6
2021-08-06 20:34:20.312820,1846313,0.0,6.0
2021-08-06 20:34:20.470445,962875,0.0,0.0
2021-08-06 20:34:20.470445,962938,0.0,5.6
2021-08-06 20:34:20.470445,1846313,0.0,6.0
2021-08-06 20:34:20.627933,962875,0.0,0.0
2021-08-06 20:34:20.627933,962938,0.0,5.6
2021-08-06 20:34:20.627933,1846313,0.0,6.0
2021-08-06 20:34:20.785223,962875,0.0,0.0
2021-08-06 20:34:20.785223,962938,0.0,5.6
2021-08-06 20:34:20.785223,1846313,0.0,6.0
2021-08-06 20:34:20.942537,962875,0.0,0.0
2021-08-06 20:34:20.942537,962938,0.0,5.6
2021-08-06 20:34:20.942537,1846313,0.0,6.0
2021-08-06 20:34:21.099918,962875,0.0,0.0
2021-08-06 20:34:21.099918,962938,0.0,5.6
2021-08-06 20:34:21.099918,1846313,0.0,6.0
2021-08-06 20:34:21.257331,962875,0.0,0.0
2021-08-06 20:34:21.257331,962938,0.0,5.6
2021-08-06 20:34:21.257331,1846313,0.0,6.0
2021-08-06 20:34:21.414684,962875,0.0,0.0
2021-08-06 20:34:21.414684,962938,0.0,5.6
2021-08-06 20:34:21.414684,1846313,0.0,6.0
2021-08-06 20:34:21.572094,962875,0.0,0.0
2021-08-06 20:34:21.572094,962938,0.0,5.6
2021-08-06 20:34:21.572094,1846313,0.0,6.0
2021-08-06 20:34:21.729733,962875,0.0,0.0
2021-08-06 20:34:21.729733,962938,0.0,5.6
2021-08-06 20:34:21.729733,1846313,0.0,6.0
2021-08-06 20:34:21.887335,1846313,6.7,6.0
2021-08-06 20:34:21.887335,962875,0.0,0.0
2021-08-06 20:34:21.887335,962938,0.0,5.6
2021-08-06 20:34:22.045147,962875,0.0,0.0
2021-08-06 20:34:22.045147,962938,0.0,5.6
2021-08-06 20:34:22.045147,1846313,0.0,6.0
2021-08-06 20:34:22.202609,962875,0.0,0.0
2021-08-06 20:34:22.202609,962938,0.0,5.6
2021-08-06 20:34:22.202609,1846313,0.0,6.0
2021-08-06 20:34:22.359884,962875,0.0,0.0
2021-08-06 20:34:22.359884,962938,0.0,5.6
2021-08-06 20:34:22.359884,1846313,0.0,6.0
2021-08-06 20:34:22.517391,962875,0.0,0.0
2021-08-06 20:34:22.517391,962938,0.0,5.6
2021-08-06 20:34:22.517391,1846313,0.0,6.0
2021-08-06 20:34:22.675046,962875,0.0,0.0
2021-08-06 20:34:22.675046,962938,0.0,5.6
2021-08-06 20:34:22.675046,1846313,0.0,6.0
2021-08-06 20:34:22.832733,962875,0.0,0.0
2021-08-06 20:34:22.832733,962938,0.0,5.6
2021-08-06 20:34:22.832733,1846313,0.0,6.0
2021-08-06 20:34:22.989957,962875,0.0,0.0
2021-08-06 20:34:22.989957,962938,0.0,5.6
2021-08-06 20:34:22.989957,1846313,0.0,6.0
2021-08-06 20:34:23.147335,962875,0.0,0.0
2021-08-06 20:34:23.147335,962938,0.0,5.6
2021-08-06 20:34:23.147335,1846313,0.0,6.0
2021-08-06 20:34:23.304820,962875,0.0,0.0
2021-08-06 20:34:23.304820,962938,0.0,5.6
2021-08-06 20:34:23.304820,1846313,0.0,6.0
2021-08-06 20:34:23.462479,1846313,6.7,6.0
2021-08-06 20:34:23.462479,962875,0.0,0.0
2021-08-06 20:34:23.462479,962938,0.0,5.6
2021-08-06 20:34:23.620305,962875,0.0,0.0
2021-08-06 20:34:23.620305,962938,0.0,5.6
2021-08-06 20:34:23.620305,1846313,0.0,6.0
2021-08-06 20:34:23.777701,962875,0.0,0.0
2021-08-06 20:34:23.777701,962938,0.0,5.6
2021-08-06 20:34:23.777701,1846313,0.0,6.0
2021-08-06 20:34:23.935038,962875,0.0,0.0
2021-08-06 20:34:23.935038,962938,0.0,5.6
2021-08-06 20:34:23.935038,1846313,0.0,6.0
2021-08-06 20:34:24.092617,1846313,6.7,6.0
2021-08-06 20:34:24.092617,962875,0.0,0.0
2021-08-06 20:34:24.092617,962938,0.0,5.6
2021-08-06 20:34:24.250403,962875,0.0,0.0
2021-08-06 20:34:24.250403,962938,0.0,5.6
2021-08-06 20:34:24.250403,1846313,0.0,6.0
2021-08-06 20:34:24.407854,962875,0.0,0.0
2021-08-06 20:34:24.407854,962938,0.0,5.6
2021-08-06 20:34:24.407854,1846313,0.0,6.0
2021-08-06 20:34:24.565307,962875,0.0,0.0
2021-08-06 20:34:24.565307,962938,0.0,5.6
2021-08-06 20:34:24.565307,1846313,0.0,6.0
2021-08-06 20:34:24.722780,962875,0.0,0.0
2021-08-06 20:34:24.722780,962938,0.0,5.6
2021-08-06 20:34:24.722780,1846313,0.0,6.0
2021-08-06 20:34:24.880154,962875,0.0,0.0
2021-08-06 20:34:24.880154,962938,0.0,5.6
2021-08-06 20:34:24.880154,1846313,0.0,6.0
2021-08-06 20:34:25.037379,962875,0.0,0.0
2021-08-06 20:34:25.037379,962938,0.0,5.6
2021-08-06 20:34:25.037379,1846313,0.0,6.0
2021-08-06 20:34:25.194740,962875,0.0,0.0
2021-08-06 20:34:25.194740,962938,0.0,5.6
2021-08-06 20:34:25.194740,1846313,0.0,6.0
2021-08-06 20:34:25.352132,962938,6.7,5.6
2021-08-06 20:34:25.352132,962875,0.0,0.0
2021-08-06 20:34:25.352132,1846313,0.0,6.0
2021-08-06 20:34:25.509861,1846313,13.3,6.0
2021-08-06 20:34:25.509861,962875,0.0,0.0
2021-08-06 20:34:25.509861,962938,0.0,5.6
2021-08-06 20:34:25.667569,962875,0.0,0.0
2021-08-06 20:34:25.667569,962938,0.0,5.6
2021-08-06 20:34:25.667569,1846313,0.0,6.0
2021-08-06 20:34:25.825097,962875,0.0,0.0
2021-08-06 20:34:25.825097,962938,0.0,5.6
2021-08-06 20:34:25.825097,1846313,0.0,6.0
2021-08-06 20:34:25.982767,962875,0.0,0.0
2021-08-06 20:34:25.982767,962938,0.0,5.6
2021-08-06 20:34:25.982767,1846313,0.0,6.0
2021-08-06 20:34:26.140161,962875,0.0,0.0
2021-08-06 20:34:26.140161,962938,0.0,5.6
2021-08-06 20:34:26.140161,1846313,0.0,6.0
2021-08-06 20:34:26.297639,1846313,13.3,6.0
2021-08-06 20:34:26.297639,962875,0.0,0.0
2021-08-06 20:34:26.297639,962938,0.0,5.6
2021-08-06 20:34:26.455413,962875,0.0,0.0
2021-08-06 20:34:26.455413,962938,0.0,5.6
2021-08-06 20:34:26.455413,1846313,0.0,6.0
2021-08-06 20:34:26.613015,962875,0.0,0.0
2021-08-06 20:34:26.613015,962938,0.0,5.6
2021-08-06 20:34:26.613015,1846313,0.0,6.0
2021-08-06 20:34:26.770443,962875,0.0,0.0
2021-08-06 20:34:26.770443,962938,0.0,5.6
2021-08-06 20:34:26.770443,1846313,0.0,6.0
2021-08-06 20:34:26.927799,962875,0.0,0.0
2021-08-06 20:34:26.927799,962938,0.0,5.6
2021-08-06 20:34:26.927799,1846313,0.0,6.0
2021-08-06 20:34:27.085227,962875,0.0,0.0
2021-08-06 20:34:27.085227,962938,0.0,5.6
2021-08-06 20:34:27.085227,1846313,0.0,6.0
2021-08-06 20:34:27.242598,962875,0.0,0.0
2021-08-06 20:34:27.242598,962938,0.0,5.6
2021-08-06 20:34:27.242598,1846313,0.0,6.0
2021-08-06 20:34:27.399930,962875,0.0,0.0
2021-08-06 20:34:27.399930,962938,0.0,5.6
2021-08-06 20:34:27.399930,1846313,0.0,6.0
2021-08-06 20:34:27.557287,962875,0.0,0.0
2021-08-06 20:34:27.557287,962938,0.0,5.6
2021-08-06 20:34:27.557287,1846313,0.0,6.0
2021-08-06 20:34:27.714798,962875,0.0,0.0
2021-08-06 20:34:27.714798,962938,0.0,5.6
2021-08-06 20:34:27.714798,1846313,0.0,6.0
2021-08-06 20:34:27.872194,962875,0.0,0.0
2021-08-06 20:34:27.872194,962938,0.0,5.6
2021-08-06 20:34:27.872194,1846313,0.0,6.0
2021-08-06 20:34:28.029956,1846313,6.7,6.0
2021-08-06 20:34:28.029956,962875,0.0,0.0
2021-08-06 20:34:28.029956,962938,0.0,5.6
2021-08-06 20:34:28.187659,962875,0.0,0.0
2021-08-06 20:34:28.187659,962938,0.0,5.6
2021-08-06 20:34:28.187659,1846313,0.0,6.0
2021-08-06 20:34:28.345044,962875,0.0,0.0
2021-08-06 20:34:28.345044,962938,0.0,5.6
2021-08-06 20:34:28.345044,1846313,0.0,6.0
2021-08-06 20:34:28.502726,1846313,6.7,6.0
2021-08-06 20:34:28.502726,962875,0.0,0.0
2021-08-06 20:34:28.502726,962938,0.0,5.6
2021-08-06 20:34:28.660329,962875,0.0,0.0
2021-08-06 20:34:28.660329,962938,0.0,5.6
2021-08-06 20:34:28.660329,1846313,0.0,6.0
2021-08-06 20:34:28.817749,962875,0.0,0.0
2021-08-06 20:34:28.817749,962938,0.0,5.6
2021-08-06 20:34:28.817749,1846313,0.0,6.0
2021-08-06 20:34:28.975215,962875,0.0,0.0
2021-08-06 20:34:28.975215,962938,0.0,5.6
2021-08-06 20:34:28.975215,1846313,0.0,6.0
2021-08-06 20:34:29.132994,962875,0.0,0.0
2021-08-06 20:34:29.132994,962938,0.0,5.6
2021-08-06 20:34:29.132994,1846313,0.0,6.0
2021-08-06 20:34:29.291063,962875,0.0,0.0
2021-08-06 20:34:29.291063,962938,0.0,5.6
2021-08-06 20:34:29.291063,1846313,0.0,6.0
2021-08-06 20:34:29.448602,962875,0.0,0.0
2021-08-06 20:34:29.448602,962938,0.0,5.6
2021-08-06 20:34:29.448602,1846313,0.0,6.0
2021-08-06 20:34:29.606217,962875,0.0,0.0
2021-08-06 20:34:29.606217,962938,0.0,5.6
2021-08-06 20:34:29.606217,1846313,0.0,6.0
2021-08-06 20:34:29.763641,962875,0.0,0.0
2021-08-06 20:34:29.763641,962938,0.0,5.6
2021-08-06 20:34:29.763641,1846313,0.0,6.0
2021-08-06 20:34:29.920963,962875,0.0,0.0
2021-08-06 20:34:29.920963,962938,0.0,5.6
2021-08-06 20:34:29.920963,1846313,0.0,6.0
2021-08-06 20:34:30.078515,1846313,6.7,6.0
2021-08-06 20:34:30.078515,962875,0.0,0.0
2021-08-06 20:34:30.078515,962938,0.0,5.6
2021-08-06 20:34:30.235887,962875,0.0,0.0
2021-08-06 20:34:30.235887,962938,0.0,5.6
2021-08-06 20:34:30.235887,1846313,0.0,6.0
2021-08-06 20:34:30.392682,962875,0.0,0.0
2021-08-06 20:34:30.392682,962938,0.0,5.6
2021-08-06 20:34:30.392682,1846313,0.0,6.0
2021-08-06 20:34:30.549551,962875,0.0,0.0
2021-08-06 20:34:30.549551,962938,0.0,5.6
2021-08-06 20:34:30.549551,1846313,0.0,6.0
2021-08-06 20:34:30.706871,962875,0.0,0.0
2021-08-06 20:34:30.706871,962938,0.0,5.6
2021-08-06 20:34:30.706871,1846313,0.0,6.0
2021-08-06 20:34:30.864262,962875,0.0,0.0
2021-08-06 20:34:30.864262,962938,0.0,5.6
2021-08-06 20:34:30.864262,1846313,0.0,6.0
2021-08-06 20:34:31.021601,962875,0.0,0.0
2021-08-06 20:34:31.021601,962938,0.0,5.6
2021-08-06 20:34:31.021601,1846313,0.0,6.0
2021-08-06 20:34:31.178636,1846313,6.7,6.0
2021-08-06 20:34:31.178636,962875,0.0,0.0
2021-08-06 20:34:31.178636,962938,0.0,5.6
2021-08-06 20:34:31.336002,962875,0.0,0.0
2021-08-06 20:34:31.336002,962938,0.0,5.6
2021-08-06 20:34:31.336002,1846313,0.0,6.0
2021-08-06 20:34:31.493672,962875,0.0,0.0
2021-08-06 20:34:31.493672,962938,0.0,5.6
2021-08-06 20:34:31.493672,1846313,0.0,6.0
2021-08-06 20:34:31.651279,962875,0.0,0.0
2021-08-06 20:34:31.651279,962938,0.0,5.6
2021-08-06 20:34:31.651279,1846313,0.0,6.0
2021-08-06 20:34:31.808739,962875,0.0,0.0
2021-08-06 20:34:31.808739,962938,0.0,5.6
2021-08-06 20:34:31.808739,1846313,0.0,6.0
2021-08-06 20:34:31.966753,1846313,6.7,6.0
2021-08-06 20:34:31.966753,962875,0.0,0.0
2021-08-06 20:34:31.966753,962938,0.0,5.6
2021-08-06 20:34:32.124543,962875,0.0,0.0
2021-08-06 20:34:32.124543,962938,0.0,5.6
2021-08-06 20:34:32.124543,1846313,0.0,6.0
2021-08-06 20:34:32.282109,962875,0.0,0.0
2021-08-06 20:34:32.282109,962938,0.0,5.6
2021-08-06 20:34:32.282109,1846313,0.0,6.0
2021-08-06 20:34:32.439473,962875,0.0,0.0
2021-08-06 20:34:32.439473,962938,0.0,5.6
2021-08-06 20:34:32.439473,1846313,0.0,6.0
2021-08-06 20:34:32.596874,962875,0.0,0.0
2021-08-06 20:34:32.596874,962938,0.0,5.6
2021-08-06 20:34:32.596874,1846313,0.0,6.0
2021-08-06 20:34:32.754308,962875,0.0,0.0
2021-08-06 20:34:32.754308,962938,0.0,5.6
2021-08-06 20:34:32.754308,1846313,0.0,6.0
2021-08-06 20:34:32.911972,962875,0.0,0.0
2021-08-06 20:34:32.911972,962938,0.0,5.6
2021-08-06 20:34:32.911972,1846313,0.0,6.0
2021-08-06 20:34:33.069352,962875,0.0,0.0
2021-08-06 20:34:33.069352,962938,0.0,5.6
2021-08-06 20:34:33.069352,1846313,0.0,6.0
2021-08-06 20:34:33.226511,962875,0.0,0.0
2021-08-06 20:34:33.226511,962938,0.0,5.6
2021-08-06 20:34:33.226511,1846313,0.0,6.0
2021-08-06 20:34:33.384077,962875,0.0,0.0
2021-08-06 20:34:33.384077,962938,0.0,5.6
2021-08-06 20:34:33.384077,1846313,0.0,6.0
2021-08-06 20:34:33.541687,962875,0.0,0.0
2021-08-06 20:34:33.541687,962938,0.0,5.6
2021-08-06 20:34:33.541687,1846313,0.0,6.0
2021-08-06 20:34:33.699470,962875,0.0,0.0
2021-08-06 20:34:33.699470,962938,0.0,5.6
2021-08-06 20:34:33.699470,1846313,0.0,6.0
2021-08-06 20:34:33.856891,962875,0.0,0.0
2021-08-06 20:34:33.856891,962938,0.0,5.6
2021-08-06 20:34:33.856891,1846313,0.0,6.0
2021-08-06 20:34:34.014462,1846313,6.7,6.0
2021-08-06 20:34:34.014462,962875,0.0,0.0
2021-08-06 20:34:34.014462,962938,0.0,5.6
2021-08-06 20:34:34.172219,962875,0.0,0.0
2021-08-06 20:34:34.172219,962938,0.0,5.6
2021-08-06 20:34:34.172219,1846313,0.0,6.0
2021-08-06 20:34:34.329654,962875,0.0,0.0
2021-08-06 20:34:34.329654,962938,0.0,5.6
2021-08-06 20:34:34.329654,1846313,0.0,6.0
2021-08-06 20:34:34.487093,962875,0.0,0.0
2021-08-06 20:34:34.487093,962938,0.0,5.6
2021-08-06 20:34:34.487093,1846313,0.0,6.0
2021-08-06 20:34:34.644732,962875,0.0,0.0
2021-08-06 20:34:34.644732,962938,0.0,5.6
2021-08-06 20:34:34.644732,1846313,0.0,6.0
2021-08-06 20:34:34.802147,962875,0.0,0.0
2021-08-06 20:34:34.802147,962938,0.0,5.6
2021-08-06 20:34:34.802147,1846313,0.0,6.0
2021-08-06 20:34:34.959586,962875,0.0,0.0
2021-08-06 20:34:34.959586,962938,0.0,5.6
2021-08-06 20:34:34.959586,1846313,0.0,6.0
2021-08-06 20:34:35.116968,962875,0.0,0.0
2021-08-06 20:34:35.116968,962938,0.0,5.6
2021-08-06 20:34:35.116968,1846313,0.0,6.0
2021-08-06 20:34:35.274344,962875,0.0,0.0
2021-08-06 20:34:35.274344,962938,0.0,5.6
2021-08-06 20:34:35.274344,1846313,0.0,6.0
2021-08-06 20:34:35.431728,962875,0.0,0.0
2021-08-06 20:34:35.431728,962938,0.0,5.6
2021-08-06 20:34:35.431728,1846313,0.0,6.0
2021-08-06 20:34:35.589311,962875,0.0,0.0
2021-08-06 20:34:35.589311,962938,0.0,5.6
2021-08-06 20:34:35.589311,1846313,0.0,6.0
2021-08-06 20:34:35.747234,1846313,13.3,6.0
2021-08-06 20:34:35.747234,962875,0.0,0.0
2021-08-06 20:34:35.747234,962938,0.0,5.6
2021-08-06 20:34:35.904415,962875,0.0,0.0
2021-08-06 20:34:35.904415,962938,0.0,5.6
2021-08-06 20:34:35.904415,1846313,0.0,6.0
2021-08-06 20:34:36.061799,962875,0.0,0.0
2021-08-06 20:34:36.061799,962938,0.0,5.6
2021-08-06 20:34:36.061799,1846313,0.0,6.0
2021-08-06 20:34:36.219137,962875,0.0,0.0
2021-08-06 20:34:36.219137,962938,0.0,5.6
2021-08-06 20:34:36.219137,1846313,0.0,6.0
2021-08-06 20:34:36.376529,962875,0.0,0.0
2021-08-06 20:34:36.376529,962938,0.0,5.6
2021-08-06 20:34:36.376529,1846313,0.0,6.0
2021-08-06 20:34:36.533992,962875,0.0,0.0
2021-08-06 20:34:36.533992,962938,0.0,5.6
2021-08-06 20:34:36.533992,1846313,0.0,6.0
2021-08-06 20:34:36.691675,962938,6.7,5.6
2021-08-06 20:34:36.691675,962875,0.0,0.0
2021-08-06 20:34:36.691675,1846313,0.0,6.0
2021-08-06 20:34:36.849131,962875,0.0,0.0
2021-08-06 20:34:36.849131,962938,0.0,5.6
2021-08-06 20:34:36.849131,1846313,0.0,6.0
2021-08-06 20:34:37.006503,962875,0.0,0.0
2021-08-06 20:34:37.006503,962938,0.0,5.6
2021-08-06 20:34:37.006503,1846313,0.0,6.0
2021-08-06 20:34:37.164210,962875,0.0,0.0
2021-08-06 20:34:37.164210,962938,0.0,5.6
2021-08-06 20:34:37.164210,1846313,0.0,6.0
2021-08-06 20:34:37.321985,962875,0.0,0.0
2021-08-06 20:34:37.321985,962938,0.0,5.6
2021-08-06 20:34:37.321985,1846313,0.0,6.0
2021-08-06 20:34:37.479661,962875,0.0,0.0
2021-08-06 20:34:37.479661,962938,0.0,5.6
2021-08-06 20:34:37.479661,1846313,0.0,6.0
2021-08-06 20:34:37.637318,962875,0.0,0.0
2021-08-06 20:34:37.637318,962938,0.0,5.6
2021-08-06 20:34:37.637318,1846313,0.0,6.0
2021-08-06 20:34:37.794739,962875,0.0,0.0
2021-08-06 20:34:37.794739,962938,0.0,5.6
2021-08-06 20:34:37.794739,1846313,0.0,6.0
2021-08-06 20:34:37.952083,962875,0.0,0.0
2021-08-06 20:34:37.952083,962938,0.0,5.6
2021-08-06 20:34:37.952083,1846313,0.0,6.0
2021-08-06 20:34:38.109619,1846313,6.7,6.0
2021-08-06 20:34:38.109619,962875,0.0,0.0
2021-08-06 20:34:38.109619,962938,0.0,5.6
2021-08-06 20:34:38.267399,962875,0.0,0.0
2021-08-06 20:34:38.267399,962938,0.0,5.6
2021-08-06 20:34:38.267399,1846313,0.0,6.0
2021-08-06 20:34:38.424870,962875,0.0,0.0
2021-08-06 20:34:38.424870,962938,0.0,5.6
2021-08-06 20:34:38.424870,1846313,0.0,6.0
2021-08-06 20:34:38.582303,962875,0.0,0.0
2021-08-06 20:34:38.582303,962938,0.0,5.6
2021-08-06 20:34:38.582303,1846313,0.0,6.0
2021-08-06 20:34:38.739731,962875,0.0,0.0
2021-08-06 20:34:38.739731,962938,0.0,5.6
2021-08-06 20:34:38.739731,1846313,0.0,6.0
2021-08-06 20:34:38.897076,962875,0.0,0.0
2021-08-06 20:34:38.897076,962938,0.0,5.6
2021-08-06 20:34:38.897076,1846313,0.0,6.0
2021-08-06 20:34:39.054428,962875,0.0,0.0
2021-08-06 20:34:39.054428,962938,0.0,5.6
2021-08-06 20:34:39.054428,1846313,0.0,6.0
2021-08-06 20:34:39.211780,962875,0.0,0.0
2021-08-06 20:34:39.211780,962938,0.0,5.6
2021-08-06 20:34:39.211780,1846313,0.0,6.0
2021-08-06 20:34:39.369425,1846313,33.3,6.0
2021-08-06 20:34:39.369425,962875,0.0,0.0
2021-08-06 20:34:39.369425,962938,0.0,5.6
2021-08-06 20:34:39.526202,1846313,6.7,6.0
2021-08-06 20:34:39.526202,962875,0.0,0.0
2021-08-06 20:34:39.526202,962938,0.0,5.6
2021-08-06 20:34:39.683706,962875,0.0,0.0
2021-08-06 20:34:39.683706,962938,0.0,5.6
2021-08-06 20:34:39.683706,1846313,0.0,6.0
2021-08-06 20:34:39.841413,962875,0.0,0.0
2021-08-06 20:34:39.841413,962938,0.0,5.6
2021-08-06 20:34:39.841413,1846313,0.0,6.0
2021-08-06 20:34:39.998782,962875,0.0,0.0
2021-08-06 20:34:39.998782,962938,0.0,5.6
2021-08-06 20:34:39.998782,1846313,0.0,6.0
2021-08-06 20:34:40.156153,962875,0.0,0.0
2021-08-06 20:34:40.156153,962938,0.0,5.6
2021-08-06 20:34:40.156153,1846313,0.0,6.0
2021-08-06 20:34:40.313609,962875,0.0,0.0
2021-08-06 20:34:40.313609,962938,0.0,5.6
2021-08-06 20:34:40.313609,1846313,0.0,6.0
2021-08-06 20:34:40.471042,962875,0.0,0.0
2021-08-06 20:34:40.471042,962938,0.0,5.6
2021-08-06 20:34:40.471042,1846313,0.0,6.0
2021-08-06 20:34:40.627408,962875,0.0,0.0
2021-08-06 20:34:40.627408,962938,0.0,5.6
2021-08-06 20:34:40.627408,1846313,0.0,6.0
2021-08-06 20:34:40.784779,962875,0.0,0.0
2021-08-06 20:34:40.784779,962938,0.0,5.6
2021-08-06 20:34:40.784779,1846313,0.0,6.0
2021-08-06 20:34:40.942114,962875,0.0,0.0
2021-08-06 20:34:40.942114,962938,0.0,5.6
2021-08-06 20:34:40.942114,1846313,0.0,6.0
2021-08-06 20:34:41.099458,962875,0.0,0.0
2021-08-06 20:34:41.099458,962938,0.0,5.6
2021-08-06 20:34:41.099458,1846313,0.0,6.0
2021-08-06 20:34:41.256802,962875,0.0,0.0
2021-08-06 20:34:41.256802,962938,0.0,5.6
2021-08-06 20:34:41.256802,1846313,0.0,6.0
2021-08-06 20:34:41.414213,962875,0.0,0.0
2021-08-06 20:34:41.414213,962938,0.0,5.6
2021-08-06 20:34:41.414213,1846313,0.0,6.0
2021-08-06 20:34:41.571619,962875,0.0,0.0
2021-08-06 20:34:41.571619,962938,0.0,5.6
2021-08-06 20:34:41.571619,1846313,0.0,6.0
2021-08-06 20:34:41.729173,962875,0.0,0.0
2021-08-06 20:34:41.729173,962938,0.0,5.6
2021-08-06 20:34:41.729173,1846313,0.0,6.0
2021-08-06 20:34:41.886899,1846313,6.7,6.0
2021-08-06 20:34:41.886899,962875,0.0,0.0
2021-08-06 20:34:41.886899,962938,0.0,5.6
2021-08-06 20:34:42.044299,962875,0.0,0.0
2021-08-06 20:34:42.044299,962938,0.0,5.6
2021-08-06 20:34:42.044299,1846313,0.0,6.0
2021-08-06 20:34:42.201794,962875,0.0,0.0
2021-08-06 20:34:42.201794,962938,0.0,5.6
2021-08-06 20:34:42.201794,1846313,0.0,6.0
2021-08-06 20:34:42.359514,962875,0.0,0.0
2021-08-06 20:34:42.359514,962938,0.0,5.6
2021-08-06 20:34:42.359514,1846313,0.0,6.0
2021-08-06 20:34:42.517047,962875,0.0,0.0
2021-08-06 20:34:42.517047,962938,0.0,5.6
2021-08-06 20:34:42.517047,1846313,0.0,6.0
2021-08-06 20:34:42.674409,962875,0.0,0.0
2021-08-06 20:34:42.674409,962938,0.0,5.6
2021-08-06 20:34:42.674409,1846313,0.0,6.0
2021-08-06 20:34:42.832384,1846313,6.7,6.0
2021-08-06 20:34:42.832384,962875,0.0,0.0
2021-08-06 20:34:42.832384,962938,0.0,5.6
2021-08-06 20:34:42.989773,962875,0.0,0.0
2021-08-06 20:34:42.989773,962938,0.0,5.6
2021-08-06 20:34:42.989773,1846313,0.0,6.0
2021-08-06 20:34:43.147338,962875,0.0,0.0
2021-08-06 20:34:43.147338,962938,0.0,5.6
2021-08-06 20:34:43.147338,1846313,0.0,6.0
2021-08-06 20:34:43.304946,962875,0.0,0.0
2021-08-06 20:34:43.304946,962938,0.0,5.6
2021-08-06 20:34:43.304946,1846313,0.0,6.0
2021-08-06 20:34:43.462436,1846313,20.0,6.0
2021-08-06 20:34:43.462436,962875,0.0,0.0
2021-08-06 20:34:43.462436,962938,0.0,5.6
2021-08-06 20:34:43.620364,962875,0.0,0.0
2021-08-06 20:34:43.620364,962938,0.0,5.6
2021-08-06 20:34:43.620364,1846313,0.0,6.0
2021-08-06 20:34:43.777707,962875,0.0,0.0
2021-08-06 20:34:43.777707,962938,0.0,5.6
2021-08-06 20:34:43.777707,1846313,0.0,6.0
2021-08-06 20:34:43.935274,962875,0.0,0.0
2021-08-06 20:34:43.935274,962938,0.0,5.6
2021-08-06 20:34:43.935274,1846313,0.0,6.0
2021-08-06 20:34:44.092843,962875,0.0,0.0
2021-08-06 20:34:44.092843,962938,0.0,5.6
2021-08-06 20:34:44.092843,1846313,0.0,6.0
2021-08-06 20:34:44.250625,962875,0.0,0.0
2021-08-06 20:34:44.250625,962938,0.0,5.6
2021-08-06 20:34:44.250625,1846313,0.0,6.0
2021-08-06 20:34:44.408246,962875,0.0,0.0
2021-08-06 20:34:44.408246,962938,0.0,5.6
2021-08-06 20:34:44.408246,1846313,0.0,6.0
2021-08-06 20:34:44.565657,1846313,6.7,6.0
2021-08-06 20:34:44.565657,962875,0.0,0.0
2021-08-06 20:34:44.565657,962938,0.0,5.6
2021-08-06 20:34:44.723366,962875,0.0,0.0
2021-08-06 20:34:44.723366,962938,0.0,5.6
2021-08-06 20:34:44.723366,1846313,0.0,6.0
2021-08-06 20:34:44.880774,962875,0.0,0.0
2021-08-06 20:34:44.880774,962938,0.0,5.6
2021-08-06 20:34:44.880774,1846313,0.0,6.0
2021-08-06 20:34:45.038004,962875,0.0,0.0
2021-08-06 20:34:45.038004,962938,0.0,5.6
2021-08-06 20:34:45.038004,1846313,0.0,6.0
2021-08-06 20:34:45.195914,962875,0.0,0.0
2021-08-06 20:34:45.195914,962938,0.0,5.6
2021-08-06 20:34:45.195914,1846313,0.0,6.0
2021-08-06 20:34:45.353356,962875,0.0,0.0
2021-08-06 20:34:45.353356,962938,0.0,5.6
2021-08-06 20:34:45.353356,1846313,0.0,6.0
2021-08-06 20:34:45.510667,962875,0.0,0.0
2021-08-06 20:34:45.510667,962938,0.0,5.6
2021-08-06 20:34:45.510667,1846313,0.0,6.0
2021-08-06 20:34:45.668210,962875,0.0,0.0
2021-08-06 20:34:45.668210,962938,0.0,5.6
2021-08-06 20:34:45.668210,1846313,0.0,6.0
2021-08-06 20:34:45.825645,962875,0.0,0.0
2021-08-06 20:34:45.825645,962938,0.0,5.6
2021-08-06 20:34:45.825645,1846313,0.0,6.0
2021-08-06 20:34:45.983307,962875,0.0,0.0
2021-08-06 20:34:45.983307,962938,0.0,5.6
2021-08-06 20:34:45.983307,1846313,0.0,6.0
2021-08-06 20:34:46.140698,962875,0.0,0.0
2021-08-06 20:34:46.140698,962938,0.0,5.6
2021-08-06 20:34:46.140698,1846313,0.0,6.0
2021-08-06 20:34:46.297930,962875,0.0,0.0
2021-08-06 20:34:46.297930,962938,0.0,5.6
2021-08-06 20:34:46.297930,1846313,0.0,6.0
2021-08-06 20:34:46.455396,1846313,6.7,6.0
2021-08-06 20:34:46.455396,962875,0.0,0.0
2021-08-06 20:34:46.455396,962938,0.0,5.6
2021-08-06 20:34:46.613018,962875,0.0,0.0
2021-08-06 20:34:46.613018,962938,0.0,5.6
2021-08-06 20:34:46.613018,1846313,0.0,6.0
2021-08-06 20:34:46.770882,962875,0.0,0.0
2021-08-06 20:34:46.770882,962938,0.0,5.6
2021-08-06 20:34:46.770882,1846313,0.0,6.0
2021-08-06 20:34:46.928275,962875,0.0,0.0
2021-08-06 20:34:46.928275,962938,0.0,5.6
2021-08-06 20:34:46.928275,1846313,0.0,6.0
2021-08-06 20:34:47.085828,962875,0.0,0.0
2021-08-06 20:34:47.085828,962938,0.0,5.6
2021-08-06 20:34:47.085828,1846313,0.0,6.0
2021-08-06 20:34:47.243184,962875,0.0,0.0
2021-08-06 20:34:47.243184,962938,0.0,5.6
2021-08-06 20:34:47.243184,1846313,0.0,6.0
2021-08-06 20:34:47.400606,962875,0.0,0.0
2021-08-06 20:34:47.400606,962938,0.0,5.6
2021-08-06 20:34:47.400606,1846313,0.0,6.0
2021-08-06 20:34:47.558075,1846313,6.7,6.0
2021-08-06 20:34:47.558075,962875,0.0,0.0
2021-08-06 20:34:47.558075,962938,0.0,5.6
2021-08-06 20:34:47.715692,962875,0.0,0.0
2021-08-06 20:34:47.715692,962938,0.0,5.6
2021-08-06 20:34:47.715692,1846313,0.0,6.0
2021-08-06 20:34:47.873110,962875,0.0,0.0
2021-08-06 20:34:47.873110,962938,0.0,5.6
2021-08-06 20:34:47.873110,1846313,0.0,6.0
2021-08-06 20:34:48.030518,1846313,13.3,6.0
2021-08-06 20:34:48.030518,962875,0.0,0.0
2021-08-06 20:34:48.030518,962938,0.0,5.6
2021-08-06 20:34:48.188336,962875,0.0,0.0
2021-08-06 20:34:48.188336,962938,0.0,5.6
2021-08-06 20:34:48.188336,1846313,0.0,6.0
2021-08-06 20:34:48.345813,962875,0.0,0.0
2021-08-06 20:34:48.345813,962938,0.0,5.6
2021-08-06 20:34:48.345813,1846313,0.0,6.0
2021-08-06 20:34:48.503089,1846313,6.7,6.0
2021-08-06 20:34:48.503089,962875,0.0,0.0
2021-08-06 20:34:48.503089,962938,0.0,5.6
2021-08-06 20:34:48.660894,962875,0.0,0.0
2021-08-06 20:34:48.660894,962938,0.0,5.6
2021-08-06 20:34:48.660894,1846313,0.0,6.0
2021-08-06 20:34:48.818328,962875,0.0,0.0
2021-08-06 20:34:48.818328,962938,0.0,5.6
2021-08-06 20:34:48.818328,1846313,0.0,6.0
2021-08-06 20:34:48.975808,962875,0.0,0.0
2021-08-06 20:34:48.975808,962938,0.0,5.6
2021-08-06 20:34:48.975808,1846313,0.0,6.0
2021-08-06 20:34:49.133505,962875,0.0,0.0
2021-08-06 20:34:49.133505,962938,0.0,5.6
2021-08-06 20:34:49.133505,1846313,0.0,6.0
2021-08-06 20:34:49.291187,962875,0.0,0.0
2021-08-06 20:34:49.291187,962938,0.0,5.6
2021-08-06 20:34:49.291187,1846313,0.0,6.0
2021-08-06 20:34:49.448709,962875,0.0,0.0
2021-08-06 20:34:49.448709,962938,0.0,5.6
2021-08-06 20:34:49.448709,1846313,0.0,6.0
2021-08-06 20:34:49.606260,962875,0.0,0.0
2021-08-06 20:34:49.606260,962938,0.0,5.6
2021-08-06 20:34:49.606260,1846313,0.0,6.0
2021-08-06 20:34:49.763638,962875,0.0,0.0
2021-08-06 20:34:49.763638,962938,0.0,5.6
2021-08-06 20:34:49.763638,1846313,0.0,6.0
2021-08-06 20:34:49.921020,962875,0.0,0.0
2021-08-06 20:34:49.921020,962938,0.0,5.6
2021-08-06 20:34:49.921020,1846313,0.0,6.0
2021-08-06 20:34:50.078591,1846313,13.3,6.0
2021-08-06 20:34:50.078591,962875,0.0,0.0
2021-08-06 20:34:50.078591,962938,0.0,5.6
2021-08-06 20:34:50.236553,962875,0.0,0.0
2021-08-06 20:34:50.236553,962938,0.0,5.6
2021-08-06 20:34:50.236553,1846313,0.0,6.0
2021-08-06 20:34:50.394019,962875,0.0,0.0
2021-08-06 20:34:50.394019,962938,0.0,5.6
2021-08-06 20:34:50.394019,1846313,0.0,6.0
2021-08-06 20:34:50.551510,962875,0.0,0.0
2021-08-06 20:34:50.551510,962938,0.0,5.6
2021-08-06 20:34:50.551510,1846313,0.0,6.0
2021-08-06 20:34:50.709076,962875,0.0,0.0
2021-08-06 20:34:50.709076,962938,0.0,5.6
2021-08-06 20:34:50.709076,1846313,0.0,6.0
2021-08-06 20:34:50.866354,962875,0.0,0.0
2021-08-06 20:34:50.866354,962938,0.0,5.6
2021-08-06 20:34:50.866354,1846313,0.0,6.0
2021-08-06 20:34:51.023761,962875,0.0,0.0
2021-08-06 20:34:51.023761,962938,0.0,5.6
2021-08-06 20:34:51.023761,1846313,0.0,6.0
2021-08-06 20:34:51.180945,962875,0.0,0.0
2021-08-06 20:34:51.180945,962938,0.0,5.6
2021-08-06 20:34:51.180945,1846313,0.0,6.0
2021-08-06 20:34:51.338037,962875,0.0,0.0
2021-08-06 20:34:51.338037,962938,0.0,5.6
2021-08-06 20:34:51.338037,1846313,0.0,6.0
2021-08-06 20:34:51.494721,962875,0.0,0.0
2021-08-06 20:34:51.494721,962938,0.0,5.6
2021-08-06 20:34:51.494721,1846313,0.0,6.0
2021-08-06 20:34:51.652191,962875,0.0,0.0
2021-08-06 20:34:51.652191,962938,0.0,5.6
2021-08-06 20:34:51.652191,1846313,0.0,6.0
2021-08-06 20:34:51.809545,962875,0.0,0.0
2021-08-06 20:34:51.809545,962938,0.0,5.6
2021-08-06 20:34:51.809545,1846313,0.0,6.0
2021-08-06 20:34:51.967237,1846313,6.7,6.0
2021-08-06 20:34:51.967237,962875,0.0,0.0
2021-08-06 20:34:51.967237,962938,0.0,5.6
2021-08-06 20:34:52.125072,962875,0.0,0.0
2021-08-06 20:34:52.125072,962938,0.0,5.6
2021-08-06 20:34:52.125072,1846313,0.0,6.0
2021-08-06 20:34:52.282486,962875,0.0,0.0
2021-08-06 20:34:52.282486,962938,0.0,5.6
2021-08-06 20:34:52.282486,1846313,0.0,6.0
2021-08-06 20:34:52.439997,1846313,6.7,6.0
2021-08-06 20:34:52.439997,962875,0.0,0.0
2021-08-06 20:34:52.439997,962938,0.0,5.6
2021-08-06 20:34:52.597066,1846313,146.7,6.0
2021-08-06 20:34:52.597066,962875,0.0,0.0
2021-08-06 20:34:52.597066,962938,0.0,5.6
2021-08-06 20:34:52.755444,1846313,160.0,6.1
2021-08-06 20:34:52.755444,962875,0.0,0.0
2021-08-06 20:34:52.755444,962938,0.0,5.6
2021-08-06 20:34:52.912736,1846313,106.7,6.2
2021-08-06 20:34:52.912736,962875,0.0,0.0
2021-08-06 20:34:52.912736,962938,0.0,5.6
2021-08-06 20:34:53.070271,1846313,66.7,6.1
2021-08-06 20:34:53.070271,962875,0.0,0.0
2021-08-06 20:34:53.070271,962938,0.0,5.6
2021-08-06 20:34:53.228098,1846313,33.3,6.1
2021-08-06 20:34:53.228098,962875,0.0,0.0
2021-08-06 20:34:53.228098,962938,0.0,5.6
2021-08-06 20:34:53.386114,1846313,33.3,6.1
2021-08-06 20:34:53.386114,962875,0.0,0.0
2021-08-06 20:34:53.386114,962938,0.0,5.6
2021-08-06 20:34:53.543927,1846313,43.8,6.1
2021-08-06 20:34:53.543927,962875,0.0,0.0
2021-08-06 20:34:53.543927,962938,0.0,5.6
2021-08-06 20:34:53.701440,1846313,53.3,6.1
2021-08-06 20:34:53.701440,962875,0.0,0.0
2021-08-06 20:34:53.701440,962938,0.0,5.6
2021-08-06 20:34:53.858016,1846313,160.0,6.1
2021-08-06 20:34:53.858016,962875,0.0,0.0
2021-08-06 20:34:53.858016,962938,0.0,5.6
2021-08-06 20:34:54.014694,1846313,106.7,6.1
2021-08-06 20:34:54.014694,962875,0.0,0.0
2021-08-06 20:34:54.014694,962938,0.0,5.6
2021-08-06 20:34:54.172369,1846313,86.7,6.1
2021-08-06 20:34:54.172369,962875,0.0,0.0
2021-08-06 20:34:54.172369,962938,0.0,5.6
2021-08-06 20:34:54.329526,1846313,113.3,6.1
2021-08-06 20:34:54.329526,962875,0.0,0.0
2021-08-06 20:34:54.329526,962938,0.0,5.6
2021-08-06 20:34:54.486776,1846313,153.3,6.1
2021-08-06 20:34:54.486776,962875,0.0,0.0
2021-08-06 20:34:54.486776,962938,0.0,5.6
2021-08-06 20:34:54.643625,1846313,156.2,6.1
2021-08-06 20:34:54.643625,962875,0.0,0.0
2021-08-06 20:34:54.643625,962938,0.0,5.6
2021-08-06 20:34:54.801135,1846313,106.7,6.1
2021-08-06 20:34:54.801135,962875,0.0,0.0
2021-08-06 20:34:54.801135,962938,0.0,5.6
2021-08-06 20:34:54.958368,1846313,6.7,6.1
2021-08-06 20:34:54.958368,962875,0.0,0.0
2021-08-06 20:34:54.958368,962938,0.0,5.6
2021-08-06 20:34:55.116421,1846313,46.7,6.1
2021-08-06 20:34:55.116421,962875,0.0,0.0
2021-08-06 20:34:55.116421,962938,0.0,5.6
2021-08-06 20:34:55.273928,1846313,53.3,6.1
2021-08-06 20:34:55.273928,962875,0.0,0.0
2021-08-06 20:34:55.273928,962938,0.0,5.6
2021-08-06 20:34:55.430748,1846313,86.7,6.1
2021-08-06 20:34:55.430748,962875,0.0,0.0
2021-08-06 20:34:55.430748,962938,0.0,5.6
2021-08-06 20:34:55.587998,1846313,40.0,6.1
2021-08-06 20:34:55.587998,962875,0.0,0.0
2021-08-06 20:34:55.587998,962938,0.0,5.6
2021-08-06 20:34:55.746234,1846313,66.7,6.1
2021-08-06 20:34:55.746234,962875,0.0,0.0
2021-08-06 20:34:55.746234,962938,0.0,5.6
2021-08-06 20:34:55.903103,1846313,73.3,6.1
2021-08-06 20:34:55.903103,962875,0.0,0.0
2021-08-06 20:34:55.903103,962938,0.0,5.6
2021-08-06 20:34:56.059975,1846313,126.7,6.1
2021-08-06 20:34:56.059975,962875,0.0,0.0
2021-08-06 20:34:56.059975,962938,0.0,5.6
2021-08-06 20:34:56.215923,1846313,166.7,6.2
2021-08-06 20:34:56.215923,962875,0.0,0.0
2021-08-06 20:34:56.215923,962938,0.0,5.6
2021-08-06 20:34:56.372733,1846313,153.3,6.2
2021-08-06 20:34:56.372733,962875,0.0,0.0
2021-08-06 20:34:56.372733,962938,0.0,5.6
2021-08-06 20:34:56.529592,1846313,153.3,6.2
2021-08-06 20:34:56.529592,962875,0.0,0.0
2021-08-06 20:34:56.529592,962938,0.0,5.6
2021-08-06 20:34:56.686352,1846313,93.3,6.2
2021-08-06 20:34:56.686352,962875,0.0,0.0
2021-08-06 20:34:56.686352,962938,0.0,5.6
2021-08-06 20:34:56.842735,1846313,60.0,6.2
2021-08-06 20:34:56.842735,962875,0.0,0.0
2021-08-06 20:34:56.842735,962938,0.0,5.6
2021-08-06 20:34:56.999798,1846313,80.0,6.2
2021-08-06 20:34:56.999798,962875,0.0,0.0
2021-08-06 20:34:56.999798,962938,0.0,5.6
2021-08-06 20:34:57.157303,962875,0.0,0.0
2021-08-06 20:34:57.157303,962938,0.0,5.6
2021-08-06 20:34:57.314508,962875,0.0,0.0
2021-08-06 20:34:57.314508,962938,0.0,5.6
2021-08-06 20:34:57.472276,962875,0.0,0.0
2021-08-06 20:34:57.472276,962938,0.0,5.6
2021-08-06 20:34:57.629582,962875,0.0,0.0
2021-08-06 20:34:57.629582,962938,0.0,5.6
2021-08-06 20:34:57.787074,962875,0.0,0.0
2021-08-06 20:34:57.787074,962938,0.0,5.6
2021-08-06 20:34:57.944321,962875,0.0,0.0
2021-08-06 20:34:57.944321,962938,0.0,5.6
2021-08-06 20:34:58.101802,962875,0.0,0.0
2021-08-06 20:34:58.101802,962938,0.0,5.6
2021-08-06 20:34:58.258955,962875,0.0,0.0
2021-08-06 20:34:58.258955,962938,0.0,5.6
2021-08-06 20:34:58.416262,962875,0.0,0.0
2021-08-06 20:34:58.416262,962938,0.0,5.6
2021-08-06 20:34:58.573503,962875,0.0,0.0
2021-08-06 20:34:58.573503,962938,0.0,5.6
2021-08-06 20:34:58.730945,962875,0.0,0.0
2021-08-06 20:34:58.730945,962938,0.0,5.6
2021-08-06 20:34:58.888171,962875,0.0,0.0
2021-08-06 20:34:58.888171,962938,0.0,5.6
2021-08-06 20:34:59.045775,962875,0.0,0.0
2021-08-06 20:34:59.045775,962938,0.0,5.6
2021-08-06 20:34:59.203048,962875,0.0,0.0
2021-08-06 20:34:59.203048,962938,0.0,5.6
2021-08-06 20:34:59.360361,962875,0.0,0.0
2021-08-06 20:34:59.360361,962938,0.0,5.6
2021-08-06 20:34:59.517610,962875,0.0,0.0
2021-08-06 20:34:59.517610,962938,0.0,5.6
2021-08-06 20:34:59.674906,962875,0.0,0.0
2021-08-06 20:34:59.674906,962938,0.0,5.6
2021-08-06 20:34:59.832629,962875,0.0,0.0
2021-08-06 20:34:59.832629,962938,0.0,5.6
2021-08-06 20:34:59.989851,962875,0.0,0.0
2021-08-06 20:34:59.989851,962938,0.0,5.6
2021-08-06 20:35:00.147121,962875,0.0,0.0
2021-08-06 20:35:00.147121,962938,0.0,5.6
2021-08-06 20:35:00.304514,962875,0.0,0.0
2021-08-06 20:35:00.304514,962938,0.0,5.6
2021-08-06 20:35:00.461773,962875,0.0,0.0
2021-08-06 20:35:00.461773,962938,0.0,5.6
2021-08-06 20:35:00.619262,962875,0.0,0.0
2021-08-06 20:35:00.619262,962938,0.0,5.6
2021-08-06 20:35:00.776535,962875,0.0,0.0
2021-08-06 20:35:00.776535,962938,0.0,5.6
2021-08-06 20:35:00.933740,962875,0.0,0.0
2021-08-06 20:35:00.933740,962938,0.0,5.6
2021-08-06 20:35:01.090876,962875,0.0,0.0
2021-08-06 20:35:01.090876,962938,0.0,5.6
2021-08-06 20:35:01.248312,962875,0.0,0.0
2021-08-06 20:35:01.248312,962938,0.0,5.6
2021-08-06 20:35:01.405643,962875,0.0,0.0
2021-08-06 20:35:01.405643,962938,0.0,5.6
2021-08-06 20:35:01.562942,962875,0.0,0.0
2021-08-06 20:35:01.562942,962938,0.0,5.6
2021-08-06 20:35:01.720190,962875,0.0,0.0
2021-08-06 20:35:01.720190,962938,0.0,5.6
2021-08-06 20:35:01.877651,962875,0.0,0.0
2021-08-06 20:35:01.877651,962938,0.0,5.6
2021-08-06 20:35:02.034140,962875,0.0,0.0
2021-08-06 20:35:02.034140,962938,0.0,5.6
